  0.000  0.00000D+00
  0.001  1.12838D-03
  0.002  2.25676D-03
  0.003  3.38513D-03
  0.004  4.51349D-03
  0.005  5.64185D-03
  0.006  6.77019D-03
  0.007  7.89853D-03
  0.008  9.02684D-03
  0.009  1.01551D-02
  0.010  1.12834D-02
  0.011  1.24117D-02
  0.012  1.35399D-02
  0.013  1.46681D-02
  0.014  1.57963D-02
  0.015  1.69244D-02
  0.016  1.80525D-02
  0.017  1.91806D-02
  0.018  2.03086D-02
  0.019  2.14366D-02
  0.020  2.25646D-02
  0.021  2.36925D-02
  0.022  2.48203D-02
  0.023  2.59481D-02
  0.024  2.70759D-02
  0.025  2.82036D-02
  0.026  2.93312D-02
  0.027  3.04588D-02
  0.028  3.15864D-02
  0.029  3.27138D-02
  0.030  3.38412D-02
  0.031  3.49686D-02
  0.032  3.60958D-02
  0.033  3.72230D-02
  0.034  3.83501D-02
  0.035  3.94772D-02
  0.036  4.06041D-02
  0.037  4.17310D-02
  0.038  4.28578D-02
  0.039  4.39845D-02
  0.040  4.51111D-02
  0.041  4.62376D-02
  0.042  4.73641D-02
  0.043  4.84904D-02
  0.044  4.96167D-02
  0.045  5.07428D-02
  0.046  5.18689D-02
  0.047  5.29948D-02
  0.048  5.41206D-02
  0.049  5.52464D-02
  0.050  5.63720D-02
  0.051  5.74975D-02
  0.052  5.86229D-02
  0.053  5.97481D-02
  0.054  6.08733D-02
  0.055  6.19983D-02
  0.056  6.31232D-02
  0.057  6.42480D-02
  0.058  6.53727D-02
  0.059  6.64972D-02
  0.060  6.76216D-02
  0.061  6.87459D-02
  0.062  6.98700D-02
  0.063  7.09940D-02
  0.064  7.21178D-02
  0.065  7.32415D-02
  0.066  7.43650D-02
  0.067  7.54884D-02
  0.068  7.66117D-02
  0.069  7.77348D-02
  0.070  7.88577D-02
  0.071  7.99805D-02
  0.072  8.11031D-02
  0.073  8.22256D-02
  0.074  8.33479D-02
  0.075  8.44700D-02
  0.076  8.55920D-02
  0.077  8.67138D-02
  0.078  8.78354D-02
  0.079  8.89569D-02
  0.080  9.00781D-02
  0.081  9.11992D-02
  0.082  9.23201D-02
  0.083  9.34409D-02
  0.084  9.45614D-02
  0.085  9.56817D-02
  0.086  9.68019D-02
  0.087  9.79219D-02
  0.088  9.90416D-02
  0.089  1.00161D-01
  0.090  1.01281D-01
  0.091  1.02400D-01
  0.092  1.03519D-01
  0.093  1.04638D-01
  0.094  1.05756D-01
  0.095  1.06874D-01
  0.096  1.07993D-01
  0.097  1.09110D-01
  0.098  1.10228D-01
  0.099  1.11346D-01
  0.100  1.12463D-01
  0.101  1.13580D-01
  0.102  1.14697D-01
  0.103  1.15813D-01
  0.104  1.16930D-01
  0.105  1.18046D-01
  0.106  1.19162D-01
  0.107  1.20277D-01
  0.108  1.21393D-01
  0.109  1.22508D-01
  0.110  1.23623D-01
  0.111  1.24738D-01
  0.112  1.25852D-01
  0.113  1.26966D-01
  0.114  1.28080D-01
  0.115  1.29194D-01
  0.116  1.30307D-01
  0.117  1.31420D-01
  0.118  1.32533D-01
  0.119  1.33646D-01
  0.120  1.34758D-01
  0.121  1.35870D-01
  0.122  1.36982D-01
  0.123  1.38094D-01
  0.124  1.39205D-01
  0.125  1.40316D-01
  0.126  1.41427D-01
  0.127  1.42537D-01
  0.128  1.43648D-01
  0.129  1.44758D-01
  0.130  1.45867D-01
  0.131  1.46976D-01
  0.132  1.48085D-01
  0.133  1.49194D-01
  0.134  1.50303D-01
  0.135  1.51411D-01
  0.136  1.52519D-01
  0.137  1.53626D-01
  0.138  1.54733D-01
  0.139  1.55840D-01
  0.140  1.56947D-01
  0.141  1.58053D-01
  0.142  1.59159D-01
  0.143  1.60265D-01
  0.144  1.61370D-01
  0.145  1.62476D-01
  0.146  1.63580D-01
  0.147  1.64685D-01
  0.148  1.65789D-01
  0.149  1.66893D-01
  0.150  1.67996D-01
  0.151  1.69099D-01
  0.152  1.70202D-01
  0.153  1.71304D-01
  0.154  1.72406D-01
  0.155  1.73508D-01
  0.156  1.74610D-01
  0.157  1.75711D-01
  0.158  1.76811D-01
  0.159  1.77912D-01
  0.160  1.79012D-01
  0.161  1.80111D-01
  0.162  1.81211D-01
  0.163  1.82310D-01
  0.164  1.83408D-01
  0.165  1.84507D-01
  0.166  1.85605D-01
  0.167  1.86702D-01
  0.168  1.87799D-01
  0.169  1.88896D-01
  0.170  1.89992D-01
  0.171  1.91089D-01
  0.172  1.92184D-01
  0.173  1.93279D-01
  0.174  1.94374D-01
  0.175  1.95469D-01
  0.176  1.96563D-01
  0.177  1.97657D-01
  0.178  1.98750D-01
  0.179  1.99843D-01
  0.180  2.00936D-01
  0.181  2.02028D-01
  0.182  2.03120D-01
  0.183  2.04211D-01
  0.184  2.05302D-01
  0.185  2.06393D-01
  0.186  2.07483D-01
  0.187  2.08573D-01
  0.188  2.09662D-01
  0.189  2.10751D-01
  0.190  2.11840D-01
  0.191  2.12928D-01
  0.192  2.14016D-01
  0.193  2.15103D-01
  0.194  2.16190D-01
  0.195  2.17277D-01
  0.196  2.18363D-01
  0.197  2.19448D-01
  0.198  2.20533D-01
  0.199  2.21618D-01
  0.200  2.22703D-01
  0.201  2.23787D-01
  0.202  2.24870D-01
  0.203  2.25953D-01
  0.204  2.27036D-01
  0.205  2.28118D-01
  0.206  2.29200D-01
  0.207  2.30281D-01
  0.208  2.31362D-01
  0.209  2.32442D-01
  0.210  2.33522D-01
  0.211  2.34601D-01
  0.212  2.35680D-01
  0.213  2.36759D-01
  0.214  2.37837D-01
  0.215  2.38915D-01
  0.216  2.39992D-01
  0.217  2.41069D-01
  0.218  2.42145D-01
  0.219  2.43221D-01
  0.220  2.44296D-01
  0.221  2.45371D-01
  0.222  2.46445D-01
  0.223  2.47519D-01
  0.224  2.48592D-01
  0.225  2.49665D-01
  0.226  2.50738D-01
  0.227  2.51810D-01
  0.228  2.52881D-01
  0.229  2.53952D-01
  0.230  2.55023D-01
  0.231  2.56093D-01
  0.232  2.57162D-01
  0.233  2.58231D-01
  0.234  2.59300D-01
  0.235  2.60368D-01
  0.236  2.61435D-01
  0.237  2.62502D-01
  0.238  2.63569D-01
  0.239  2.64635D-01
  0.240  2.65700D-01
  0.241  2.66765D-01
  0.242  2.67829D-01
  0.243  2.68893D-01
  0.244  2.69957D-01
  0.245  2.71020D-01
  0.246  2.72082D-01
  0.247  2.73144D-01
  0.248  2.74205D-01
  0.249  2.75266D-01
  0.250  2.76326D-01
  0.251  2.77386D-01
  0.252  2.78445D-01
  0.253  2.79504D-01
  0.254  2.80562D-01
  0.255  2.81620D-01
  0.256  2.82677D-01
  0.257  2.83733D-01
  0.258  2.84789D-01
  0.259  2.85845D-01
  0.260  2.86900D-01
  0.261  2.87954D-01
  0.262  2.89008D-01
  0.263  2.90061D-01
  0.264  2.91114D-01
  0.265  2.92166D-01
  0.266  2.93218D-01
  0.267  2.94269D-01
  0.268  2.95319D-01
  0.269  2.96369D-01
  0.270  2.97418D-01
  0.271  2.98467D-01
  0.272  2.99515D-01
  0.273  3.00563D-01
  0.274  3.01610D-01
  0.275  3.02656D-01
  0.276  3.03702D-01
  0.277  3.04748D-01
  0.278  3.05792D-01
  0.279  3.06836D-01
  0.280  3.07880D-01
  0.281  3.08923D-01
  0.282  3.09965D-01
  0.283  3.11007D-01
  0.284  3.12049D-01
  0.285  3.13089D-01
  0.286  3.14129D-01
  0.287  3.15169D-01
  0.288  3.16208D-01
  0.289  3.17246D-01
  0.290  3.18283D-01
  0.291  3.19321D-01
  0.292  3.20357D-01
  0.293  3.21393D-01
  0.294  3.22428D-01
  0.295  3.23463D-01
  0.296  3.24497D-01
  0.297  3.25530D-01
  0.298  3.26563D-01
  0.299  3.27595D-01
  0.300  3.28627D-01
  0.301  3.29658D-01
  0.302  3.30688D-01
  0.303  3.31718D-01
  0.304  3.32747D-01
  0.305  3.33775D-01
  0.306  3.34803D-01
  0.307  3.35830D-01
  0.308  3.36857D-01
  0.309  3.37883D-01
  0.310  3.38908D-01
  0.311  3.39933D-01
  0.312  3.40957D-01
  0.313  3.41980D-01
  0.314  3.43003D-01
  0.315  3.44025D-01
  0.316  3.45047D-01
  0.317  3.46067D-01
  0.318  3.47088D-01
  0.319  3.48107D-01
  0.320  3.49126D-01
  0.321  3.50144D-01
  0.322  3.51162D-01
  0.323  3.52179D-01
  0.324  3.53195D-01
  0.325  3.54211D-01
  0.326  3.55226D-01
  0.327  3.56240D-01
  0.328  3.57253D-01
  0.329  3.58266D-01
  0.330  3.59279D-01
  0.331  3.60290D-01
  0.332  3.61301D-01
  0.333  3.62312D-01
  0.334  3.63321D-01
  0.335  3.64330D-01
  0.336  3.65338D-01
  0.337  3.66346D-01
  0.338  3.67353D-01
  0.339  3.68359D-01
  0.340  3.69365D-01
  0.341  3.70369D-01
  0.342  3.71374D-01
  0.343  3.72377D-01
  0.344  3.73380D-01
  0.345  3.74382D-01
  0.346  3.75383D-01
  0.347  3.76384D-01
  0.348  3.77384D-01
  0.349  3.78383D-01
  0.350  3.79382D-01
  0.351  3.80380D-01
  0.352  3.81377D-01
  0.353  3.82374D-01
  0.354  3.83370D-01
  0.355  3.84365D-01
  0.356  3.85359D-01
  0.357  3.86353D-01
  0.358  3.87346D-01
  0.359  3.88338D-01
  0.360  3.89330D-01
  0.361  3.90321D-01
  0.362  3.91311D-01
  0.363  3.92300D-01
  0.364  3.93289D-01
  0.365  3.94277D-01
  0.366  3.95264D-01
  0.367  3.96251D-01
  0.368  3.97237D-01
  0.369  3.98222D-01
  0.370  3.99206D-01
  0.371  4.00190D-01
  0.372  4.01173D-01
  0.373  4.02155D-01
  0.374  4.03136D-01
  0.375  4.04117D-01
  0.376  4.05097D-01
  0.377  4.06076D-01
  0.378  4.07055D-01
  0.379  4.08032D-01
  0.380  4.09009D-01
  0.381  4.09986D-01
  0.382  4.10961D-01
  0.383  4.11936D-01
  0.384  4.12910D-01
  0.385  4.13883D-01
  0.386  4.14856D-01
  0.387  4.15828D-01
  0.388  4.16799D-01
  0.389  4.17769D-01
  0.390  4.18739D-01
  0.391  4.19707D-01
  0.392  4.20676D-01
  0.393  4.21643D-01
  0.394  4.22609D-01
  0.395  4.23575D-01
  0.396  4.24540D-01
  0.397  4.25504D-01
  0.398  4.26468D-01
  0.399  4.27430D-01
  0.400  4.28392D-01
  0.401  4.29354D-01
  0.402  4.30314D-01
  0.403  4.31274D-01
  0.404  4.32232D-01
  0.405  4.33190D-01
  0.406  4.34148D-01
  0.407  4.35104D-01
  0.408  4.36060D-01
  0.409  4.37015D-01
  0.410  4.37969D-01
  0.411  4.38922D-01
  0.412  4.39875D-01
  0.413  4.40827D-01
  0.414  4.41778D-01
  0.415  4.42728D-01
  0.416  4.43678D-01
  0.417  4.44626D-01
  0.418  4.45574D-01
  0.419  4.46521D-01
  0.420  4.47468D-01
  0.421  4.48413D-01
  0.422  4.49358D-01
  0.423  4.50302D-01
  0.424  4.51245D-01
  0.425  4.52187D-01
  0.426  4.53129D-01
  0.427  4.54069D-01
  0.428  4.55009D-01
  0.429  4.55948D-01
  0.430  4.56887D-01
  0.431  4.57824D-01
  0.432  4.58761D-01
  0.433  4.59697D-01
  0.434  4.60632D-01
  0.435  4.61566D-01
  0.436  4.62500D-01
  0.437  4.63432D-01
  0.438  4.64364D-01
  0.439  4.65295D-01
  0.440  4.66225D-01
  0.441  4.67154D-01
  0.442  4.68083D-01
  0.443  4.69011D-01
  0.444  4.69938D-01
  0.445  4.70864D-01
  0.446  4.71789D-01
  0.447  4.72713D-01
  0.448  4.73637D-01
  0.449  4.74560D-01
  0.450  4.75482D-01
  0.451  4.76403D-01
  0.452  4.77323D-01
  0.453  4.78243D-01
  0.454  4.79161D-01
  0.455  4.80079D-01
  0.456  4.80996D-01
  0.457  4.81912D-01
  0.458  4.82827D-01
  0.459  4.83742D-01
  0.460  4.84655D-01
  0.461  4.85568D-01
  0.462  4.86480D-01
  0.463  4.87391D-01
  0.464  4.88301D-01
  0.465  4.89211D-01
  0.466  4.90119D-01
  0.467  4.91027D-01
  0.468  4.91934D-01
  0.469  4.92840D-01
  0.470  4.93745D-01
  0.471  4.94649D-01
  0.472  4.95553D-01
  0.473  4.96455D-01
  0.474  4.97357D-01
  0.475  4.98258D-01
  0.476  4.99158D-01
  0.477  5.00057D-01
  0.478  5.00956D-01
  0.479  5.01853D-01
  0.480  5.02750D-01
  0.481  5.03645D-01
  0.482  5.04540D-01
  0.483  5.05434D-01
  0.484  5.06327D-01
  0.485  5.07220D-01
  0.486  5.08111D-01
  0.487  5.09002D-01
  0.488  5.09891D-01
  0.489  5.10780D-01
  0.490  5.11668D-01
  0.491  5.12555D-01
  0.492  5.13442D-01
  0.493  5.14327D-01
  0.494  5.15211D-01
  0.495  5.16095D-01
  0.496  5.16978D-01
  0.497  5.17860D-01
  0.498  5.18741D-01
  0.499  5.19621D-01
  0.500  5.20500D-01
  0.501  5.21378D-01
  0.502  5.22256D-01
  0.503  5.23132D-01
  0.504  5.24008D-01
  0.505  5.24883D-01
  0.506  5.25757D-01
  0.507  5.26630D-01
  0.508  5.27502D-01
  0.509  5.28373D-01
  0.510  5.29244D-01
  0.511  5.30113D-01
  0.512  5.30982D-01
  0.513  5.31849D-01
  0.514  5.32716D-01
  0.515  5.33582D-01
  0.516  5.34447D-01
  0.517  5.35311D-01
  0.518  5.36175D-01
  0.519  5.37037D-01
  0.520  5.37899D-01
  0.521  5.38759D-01
  0.522  5.39619D-01
  0.523  5.40478D-01
  0.524  5.41336D-01
  0.525  5.42193D-01
  0.526  5.43049D-01
  0.527  5.43904D-01
  0.528  5.44758D-01
  0.529  5.45612D-01
  0.530  5.46464D-01
  0.531  5.47316D-01
  0.532  5.48166D-01
  0.533  5.49016D-01
  0.534  5.49865D-01
  0.535  5.50713D-01
  0.536  5.51560D-01
  0.537  5.52406D-01
  0.538  5.53251D-01
  0.539  5.54096D-01
  0.540  5.54939D-01
  0.541  5.55782D-01
  0.542  5.56623D-01
  0.543  5.57464D-01
  0.544  5.58304D-01
  0.545  5.59143D-01
  0.546  5.59981D-01
  0.547  5.60818D-01
  0.548  5.61654D-01
  0.549  5.62489D-01
  0.550  5.63323D-01
  0.551  5.64157D-01
  0.552  5.64989D-01
  0.553  5.65821D-01
  0.554  5.66651D-01
  0.555  5.67481D-01
  0.556  5.68310D-01
  0.557  5.69138D-01
  0.558  5.69965D-01
  0.559  5.70791D-01
  0.560  5.71616D-01
  0.561  5.72440D-01
  0.562  5.73263D-01
  0.563  5.74086D-01
  0.564  5.74907D-01
  0.565  5.75727D-01
  0.566  5.76547D-01
  0.567  5.77366D-01
  0.568  5.78183D-01
  0.569  5.79000D-01
  0.570  5.79816D-01
  0.571  5.80631D-01
  0.572  5.81445D-01
  0.573  5.82258D-01
  0.574  5.83070D-01
  0.575  5.83881D-01
  0.576  5.84691D-01
  0.577  5.85501D-01
  0.578  5.86309D-01
  0.579  5.87116D-01
  0.580  5.87923D-01
  0.581  5.88728D-01
  0.582  5.89533D-01
  0.583  5.90337D-01
  0.584  5.91140D-01
  0.585  5.91941D-01
  0.586  5.92742D-01
  0.587  5.93542D-01
  0.588  5.94341D-01
  0.589  5.95139D-01
  0.590  5.95936D-01
  0.591  5.96733D-01
  0.592  5.97528D-01
  0.593  5.98322D-01
  0.594  5.99116D-01
  0.595  5.99908D-01
  0.596  6.00700D-01
  0.597  6.01490D-01
  0.598  6.02280D-01
  0.599  6.03068D-01
  0.600  6.03856D-01
  0.601  6.04643D-01
  0.602  6.05429D-01
  0.603  6.06214D-01
  0.604  6.06998D-01
  0.605  6.07780D-01
  0.606  6.08563D-01
  0.607  6.09344D-01
  0.608  6.10124D-01
  0.609  6.10903D-01
  0.610  6.11681D-01
  0.611  6.12459D-01
  0.612  6.13235D-01
  0.613  6.14010D-01
  0.614  6.14785D-01
  0.615  6.15558D-01
  0.616  6.16331D-01
  0.617  6.17102D-01
  0.618  6.17873D-01
  0.619  6.18643D-01
  0.620  6.19411D-01
  0.621  6.20179D-01
  0.622  6.20946D-01
  0.623  6.21712D-01
  0.624  6.22477D-01
  0.625  6.23241D-01
  0.626  6.24004D-01
  0.627  6.24766D-01
  0.628  6.25527D-01
  0.629  6.26287D-01
  0.630  6.27046D-01
  0.631  6.27805D-01
  0.632  6.28562D-01
  0.633  6.29318D-01
  0.634  6.30074D-01
  0.635  6.30828D-01
  0.636  6.31582D-01
  0.637  6.32334D-01
  0.638  6.33086D-01
  0.639  6.33836D-01
  0.640  6.34586D-01
  0.641  6.35334D-01
  0.642  6.36082D-01
  0.643  6.36829D-01
  0.644  6.37575D-01
  0.645  6.38320D-01
  0.646  6.39063D-01
  0.647  6.39806D-01
  0.648  6.40548D-01
  0.649  6.41289D-01
  0.650  6.42029D-01
  0.651  6.42768D-01
  0.652  6.43506D-01
  0.653  6.44244D-01
  0.654  6.44980D-01
  0.655  6.45715D-01
  0.656  6.46449D-01
  0.657  6.47183D-01
  0.658  6.47915D-01
  0.659  6.48646D-01
  0.660  6.49377D-01
  0.661  6.50106D-01
  0.662  6.50835D-01
  0.663  6.51562D-01
  0.664  6.52289D-01
  0.665  6.53014D-01
  0.666  6.53739D-01
  0.667  6.54463D-01
  0.668  6.55185D-01
  0.669  6.55907D-01
  0.670  6.56628D-01
  0.671  6.57347D-01
  0.672  6.58066D-01
  0.673  6.58784D-01
  0.674  6.59501D-01
  0.675  6.60217D-01
  0.676  6.60932D-01
  0.677  6.61646D-01
  0.678  6.62359D-01
  0.679  6.63071D-01
  0.680  6.63782D-01
  0.681  6.64492D-01
  0.682  6.65202D-01
  0.683  6.65910D-01
  0.684  6.66617D-01
  0.685  6.67323D-01
  0.686  6.68029D-01
  0.687  6.68733D-01
  0.688  6.69436D-01
  0.689  6.70139D-01
  0.690  6.70840D-01
  0.691  6.71541D-01
  0.692  6.72240D-01
  0.693  6.72939D-01
  0.694  6.73636D-01
  0.695  6.74333D-01
  0.696  6.75028D-01
  0.697  6.75723D-01
  0.698  6.76417D-01
  0.699  6.77109D-01
  0.700  6.77801D-01
  0.701  6.78492D-01
  0.702  6.79182D-01
  0.703  6.79871D-01
  0.704  6.80559D-01
  0.705  6.81245D-01
  0.706  6.81931D-01
  0.707  6.82616D-01
  0.708  6.83300D-01
  0.709  6.83983D-01
  0.710  6.84666D-01
  0.711  6.85347D-01
  0.712  6.86027D-01
  0.713  6.86706D-01
  0.714  6.87384D-01
  0.715  6.88061D-01
  0.716  6.88738D-01
  0.717  6.89413D-01
  0.718  6.90087D-01
  0.719  6.90761D-01
  0.720  6.91433D-01
  0.721  6.92105D-01
  0.722  6.92775D-01
  0.723  6.93445D-01
  0.724  6.94113D-01
  0.725  6.94781D-01
  0.726  6.95447D-01
  0.727  6.96113D-01
  0.728  6.96778D-01
  0.729  6.97441D-01
  0.730  6.98104D-01
  0.731  6.98766D-01
  0.732  6.99427D-01
  0.733  7.00086D-01
  0.734  7.00745D-01
  0.735  7.01403D-01
  0.736  7.02060D-01
  0.737  7.02716D-01
  0.738  7.03371D-01
  0.739  7.04025D-01
  0.740  7.04678D-01
  0.741  7.05330D-01
  0.742  7.05981D-01
  0.743  7.06631D-01
  0.744  7.07281D-01
  0.745  7.07929D-01
  0.746  7.08576D-01
  0.747  7.09222D-01
  0.748  7.09868D-01
  0.749  7.10512D-01
  0.750  7.11156D-01
  0.751  7.11798D-01
  0.752  7.12440D-01
  0.753  7.13080D-01
  0.754  7.13720D-01
  0.755  7.14358D-01
  0.756  7.14996D-01
  0.757  7.15633D-01
  0.758  7.16268D-01
  0.759  7.16903D-01
  0.760  7.17537D-01
  0.761  7.18170D-01
  0.762  7.18801D-01
  0.763  7.19432D-01
  0.764  7.20062D-01
  0.765  7.20691D-01
  0.766  7.21319D-01
  0.767  7.21946D-01
  0.768  7.22572D-01
  0.769  7.23197D-01
  0.770  7.23822D-01
  0.771  7.24445D-01
  0.772  7.25067D-01
  0.773  7.25688D-01
  0.774  7.26309D-01
  0.775  7.26928D-01
  0.776  7.27546D-01
  0.777  7.28164D-01
  0.778  7.28780D-01
  0.779  7.29396D-01
  0.780  7.30010D-01
  0.781  7.30624D-01
  0.782  7.31237D-01
  0.783  7.31848D-01
  0.784  7.32459D-01
  0.785  7.33069D-01
  0.786  7.33678D-01
  0.787  7.34286D-01
  0.788  7.34892D-01
  0.789  7.35498D-01
  0.790  7.36103D-01
  0.791  7.36707D-01
  0.792  7.37311D-01
  0.793  7.37913D-01
  0.794  7.38514D-01
  0.795  7.39114D-01
  0.796  7.39713D-01
  0.797  7.40312D-01
  0.798  7.40909D-01
  0.799  7.41506D-01
  0.800  7.42101D-01
  0.801  7.42695D-01
  0.802  7.43289D-01
  0.803  7.43882D-01
  0.804  7.44473D-01
  0.805  7.45064D-01
  0.806  7.45654D-01
  0.807  7.46243D-01
  0.808  7.46830D-01
  0.809  7.47417D-01
  0.810  7.48003D-01
  0.811  7.48588D-01
  0.812  7.49172D-01
  0.813  7.49755D-01
  0.814  7.50338D-01
  0.815  7.50919D-01
  0.816  7.51499D-01
  0.817  7.52078D-01
  0.818  7.52657D-01
  0.819  7.53234D-01
  0.820  7.53811D-01
  0.821  7.54386D-01
  0.822  7.54961D-01
  0.823  7.55535D-01
  0.824  7.56107D-01
  0.825  7.56679D-01
  0.826  7.57250D-01
  0.827  7.57820D-01
  0.828  7.58389D-01
  0.829  7.58957D-01
  0.830  7.59524D-01
  0.831  7.60090D-01
  0.832  7.60655D-01
  0.833  7.61219D-01
  0.834  7.61783D-01
  0.835  7.62345D-01
  0.836  7.62906D-01
  0.837  7.63467D-01
  0.838  7.64026D-01
  0.839  7.64585D-01
  0.840  7.65143D-01
  0.841  7.65699D-01
  0.842  7.66255D-01
  0.843  7.66810D-01
  0.844  7.67364D-01
  0.845  7.67917D-01
  0.846  7.68469D-01
  0.847  7.69020D-01
  0.848  7.69570D-01
  0.849  7.70120D-01
  0.850  7.70668D-01
  0.851  7.71215D-01
  0.852  7.71762D-01
  0.853  7.72307D-01
  0.854  7.72852D-01
  0.855  7.73396D-01
  0.856  7.73939D-01
  0.857  7.74480D-01
  0.858  7.75021D-01
  0.859  7.75561D-01
  0.860  7.76100D-01
  0.861  7.76638D-01
  0.862  7.77176D-01
  0.863  7.77712D-01
  0.864  7.78247D-01
  0.865  7.78782D-01
  0.866  7.79315D-01
  0.867  7.79848D-01
  0.868  7.80379D-01
  0.869  7.80910D-01
  0.870  7.81440D-01
  0.871  7.81969D-01
  0.872  7.82497D-01
  0.873  7.83024D-01
  0.874  7.83550D-01
  0.875  7.84075D-01
  0.876  7.84599D-01
  0.877  7.85123D-01
  0.878  7.85645D-01
  0.879  7.86167D-01
  0.880  7.86687D-01
  0.881  7.87207D-01
  0.882  7.87726D-01
  0.883  7.88244D-01
  0.884  7.88761D-01
  0.885  7.89277D-01
  0.886  7.89792D-01
  0.887  7.90306D-01
  0.888  7.90819D-01
  0.889  7.91332D-01
  0.890  7.91843D-01
  0.891  7.92354D-01
  0.892  7.92863D-01
  0.893  7.93372D-01
  0.894  7.93880D-01
  0.895  7.94387D-01
  0.896  7.94893D-01
  0.897  7.95398D-01
  0.898  7.95902D-01
  0.899  7.96406D-01
  0.900  7.96908D-01
  0.901  7.97410D-01
  0.902  7.97910D-01
  0.903  7.98410D-01
  0.904  7.98909D-01
  0.905  7.99407D-01
  0.906  7.99904D-01
  0.907  8.00400D-01
  0.908  8.00895D-01
  0.909  8.01389D-01
  0.910  8.01883D-01
  0.911  8.02375D-01
  0.912  8.02867D-01
  0.913  8.03358D-01
  0.914  8.03848D-01
  0.915  8.04336D-01
  0.916  8.04824D-01
  0.917  8.05312D-01
  0.918  8.05798D-01
  0.919  8.06283D-01
  0.920  8.06768D-01
  0.921  8.07251D-01
  0.922  8.07734D-01
  0.923  8.08216D-01
  0.924  8.08697D-01
  0.925  8.09177D-01
  0.926  8.09656D-01
  0.927  8.10134D-01
  0.928  8.10611D-01
  0.929  8.11088D-01
  0.930  8.11564D-01
  0.931  8.12038D-01
  0.932  8.12512D-01
  0.933  8.12985D-01
  0.934  8.13457D-01
  0.935  8.13928D-01
  0.936  8.14399D-01
  0.937  8.14868D-01
  0.938  8.15337D-01
  0.939  8.15804D-01
  0.940  8.16271D-01
  0.941  8.16737D-01
  0.942  8.17202D-01
  0.943  8.17666D-01
  0.944  8.18129D-01
  0.945  8.18592D-01
  0.946  8.19053D-01
  0.947  8.19514D-01
  0.948  8.19974D-01
  0.949  8.20433D-01
  0.950  8.20891D-01
  0.951  8.21348D-01
  0.952  8.21804D-01
  0.953  8.22260D-01
  0.954  8.22714D-01
  0.955  8.23168D-01
  0.956  8.23621D-01
  0.957  8.24073D-01
  0.958  8.24524D-01
  0.959  8.24974D-01
  0.960  8.25424D-01
  0.961  8.25872D-01
  0.962  8.26320D-01
  0.963  8.26767D-01
  0.964  8.27213D-01
  0.965  8.27658D-01
  0.966  8.28102D-01
  0.967  8.28545D-01
  0.968  8.28988D-01
  0.969  8.29429D-01
  0.970  8.29870D-01
  0.971  8.30310D-01
  0.972  8.30749D-01
  0.973  8.31188D-01
  0.974  8.31625D-01
  0.975  8.32062D-01
  0.976  8.32497D-01
  0.977  8.32932D-01
  0.978  8.33366D-01
  0.979  8.33799D-01
  0.980  8.34232D-01
  0.981  8.34663D-01
  0.982  8.35094D-01
  0.983  8.35523D-01
  0.984  8.35952D-01
  0.985  8.36380D-01
  0.986  8.36808D-01
  0.987  8.37234D-01
  0.988  8.37659D-01
  0.989  8.38084D-01
  0.990  8.38508D-01
  0.991  8.38931D-01
  0.992  8.39353D-01
  0.993  8.39775D-01
  0.994  8.40195D-01
  0.995  8.40615D-01
  0.996  8.41034D-01
  0.997  8.41452D-01
  0.998  8.41869D-01
  0.999  8.42285D-01
  1.000  8.42701D-01
  1.001  8.43115D-01
  1.002  8.43529D-01
  1.003  8.43942D-01
  1.004  8.44355D-01
  1.005  8.44766D-01
  1.006  8.45177D-01
  1.007  8.45586D-01
  1.008  8.45995D-01
  1.009  8.46403D-01
  1.010  8.46810D-01
  1.011  8.47217D-01
  1.012  8.47623D-01
  1.013  8.48027D-01
  1.014  8.48431D-01
  1.015  8.48834D-01
  1.016  8.49237D-01
  1.017  8.49638D-01
  1.018  8.50039D-01
  1.019  8.50439D-01
  1.020  8.50838D-01
  1.021  8.51236D-01
  1.022  8.51634D-01
  1.023  8.52030D-01
  1.024  8.52426D-01
  1.025  8.52821D-01
  1.026  8.53215D-01
  1.027  8.53609D-01
  1.028  8.54001D-01
  1.029  8.54393D-01
  1.030  8.54784D-01
  1.031  8.55174D-01
  1.032  8.55564D-01
  1.033  8.55952D-01
  1.034  8.56340D-01
  1.035  8.56727D-01
  1.036  8.57113D-01
  1.037  8.57499D-01
  1.038  8.57883D-01
  1.039  8.58267D-01
  1.040  8.58650D-01
  1.041  8.59032D-01
  1.042  8.59414D-01
  1.043  8.59794D-01
  1.044  8.60174D-01
  1.045  8.60553D-01
  1.046  8.60931D-01
  1.047  8.61309D-01
  1.048  8.61685D-01
  1.049  8.62061D-01
  1.050  8.62436D-01
  1.051  8.62810D-01
  1.052  8.63184D-01
  1.053  8.63557D-01
  1.054  8.63928D-01
  1.055  8.64300D-01
  1.056  8.64670D-01
  1.057  8.65040D-01
  1.058  8.65408D-01
  1.059  8.65776D-01
  1.060  8.66144D-01
  1.061  8.66510D-01
  1.062  8.66876D-01
  1.063  8.67241D-01
  1.064  8.67605D-01
  1.065  8.67968D-01
  1.066  8.68331D-01
  1.067  8.68692D-01
  1.068  8.69054D-01
  1.069  8.69414D-01
  1.070  8.69773D-01
  1.071  8.70132D-01
  1.072  8.70490D-01
  1.073  8.70847D-01
  1.074  8.71204D-01
  1.075  8.71559D-01
  1.076  8.71914D-01
  1.077  8.72268D-01
  1.078  8.72622D-01
  1.079  8.72974D-01
  1.080  8.73326D-01
  1.081  8.73677D-01
  1.082  8.74028D-01
  1.083  8.74377D-01
  1.084  8.74726D-01
  1.085  8.75074D-01
  1.086  8.75421D-01
  1.087  8.75768D-01
  1.088  8.76114D-01
  1.089  8.76459D-01
  1.090  8.76803D-01
  1.091  8.77147D-01
  1.092  8.77489D-01
  1.093  8.77832D-01
  1.094  8.78173D-01
  1.095  8.78513D-01
  1.096  8.78853D-01
  1.097  8.79192D-01
  1.098  8.79531D-01
  1.099  8.79868D-01
  1.100  8.80205D-01
  1.101  8.80541D-01
  1.102  8.80877D-01
  1.103  8.81211D-01
  1.104  8.81545D-01
  1.105  8.81878D-01
  1.106  8.82211D-01
  1.107  8.82542D-01
  1.108  8.82873D-01
  1.109  8.83204D-01
  1.110  8.83533D-01
  1.111  8.83862D-01
  1.112  8.84190D-01
  1.113  8.84517D-01
  1.114  8.84844D-01
  1.115  8.85170D-01
  1.116  8.85495D-01
  1.117  8.85819D-01
  1.118  8.86143D-01
  1.119  8.86466D-01
  1.120  8.86788D-01
  1.121  8.87109D-01
  1.122  8.87430D-01
  1.123  8.87750D-01
  1.124  8.88070D-01
  1.125  8.88388D-01
  1.126  8.88706D-01
  1.127  8.89023D-01
  1.128  8.89340D-01
  1.129  8.89656D-01
  1.130  8.89971D-01
  1.131  8.90285D-01
  1.132  8.90599D-01
  1.133  8.90912D-01
  1.134  8.91224D-01
  1.135  8.91535D-01
  1.136  8.91846D-01
  1.137  8.92156D-01
  1.138  8.92466D-01
  1.139  8.92774D-01
  1.140  8.93082D-01
  1.141  8.93390D-01
  1.142  8.93696D-01
  1.143  8.94002D-01
  1.144  8.94307D-01
  1.145  8.94612D-01
  1.146  8.94916D-01
  1.147  8.95219D-01
  1.148  8.95521D-01
  1.149  8.95823D-01
  1.150  8.96124D-01
  1.151  8.96424D-01
  1.152  8.96724D-01
  1.153  8.97023D-01
  1.154  8.97321D-01
  1.155  8.97619D-01
  1.156  8.97915D-01
  1.157  8.98212D-01
  1.158  8.98507D-01
  1.159  8.98802D-01
  1.160  8.99096D-01
  1.161  8.99390D-01
  1.162  8.99682D-01
  1.163  8.99975D-01
  1.164  9.00266D-01
  1.165  9.00557D-01
  1.166  9.00847D-01
  1.167  9.01136D-01
  1.168  9.01425D-01
  1.169  9.01713D-01
  1.170  9.02000D-01
  1.171  9.02287D-01
  1.172  9.02573D-01
  1.173  9.02859D-01
  1.174  9.03143D-01
  1.175  9.03427D-01
  1.176  9.03711D-01
  1.177  9.03993D-01
  1.178  9.04275D-01
  1.179  9.04557D-01
  1.180  9.04837D-01
  1.181  9.05117D-01
  1.182  9.05397D-01
  1.183  9.05676D-01
  1.184  9.05954D-01
  1.185  9.06231D-01
  1.186  9.06508D-01
  1.187  9.06784D-01
  1.188  9.07059D-01
  1.189  9.07334D-01
  1.190  9.07608D-01
  1.191  9.07882D-01
  1.192  9.08155D-01
  1.193  9.08427D-01
  1.194  9.08698D-01
  1.195  9.08969D-01
  1.196  9.09239D-01
  1.197  9.09509D-01
  1.198  9.09778D-01
  1.199  9.10046D-01
  1.200  9.10314D-01
  1.201  9.10581D-01
  1.202  9.10847D-01
  1.203  9.11113D-01
  1.204  9.11378D-01
  1.205  9.11643D-01
  1.206  9.11907D-01
  1.207  9.12170D-01
  1.208  9.12432D-01
  1.209  9.12694D-01
  1.210  9.12956D-01
  1.211  9.13216D-01
  1.212  9.13476D-01
  1.213  9.13736D-01
  1.214  9.13994D-01
  1.215  9.14253D-01
  1.216  9.14510D-01
  1.217  9.14767D-01
  1.218  9.15023D-01
  1.219  9.15279D-01
  1.220  9.15534D-01
  1.221  9.15788D-01
  1.222  9.16042D-01
  1.223  9.16295D-01
  1.224  9.16548D-01
  1.225  9.16800D-01
  1.226  9.17051D-01
  1.227  9.17302D-01
  1.228  9.17552D-01
  1.229  9.17801D-01
  1.230  9.18050D-01
  1.231  9.18298D-01
  1.232  9.18546D-01
  1.233  9.18793D-01
  1.234  9.19039D-01
  1.235  9.19285D-01
  1.236  9.19530D-01
  1.237  9.19775D-01
  1.238  9.20019D-01
  1.239  9.20262D-01
  1.240  9.20505D-01
  1.241  9.20747D-01
  1.242  9.20989D-01
  1.243  9.21230D-01
  1.244  9.21470D-01
  1.245  9.21710D-01
  1.246  9.21949D-01
  1.247  9.22188D-01
  1.248  9.22426D-01
  1.249  9.22663D-01
  1.250  9.22900D-01
  1.251  9.23136D-01
  1.252  9.23372D-01
  1.253  9.23607D-01
  1.254  9.23841D-01
  1.255  9.24075D-01
  1.256  9.24309D-01
  1.257  9.24541D-01
  1.258  9.24773D-01
  1.259  9.25005D-01
  1.260  9.25236D-01
  1.261  9.25466D-01
  1.262  9.25696D-01
  1.263  9.25925D-01
  1.264  9.26154D-01
  1.265  9.26382D-01
  1.266  9.26609D-01
  1.267  9.26836D-01
  1.268  9.27063D-01
  1.269  9.27288D-01
  1.270  9.27514D-01
  1.271  9.27738D-01
  1.272  9.27962D-01
  1.273  9.28186D-01
  1.274  9.28409D-01
  1.275  9.28631D-01
  1.276  9.28853D-01
  1.277  9.29074D-01
  1.278  9.29295D-01
  1.279  9.29515D-01
  1.280  9.29734D-01
  1.281  9.29953D-01
  1.282  9.30172D-01
  1.283  9.30389D-01
  1.284  9.30607D-01
  1.285  9.30823D-01
  1.286  9.31040D-01
  1.287  9.31255D-01
  1.288  9.31470D-01
  1.289  9.31685D-01
  1.290  9.31899D-01
  1.291  9.32112D-01
  1.292  9.32325D-01
  1.293  9.32537D-01
  1.294  9.32749D-01
  1.295  9.32960D-01
  1.296  9.33171D-01
  1.297  9.33381D-01
  1.298  9.33590D-01
  1.299  9.33799D-01
  1.300  9.34008D-01
  1.301  9.34216D-01
  1.302  9.34423D-01
  1.303  9.34630D-01
  1.304  9.34836D-01
  1.305  9.35042D-01
  1.306  9.35247D-01
  1.307  9.35452D-01
  1.308  9.35656D-01
  1.309  9.35860D-01
  1.310  9.36063D-01
  1.311  9.36266D-01
  1.312  9.36468D-01
  1.313  9.36669D-01
  1.314  9.36870D-01
  1.315  9.37071D-01
  1.316  9.37271D-01
  1.317  9.37470D-01
  1.318  9.37669D-01
  1.319  9.37867D-01
  1.320  9.38065D-01
  1.321  9.38262D-01
  1.322  9.38459D-01
  1.323  9.38656D-01
  1.324  9.38851D-01
  1.325  9.39047D-01
  1.326  9.39241D-01
  1.327  9.39435D-01
  1.328  9.39629D-01
  1.329  9.39822D-01
  1.330  9.40015D-01
  1.331  9.40207D-01
  1.332  9.40399D-01
  1.333  9.40590D-01
  1.334  9.40781D-01
  1.335  9.40971D-01
  1.336  9.41160D-01
  1.337  9.41349D-01
  1.338  9.41538D-01
  1.339  9.41726D-01
  1.340  9.41914D-01
  1.341  9.42101D-01
  1.342  9.42287D-01
  1.343  9.42473D-01
  1.344  9.42659D-01
  1.345  9.42844D-01
  1.346  9.43029D-01
  1.347  9.43213D-01
  1.348  9.43396D-01
  1.349  9.43580D-01
  1.350  9.43762D-01
  1.351  9.43944D-01
  1.352  9.44126D-01
  1.353  9.44307D-01
  1.354  9.44488D-01
  1.355  9.44668D-01
  1.356  9.44848D-01
  1.357  9.45027D-01
  1.358  9.45205D-01
  1.359  9.45384D-01
  1.360  9.45561D-01
  1.361  9.45739D-01
  1.362  9.45915D-01
  1.363  9.46092D-01
  1.364  9.46268D-01
  1.365  9.46443D-01
  1.366  9.46618D-01
  1.367  9.46792D-01
  1.368  9.46966D-01
  1.369  9.47139D-01
  1.370  9.47312D-01
  1.371  9.47485D-01
  1.372  9.47657D-01
  1.373  9.47828D-01
  1.374  9.47999D-01
  1.375  9.48170D-01
  1.376  9.48340D-01
  1.377  9.48510D-01
  1.378  9.48679D-01
  1.379  9.48848D-01
  1.380  9.49016D-01
  1.381  9.49184D-01
  1.382  9.49351D-01
  1.383  9.49518D-01
  1.384  9.49684D-01
  1.385  9.49850D-01
  1.386  9.50016D-01
  1.387  9.50181D-01
  1.388  9.50346D-01
  1.389  9.50510D-01
  1.390  9.50673D-01
  1.391  9.50837D-01
  1.392  9.50999D-01
  1.393  9.51162D-01
  1.394  9.51323D-01
  1.395  9.51485D-01
  1.396  9.51646D-01
  1.397  9.51806D-01
  1.398  9.51966D-01
  1.399  9.52126D-01
  1.400  9.52285D-01
  1.401  9.52444D-01
  1.402  9.52602D-01
  1.403  9.52760D-01
  1.404  9.52917D-01
  1.405  9.53074D-01
  1.406  9.53231D-01
  1.407  9.53387D-01
  1.408  9.53542D-01
  1.409  9.53698D-01
  1.410  9.53852D-01
  1.411  9.54007D-01
  1.412  9.54161D-01
  1.413  9.54314D-01
  1.414  9.54467D-01
  1.415  9.54620D-01
  1.416  9.54772D-01
  1.417  9.54924D-01
  1.418  9.55075D-01
  1.419  9.55226D-01
  1.420  9.55376D-01
  1.421  9.55526D-01
  1.422  9.55676D-01
  1.423  9.55825D-01
  1.424  9.55974D-01
  1.425  9.56122D-01
  1.426  9.56270D-01
  1.427  9.56417D-01
  1.428  9.56564D-01
  1.429  9.56711D-01
  1.430  9.56857D-01
  1.431  9.57003D-01
  1.432  9.57148D-01
  1.433  9.57293D-01
  1.434  9.57438D-01
  1.435  9.57582D-01
  1.436  9.57726D-01
  1.437  9.57869D-01
  1.438  9.58012D-01
  1.439  9.58154D-01
  1.440  9.58297D-01
  1.441  9.58438D-01
  1.442  9.58580D-01
  1.443  9.58720D-01
  1.444  9.58861D-01
  1.445  9.59001D-01
  1.446  9.59140D-01
  1.447  9.59280D-01
  1.448  9.59419D-01
  1.449  9.59557D-01
  1.450  9.59695D-01
  1.451  9.59833D-01
  1.452  9.59970D-01
  1.453  9.60107D-01
  1.454  9.60243D-01
  1.455  9.60379D-01
  1.456  9.60515D-01
  1.457  9.60650D-01
  1.458  9.60785D-01
  1.459  9.60919D-01
  1.460  9.61054D-01
  1.461  9.61187D-01
  1.462  9.61320D-01
  1.463  9.61453D-01
  1.464  9.61586D-01
  1.465  9.61718D-01
  1.466  9.61850D-01
  1.467  9.61981D-01
  1.468  9.62112D-01
  1.469  9.62243D-01
  1.470  9.62373D-01
  1.471  9.62503D-01
  1.472  9.62632D-01
  1.473  9.62761D-01
  1.474  9.62890D-01
  1.475  9.63018D-01
  1.476  9.63146D-01
  1.477  9.63274D-01
  1.478  9.63401D-01
  1.479  9.63528D-01
  1.480  9.63654D-01
  1.481  9.63780D-01
  1.482  9.63906D-01
  1.483  9.64031D-01
  1.484  9.64156D-01
  1.485  9.64281D-01
  1.486  9.64405D-01
  1.487  9.64529D-01
  1.488  9.64652D-01
  1.489  9.64775D-01
  1.490  9.64898D-01
  1.491  9.65020D-01
  1.492  9.65142D-01
  1.493  9.65264D-01
  1.494  9.65385D-01
  1.495  9.65506D-01
  1.496  9.65627D-01
  1.497  9.65747D-01
  1.498  9.65867D-01
  1.499  9.65986D-01
  1.500  9.66105D-01
  1.501  9.66224D-01
  1.502  9.66342D-01
  1.503  9.66460D-01
  1.504  9.66578D-01
  1.505  9.66695D-01
  1.506  9.66812D-01
  1.507  9.66929D-01
  1.508  9.67045D-01
  1.509  9.67161D-01
  1.510  9.67277D-01
  1.511  9.67392D-01
  1.512  9.67507D-01
  1.513  9.67621D-01
  1.514  9.67736D-01
  1.515  9.67849D-01
  1.516  9.67963D-01
  1.517  9.68076D-01
  1.518  9.68189D-01
  1.519  9.68301D-01
  1.520  9.68413D-01
  1.521  9.68525D-01
  1.522  9.68637D-01
  1.523  9.68748D-01
  1.524  9.68859D-01
  1.525  9.68969D-01
  1.526  9.69079D-01
  1.527  9.69189D-01
  1.528  9.69298D-01
  1.529  9.69407D-01
  1.530  9.69516D-01
  1.531  9.69625D-01
  1.532  9.69733D-01
  1.533  9.69841D-01
  1.534  9.69948D-01
  1.535  9.70055D-01
  1.536  9.70162D-01
  1.537  9.70268D-01
  1.538  9.70374D-01
  1.539  9.70480D-01
  1.540  9.70586D-01
  1.541  9.70691D-01
  1.542  9.70796D-01
  1.543  9.70900D-01
  1.544  9.71004D-01
  1.545  9.71108D-01
  1.546  9.71212D-01
  1.547  9.71315D-01
  1.548  9.71418D-01
  1.549  9.71520D-01
  1.550  9.71623D-01
  1.551  9.71725D-01
  1.552  9.71826D-01
  1.553  9.71928D-01
  1.554  9.72029D-01
  1.555  9.72129D-01
  1.556  9.72230D-01
  1.557  9.72330D-01
  1.558  9.72430D-01
  1.559  9.72529D-01
  1.560  9.72628D-01
  1.561  9.72727D-01
  1.562  9.72825D-01
  1.563  9.72924D-01
  1.564  9.73022D-01
  1.565  9.73119D-01
  1.566  9.73216D-01
  1.567  9.73313D-01
  1.568  9.73410D-01
  1.569  9.73507D-01
  1.570  9.73603D-01
  1.571  9.73698D-01
  1.572  9.73794D-01
  1.573  9.73889D-01
  1.574  9.73984D-01
  1.575  9.74079D-01
  1.576  9.74173D-01
  1.577  9.74267D-01
  1.578  9.74361D-01
  1.579  9.74454D-01
  1.580  9.74547D-01
  1.581  9.74640D-01
  1.582  9.74732D-01
  1.583  9.74825D-01
  1.584  9.74916D-01
  1.585  9.75008D-01
  1.586  9.75099D-01
  1.587  9.75191D-01
  1.588  9.75281D-01
  1.589  9.75372D-01
  1.590  9.75462D-01
  1.591  9.75552D-01
  1.592  9.75642D-01
  1.593  9.75731D-01
  1.594  9.75820D-01
  1.595  9.75909D-01
  1.596  9.75997D-01
  1.597  9.76085D-01
  1.598  9.76173D-01
  1.599  9.76261D-01
  1.600  9.76348D-01
  1.601  9.76435D-01
  1.602  9.76522D-01
  1.603  9.76609D-01
  1.604  9.76695D-01
  1.605  9.76781D-01
  1.606  9.76867D-01
  1.607  9.76952D-01
  1.608  9.77037D-01
  1.609  9.77122D-01
  1.610  9.77207D-01
  1.611  9.77291D-01
  1.612  9.77375D-01
  1.613  9.77459D-01
  1.614  9.77543D-01
  1.615  9.77626D-01
  1.616  9.77709D-01
  1.617  9.77792D-01
  1.618  9.77874D-01
  1.619  9.77956D-01
  1.620  9.78038D-01
  1.621  9.78120D-01
  1.622  9.78201D-01
  1.623  9.78282D-01
  1.624  9.78363D-01
  1.625  9.78444D-01
  1.626  9.78524D-01
  1.627  9.78604D-01
  1.628  9.78684D-01
  1.629  9.78764D-01
  1.630  9.78843D-01
  1.631  9.78922D-01
  1.632  9.79001D-01
  1.633  9.79079D-01
  1.634  9.79157D-01
  1.635  9.79235D-01
  1.636  9.79313D-01
  1.637  9.79391D-01
  1.638  9.79468D-01
  1.639  9.79545D-01
  1.640  9.79622D-01
  1.641  9.79698D-01
  1.642  9.79775D-01
  1.643  9.79851D-01
  1.644  9.79926D-01
  1.645  9.80002D-01
  1.646  9.80077D-01
  1.647  9.80152D-01
  1.648  9.80227D-01
  1.649  9.80301D-01
  1.650  9.80376D-01
  1.651  9.80450D-01
  1.652  9.80523D-01
  1.653  9.80597D-01
  1.654  9.80670D-01
  1.655  9.80743D-01
  1.656  9.80816D-01
  1.657  9.80889D-01
  1.658  9.80961D-01
  1.659  9.81033D-01
  1.660  9.81105D-01
  1.661  9.81177D-01
  1.662  9.81248D-01
  1.663  9.81319D-01
  1.664  9.81390D-01
  1.665  9.81461D-01
  1.666  9.81531D-01
  1.667  9.81601D-01
  1.668  9.81671D-01
  1.669  9.81741D-01
  1.670  9.81810D-01
  1.671  9.81880D-01
  1.672  9.81949D-01
  1.673  9.82018D-01
  1.674  9.82086D-01
  1.675  9.82154D-01
  1.676  9.82223D-01
  1.677  9.82290D-01
  1.678  9.82358D-01
  1.679  9.82426D-01
  1.680  9.82493D-01
  1.681  9.82560D-01
  1.682  9.82627D-01
  1.683  9.82693D-01
  1.684  9.82759D-01
  1.685  9.82825D-01
  1.686  9.82891D-01
  1.687  9.82957D-01
  1.688  9.83022D-01
  1.689  9.83088D-01
  1.690  9.83153D-01
  1.691  9.83217D-01
  1.692  9.83282D-01
  1.693  9.83346D-01
  1.694  9.83410D-01
  1.695  9.83474D-01
  1.696  9.83538D-01
  1.697  9.83601D-01
  1.698  9.83665D-01
  1.699  9.83728D-01
  1.700  9.83790D-01
  1.701  9.83853D-01
  1.702  9.83915D-01
  1.703  9.83978D-01
  1.704  9.84040D-01
  1.705  9.84101D-01
  1.706  9.84163D-01
  1.707  9.84224D-01
  1.708  9.84285D-01
  1.709  9.84346D-01
  1.710  9.84407D-01
  1.711  9.84468D-01
  1.712  9.84528D-01
  1.713  9.84588D-01
  1.714  9.84648D-01
  1.715  9.84707D-01
  1.716  9.84767D-01
  1.717  9.84826D-01
  1.718  9.84885D-01
  1.719  9.84944D-01
  1.720  9.85003D-01
  1.721  9.85061D-01
  1.722  9.85120D-01
  1.723  9.85178D-01
  1.724  9.85235D-01
  1.725  9.85293D-01
  1.726  9.85351D-01
  1.727  9.85408D-01
  1.728  9.85465D-01
  1.729  9.85522D-01
  1.730  9.85578D-01
  1.731  9.85635D-01
  1.732  9.85691D-01
  1.733  9.85747D-01
  1.734  9.85803D-01
  1.735  9.85859D-01
  1.736  9.85914D-01
  1.737  9.85970D-01
  1.738  9.86025D-01
  1.739  9.86080D-01
  1.740  9.86135D-01
  1.741  9.86189D-01
  1.742  9.86244D-01
  1.743  9.86298D-01
  1.744  9.86352D-01
  1.745  9.86405D-01
  1.746  9.86459D-01
  1.747  9.86513D-01
  1.748  9.86566D-01
  1.749  9.86619D-01
  1.750  9.86672D-01
  1.751  9.86724D-01
  1.752  9.86777D-01
  1.753  9.86829D-01
  1.754  9.86881D-01
  1.755  9.86933D-01
  1.756  9.86985D-01
  1.757  9.87037D-01
  1.758  9.87088D-01
  1.759  9.87139D-01
  1.760  9.87190D-01
  1.761  9.87241D-01
  1.762  9.87292D-01
  1.763  9.87342D-01
  1.764  9.87393D-01
  1.765  9.87443D-01
  1.766  9.87493D-01
  1.767  9.87543D-01
  1.768  9.87592D-01
  1.769  9.87642D-01
  1.770  9.87691D-01
  1.771  9.87740D-01
  1.772  9.87789D-01
  1.773  9.87838D-01
  1.774  9.87886D-01
  1.775  9.87935D-01
  1.776  9.87983D-01
  1.777  9.88031D-01
  1.778  9.88079D-01
  1.779  9.88127D-01
  1.780  9.88174D-01
  1.781  9.88222D-01
  1.782  9.88269D-01
  1.783  9.88316D-01
  1.784  9.88363D-01
  1.785  9.88409D-01
  1.786  9.88456D-01
  1.787  9.88502D-01
  1.788  9.88549D-01
  1.789  9.88595D-01
  1.790  9.88641D-01
  1.791  9.88686D-01
  1.792  9.88732D-01
  1.793  9.88777D-01
  1.794  9.88822D-01
  1.795  9.88868D-01
  1.796  9.88912D-01
  1.797  9.88957D-01
  1.798  9.89002D-01
  1.799  9.89046D-01
  1.800  9.89091D-01
  1.801  9.89135D-01
  1.802  9.89179D-01
  1.803  9.89222D-01
  1.804  9.89266D-01
  1.805  9.89309D-01
  1.806  9.89353D-01
  1.807  9.89396D-01
  1.808  9.89439D-01
  1.809  9.89482D-01
  1.810  9.89525D-01
  1.811  9.89567D-01
  1.812  9.89609D-01
  1.813  9.89652D-01
  1.814  9.89694D-01
  1.815  9.89736D-01
  1.816  9.89778D-01
  1.817  9.89819D-01
  1.818  9.89861D-01
  1.819  9.89902D-01
  1.820  9.89943D-01
  1.821  9.89984D-01
  1.822  9.90025D-01
  1.823  9.90066D-01
  1.824  9.90106D-01
  1.825  9.90147D-01
  1.826  9.90187D-01
  1.827  9.90227D-01
  1.828  9.90267D-01
  1.829  9.90307D-01
  1.830  9.90347D-01
  1.831  9.90386D-01
  1.832  9.90426D-01
  1.833  9.90465D-01
  1.834  9.90504D-01
  1.835  9.90543D-01
  1.836  9.90582D-01
  1.837  9.90621D-01
  1.838  9.90659D-01
  1.839  9.90698D-01
  1.840  9.90736D-01
  1.841  9.90774D-01
  1.842  9.90812D-01
  1.843  9.90850D-01
  1.844  9.90888D-01
  1.845  9.90925D-01
  1.846  9.90963D-01
  1.847  9.91000D-01
  1.848  9.91037D-01
  1.849  9.91074D-01
  1.850  9.91111D-01
  1.851  9.91148D-01
  1.852  9.91184D-01
  1.853  9.91221D-01
  1.854  9.91257D-01
  1.855  9.91293D-01
  1.856  9.91330D-01
  1.857  9.91365D-01
  1.858  9.91401D-01
  1.859  9.91437D-01
  1.860  9.91472D-01
  1.861  9.91508D-01
  1.862  9.91543D-01
  1.863  9.91578D-01
  1.864  9.91613D-01
  1.865  9.91648D-01
  1.866  9.91683D-01
  1.867  9.91718D-01
  1.868  9.91752D-01
  1.869  9.91787D-01
  1.870  9.91821D-01
  1.871  9.91855D-01
  1.872  9.91889D-01
  1.873  9.91923D-01
  1.874  9.91956D-01
  1.875  9.91990D-01
  1.876  9.92024D-01
  1.877  9.92057D-01
  1.878  9.92090D-01
  1.879  9.92123D-01
  1.880  9.92156D-01
  1.881  9.92189D-01
  1.882  9.92222D-01
  1.883  9.92254D-01
  1.884  9.92287D-01
  1.885  9.92319D-01
  1.886  9.92352D-01
  1.887  9.92384D-01
  1.888  9.92416D-01
  1.889  9.92448D-01
  1.890  9.92479D-01
  1.891  9.92511D-01
  1.892  9.92542D-01
  1.893  9.92574D-01
  1.894  9.92605D-01
  1.895  9.92636D-01
  1.896  9.92667D-01
  1.897  9.92698D-01
  1.898  9.92729D-01
  1.899  9.92760D-01
  1.900  9.92790D-01
  1.901  9.92821D-01
  1.902  9.92851D-01
  1.903  9.92881D-01
  1.904  9.92912D-01
  1.905  9.92942D-01
  1.906  9.92972D-01
  1.907  9.93001D-01
  1.908  9.93031D-01
  1.909  9.93061D-01
  1.910  9.93090D-01
  1.911  9.93119D-01
  1.912  9.93148D-01
  1.913  9.93178D-01
  1.914  9.93207D-01
  1.915  9.93235D-01
  1.916  9.93264D-01
  1.917  9.93293D-01
  1.918  9.93321D-01
  1.919  9.93350D-01
  1.920  9.93378D-01
  1.921  9.93406D-01
  1.922  9.93435D-01
  1.923  9.93463D-01
  1.924  9.93490D-01
  1.925  9.93518D-01
  1.926  9.93546D-01
  1.927  9.93574D-01
  1.928  9.93601D-01
  1.929  9.93628D-01
  1.930  9.93656D-01
  1.931  9.93683D-01
  1.932  9.93710D-01
  1.933  9.93737D-01
  1.934  9.93764D-01
  1.935  9.93790D-01
  1.936  9.93817D-01
  1.937  9.93844D-01
  1.938  9.93870D-01
  1.939  9.93896D-01
  1.940  9.93923D-01
  1.941  9.93949D-01
  1.942  9.93975D-01
  1.943  9.94001D-01
  1.944  9.94026D-01
  1.945  9.94052D-01
  1.946  9.94078D-01
  1.947  9.94103D-01
  1.948  9.94129D-01
  1.949  9.94154D-01
  1.950  9.94179D-01
  1.951  9.94204D-01
  1.952  9.94229D-01
  1.953  9.94254D-01
  1.954  9.94279D-01
  1.955  9.94304D-01
  1.956  9.94329D-01
  1.957  9.94353D-01
  1.958  9.94378D-01
  1.959  9.94402D-01
  1.960  9.94426D-01
  1.961  9.94450D-01
  1.962  9.94475D-01
  1.963  9.94498D-01
  1.964  9.94522D-01
  1.965  9.94546D-01
  1.966  9.94570D-01
  1.967  9.94593D-01
  1.968  9.94617D-01
  1.969  9.94640D-01
  1.970  9.94664D-01
  1.971  9.94687D-01
  1.972  9.94710D-01
  1.973  9.94733D-01
  1.974  9.94756D-01
  1.975  9.94779D-01
  1.976  9.94802D-01
  1.977  9.94824D-01
  1.978  9.94847D-01
  1.979  9.94870D-01
  1.980  9.94892D-01
  1.981  9.94914D-01
  1.982  9.94937D-01
  1.983  9.94959D-01
  1.984  9.94981D-01
  1.985  9.95003D-01
  1.986  9.95025D-01
  1.987  9.95047D-01
  1.988  9.95068D-01
  1.989  9.95090D-01
  1.990  9.95111D-01
  1.991  9.95133D-01
  1.992  9.95154D-01
  1.993  9.95176D-01
  1.994  9.95197D-01
  1.995  9.95218D-01
  1.996  9.95239D-01
  1.997  9.95260D-01
  1.998  9.95281D-01
  1.999  9.95302D-01
  2.000  9.95322D-01
  2.001  9.95343D-01
  2.002  9.95363D-01
  2.003  9.95384D-01
  2.004  9.95404D-01
  2.005  9.95425D-01
  2.006  9.95445D-01
  2.007  9.95465D-01
  2.008  9.95485D-01
  2.009  9.95505D-01
  2.010  9.95525D-01
  2.011  9.95545D-01
  2.012  9.95564D-01
  2.013  9.95584D-01
  2.014  9.95604D-01
  2.015  9.95623D-01
  2.016  9.95643D-01
  2.017  9.95662D-01
  2.018  9.95681D-01
  2.019  9.95700D-01
  2.020  9.95719D-01
  2.021  9.95738D-01
  2.022  9.95757D-01
  2.023  9.95776D-01
  2.024  9.95795D-01
  2.025  9.95814D-01
  2.026  9.95832D-01
  2.027  9.95851D-01
  2.028  9.95870D-01
  2.029  9.95888D-01
  2.030  9.95906D-01
  2.031  9.95925D-01
  2.032  9.95943D-01
  2.033  9.95961D-01
  2.034  9.95979D-01
  2.035  9.95997D-01
  2.036  9.96015D-01
  2.037  9.96033D-01
  2.038  9.96050D-01
  2.039  9.96068D-01
  2.040  9.96086D-01
  2.041  9.96103D-01
  2.042  9.96121D-01
  2.043  9.96138D-01
  2.044  9.96156D-01
  2.045  9.96173D-01
  2.046  9.96190D-01
  2.047  9.96207D-01
  2.048  9.96224D-01
  2.049  9.96241D-01
  2.050  9.96258D-01
  2.051  9.96275D-01
  2.052  9.96292D-01
  2.053  9.96308D-01
  2.054  9.96325D-01
  2.055  9.96342D-01
  2.056  9.96358D-01
  2.057  9.96375D-01
  2.058  9.96391D-01
  2.059  9.96407D-01
  2.060  9.96423D-01
  2.061  9.96440D-01
  2.062  9.96456D-01
  2.063  9.96472D-01
  2.064  9.96488D-01
  2.065  9.96504D-01
  2.066  9.96519D-01
  2.067  9.96535D-01
  2.068  9.96551D-01
  2.069  9.96567D-01
  2.070  9.96582D-01
  2.071  9.96598D-01
  2.072  9.96613D-01
  2.073  9.96628D-01
  2.074  9.96644D-01
  2.075  9.96659D-01
  2.076  9.96674D-01
  2.077  9.96689D-01
  2.078  9.96704D-01
  2.079  9.96719D-01
  2.080  9.96734D-01
  2.081  9.96749D-01
  2.082  9.96764D-01
  2.083  9.96779D-01
  2.084  9.96794D-01
  2.085  9.96808D-01
  2.086  9.96823D-01
  2.087  9.96837D-01
  2.088  9.96852D-01
  2.089  9.96866D-01
  2.090  9.96880D-01
  2.091  9.96895D-01
  2.092  9.96909D-01
  2.093  9.96923D-01
  2.094  9.96937D-01
  2.095  9.96951D-01
  2.096  9.96965D-01
  2.097  9.96979D-01
  2.098  9.96993D-01
  2.099  9.97007D-01
  2.100  9.97021D-01
  2.101  9.97034D-01
  2.102  9.97048D-01
  2.103  9.97061D-01
  2.104  9.97075D-01
  2.105  9.97088D-01
  2.106  9.97102D-01
  2.107  9.97115D-01
  2.108  9.97128D-01
  2.109  9.97142D-01
  2.110  9.97155D-01
  2.111  9.97168D-01
  2.112  9.97181D-01
  2.113  9.97194D-01
  2.114  9.97207D-01
  2.115  9.97220D-01
  2.116  9.97233D-01
  2.117  9.97246D-01
  2.118  9.97258D-01
  2.119  9.97271D-01
  2.120  9.97284D-01
  2.121  9.97296D-01
  2.122  9.97309D-01
  2.123  9.97321D-01
  2.124  9.97334D-01
  2.125  9.97346D-01
  2.126  9.97358D-01
  2.127  9.97371D-01
  2.128  9.97383D-01
  2.129  9.97395D-01
  2.130  9.97407D-01
  2.131  9.97419D-01
  2.132  9.97431D-01
  2.133  9.97443D-01
  2.134  9.97455D-01
  2.135  9.97467D-01
  2.136  9.97479D-01
  2.137  9.97490D-01
  2.138  9.97502D-01
  2.139  9.97514D-01
  2.140  9.97525D-01
  2.141  9.97537D-01
  2.142  9.97548D-01
  2.143  9.97560D-01
  2.144  9.97571D-01
  2.145  9.97583D-01
  2.146  9.97594D-01
  2.147  9.97605D-01
  2.148  9.97616D-01
  2.149  9.97627D-01
  2.150  9.97639D-01
  2.151  9.97650D-01
  2.152  9.97661D-01
  2.153  9.97672D-01
  2.154  9.97683D-01
  2.155  9.97693D-01
  2.156  9.97704D-01
  2.157  9.97715D-01
  2.158  9.97726D-01
  2.159  9.97737D-01
  2.160  9.97747D-01
  2.161  9.97758D-01
  2.162  9.97768D-01
  2.163  9.97779D-01
  2.164  9.97789D-01
  2.165  9.97800D-01
  2.166  9.97810D-01
  2.167  9.97820D-01
  2.168  9.97831D-01
  2.169  9.97841D-01
  2.170  9.97851D-01
  2.171  9.97861D-01
  2.172  9.97871D-01
  2.173  9.97881D-01
  2.174  9.97891D-01
  2.175  9.97901D-01
  2.176  9.97911D-01
  2.177  9.97921D-01
  2.178  9.97931D-01
  2.179  9.97941D-01
  2.180  9.97951D-01
  2.181  9.97960D-01
  2.182  9.97970D-01
  2.183  9.97980D-01
  2.184  9.97989D-01
  2.185  9.97999D-01
  2.186  9.98008D-01
  2.187  9.98018D-01
  2.188  9.98027D-01
  2.189  9.98037D-01
  2.190  9.98046D-01
  2.191  9.98055D-01
  2.192  9.98065D-01
  2.193  9.98074D-01
  2.194  9.98083D-01
  2.195  9.98092D-01
  2.196  9.98101D-01
  2.197  9.98110D-01
  2.198  9.98119D-01
  2.199  9.98128D-01
  2.200  9.98137D-01
  2.201  9.98146D-01
  2.202  9.98155D-01
  2.203  9.98164D-01
  2.204  9.98173D-01
  2.205  9.98181D-01
  2.206  9.98190D-01
  2.207  9.98199D-01
  2.208  9.98207D-01
  2.209  9.98216D-01
  2.210  9.98224D-01
  2.211  9.98233D-01
  2.212  9.98241D-01
  2.213  9.98250D-01
  2.214  9.98258D-01
  2.215  9.98267D-01
  2.216  9.98275D-01
  2.217  9.98283D-01
  2.218  9.98292D-01
  2.219  9.98300D-01
  2.220  9.98308D-01
  2.221  9.98316D-01
  2.222  9.98324D-01
  2.223  9.98332D-01
  2.224  9.98340D-01
  2.225  9.98348D-01
  2.226  9.98356D-01
  2.227  9.98364D-01
  2.228  9.98372D-01
  2.229  9.98380D-01
  2.230  9.98388D-01
  2.231  9.98396D-01
  2.232  9.98403D-01
  2.233  9.98411D-01
  2.234  9.98419D-01
  2.235  9.98426D-01
  2.236  9.98434D-01
  2.237  9.98442D-01
  2.238  9.98449D-01
  2.239  9.98457D-01
  2.240  9.98464D-01
  2.241  9.98472D-01
  2.242  9.98479D-01
  2.243  9.98486D-01
  2.244  9.98494D-01
  2.245  9.98501D-01
  2.246  9.98508D-01
  2.247  9.98516D-01
  2.248  9.98523D-01
  2.249  9.98530D-01
  2.250  9.98537D-01
  2.251  9.98544D-01
  2.252  9.98552D-01
  2.253  9.98559D-01
  2.254  9.98566D-01
  2.255  9.98573D-01
  2.256  9.98580D-01
  2.257  9.98586D-01
  2.258  9.98593D-01
  2.259  9.98600D-01
  2.260  9.98607D-01
  2.261  9.98614D-01
  2.262  9.98621D-01
  2.263  9.98627D-01
  2.264  9.98634D-01
  2.265  9.98641D-01
  2.266  9.98648D-01
  2.267  9.98654D-01
  2.268  9.98661D-01
  2.269  9.98667D-01
  2.270  9.98674D-01
  2.271  9.98680D-01
  2.272  9.98687D-01
  2.273  9.98693D-01
  2.274  9.98700D-01
  2.275  9.98706D-01
  2.276  9.98712D-01
  2.277  9.98719D-01
  2.278  9.98725D-01
  2.279  9.98731D-01
  2.280  9.98738D-01
  2.281  9.98744D-01
  2.282  9.98750D-01
  2.283  9.98756D-01
  2.284  9.98762D-01
  2.285  9.98768D-01
  2.286  9.98775D-01
  2.287  9.98781D-01
  2.288  9.98787D-01
  2.289  9.98793D-01
  2.290  9.98799D-01
  2.291  9.98805D-01
  2.292  9.98810D-01
  2.293  9.98816D-01
  2.294  9.98822D-01
  2.295  9.98828D-01
  2.296  9.98834D-01
  2.297  9.98840D-01
  2.298  9.98845D-01
  2.299  9.98851D-01
  2.300  9.98857D-01
  2.301  9.98862D-01
  2.302  9.98868D-01
  2.303  9.98874D-01
  2.304  9.98879D-01
  2.305  9.98885D-01
  2.306  9.98890D-01
  2.307  9.98896D-01
  2.308  9.98902D-01
  2.309  9.98907D-01
  2.310  9.98912D-01
  2.311  9.98918D-01
  2.312  9.98923D-01
  2.313  9.98929D-01
  2.314  9.98934D-01
  2.315  9.98939D-01
  2.316  9.98945D-01
  2.317  9.98950D-01
  2.318  9.98955D-01
  2.319  9.98960D-01
  2.320  9.98966D-01
  2.321  9.98971D-01
  2.322  9.98976D-01
  2.323  9.98981D-01
  2.324  9.98986D-01
  2.325  9.98991D-01
  2.326  9.98996D-01
  2.327  9.99001D-01
  2.328  9.99006D-01
  2.329  9.99011D-01
  2.330  9.99016D-01
  2.331  9.99021D-01
  2.332  9.99026D-01
  2.333  9.99031D-01
  2.334  9.99036D-01
  2.335  9.99041D-01
  2.336  9.99045D-01
  2.337  9.99050D-01
  2.338  9.99055D-01
  2.339  9.99060D-01
  2.340  9.99065D-01
  2.341  9.99069D-01
  2.342  9.99074D-01
  2.343  9.99079D-01
  2.344  9.99083D-01
  2.345  9.99088D-01
  2.346  9.99093D-01
  2.347  9.99097D-01
  2.348  9.99102D-01
  2.349  9.99106D-01
  2.350  9.99111D-01
  2.351  9.99115D-01
  2.352  9.99120D-01
  2.353  9.99124D-01
  2.354  9.99129D-01
  2.355  9.99133D-01
  2.356  9.99137D-01
  2.357  9.99142D-01
  2.358  9.99146D-01
  2.359  9.99150D-01
  2.360  9.99155D-01
  2.361  9.99159D-01
  2.362  9.99163D-01
  2.363  9.99168D-01
  2.364  9.99172D-01
  2.365  9.99176D-01
  2.366  9.99180D-01
  2.367  9.99184D-01
  2.368  9.99189D-01
  2.369  9.99193D-01
  2.370  9.99197D-01
  2.371  9.99201D-01
  2.372  9.99205D-01
  2.373  9.99209D-01
  2.374  9.99213D-01
  2.375  9.99217D-01
  2.376  9.99221D-01
  2.377  9.99225D-01
  2.378  9.99229D-01
  2.379  9.99233D-01
  2.380  9.99237D-01
  2.381  9.99241D-01
  2.382  9.99245D-01
  2.383  9.99249D-01
  2.384  9.99252D-01
  2.385  9.99256D-01
  2.386  9.99260D-01
  2.387  9.99264D-01
  2.388  9.99268D-01
  2.389  9.99271D-01
  2.390  9.99275D-01
  2.391  9.99279D-01
  2.392  9.99282D-01
  2.393  9.99286D-01
  2.394  9.99290D-01
  2.395  9.99293D-01
  2.396  9.99297D-01
  2.397  9.99301D-01
  2.398  9.99304D-01
  2.399  9.99308D-01
  2.400  9.99311D-01
  2.401  9.99315D-01
  2.402  9.99319D-01
  2.403  9.99322D-01
  2.404  9.99326D-01
  2.405  9.99329D-01
  2.406  9.99333D-01
  2.407  9.99336D-01
  2.408  9.99339D-01
  2.409  9.99343D-01
  2.410  9.99346D-01
  2.411  9.99350D-01
  2.412  9.99353D-01
  2.413  9.99356D-01
  2.414  9.99360D-01
  2.415  9.99363D-01
  2.416  9.99366D-01
  2.417  9.99370D-01
  2.418  9.99373D-01
  2.419  9.99376D-01
  2.420  9.99379D-01
  2.421  9.99383D-01
  2.422  9.99386D-01
  2.423  9.99389D-01
  2.424  9.99392D-01
  2.425  9.99395D-01
  2.426  9.99398D-01
  2.427  9.99402D-01
  2.428  9.99405D-01
  2.429  9.99408D-01
  2.430  9.99411D-01
  2.431  9.99414D-01
  2.432  9.99417D-01
  2.433  9.99420D-01
  2.434  9.99423D-01
  2.435  9.99426D-01
  2.436  9.99429D-01
  2.437  9.99432D-01
  2.438  9.99435D-01
  2.439  9.99438D-01
  2.440  9.99441D-01
  2.441  9.99444D-01
  2.442  9.99447D-01
  2.443  9.99450D-01
  2.444  9.99452D-01
  2.445  9.99455D-01
  2.446  9.99458D-01
  2.447  9.99461D-01
  2.448  9.99464D-01
  2.449  9.99467D-01
  2.450  9.99469D-01
  2.451  9.99472D-01
  2.452  9.99475D-01
  2.453  9.99478D-01
  2.454  9.99480D-01
  2.455  9.99483D-01
  2.456  9.99486D-01
  2.457  9.99489D-01
  2.458  9.99491D-01
  2.459  9.99494D-01
  2.460  9.99497D-01
  2.461  9.99499D-01
  2.462  9.99502D-01
  2.463  9.99505D-01
  2.464  9.99507D-01
  2.465  9.99510D-01
  2.466  9.99512D-01
  2.467  9.99515D-01
  2.468  9.99517D-01
  2.469  9.99520D-01
  2.470  9.99523D-01
  2.471  9.99525D-01
  2.472  9.99528D-01
  2.473  9.99530D-01
  2.474  9.99533D-01
  2.475  9.99535D-01
  2.476  9.99538D-01
  2.477  9.99540D-01
  2.478  9.99542D-01
  2.479  9.99545D-01
  2.480  9.99547D-01
  2.481  9.99550D-01
  2.482  9.99552D-01
  2.483  9.99554D-01
  2.484  9.99557D-01
  2.485  9.99559D-01
  2.486  9.99561D-01
  2.487  9.99564D-01
  2.488  9.99566D-01
  2.489  9.99568D-01
  2.490  9.99571D-01
  2.491  9.99573D-01
  2.492  9.99575D-01
  2.493  9.99578D-01
  2.494  9.99580D-01
  2.495  9.99582D-01
  2.496  9.99584D-01
  2.497  9.99586D-01
  2.498  9.99589D-01
  2.499  9.99591D-01
  2.500  9.99593D-01
  2.501  9.99595D-01
  2.502  9.99597D-01
  2.503  9.99600D-01
  2.504  9.99602D-01
  2.505  9.99604D-01
  2.506  9.99606D-01
  2.507  9.99608D-01
  2.508  9.99610D-01
  2.509  9.99612D-01
  2.510  9.99614D-01
  2.511  9.99616D-01
  2.512  9.99618D-01
  2.513  9.99620D-01
  2.514  9.99622D-01
  2.515  9.99625D-01
  2.516  9.99627D-01
  2.517  9.99629D-01
  2.518  9.99631D-01
  2.519  9.99633D-01
  2.520  9.99635D-01
  2.521  9.99636D-01
  2.522  9.99638D-01
  2.523  9.99640D-01
  2.524  9.99642D-01
  2.525  9.99644D-01
  2.526  9.99646D-01
  2.527  9.99648D-01
  2.528  9.99650D-01
  2.529  9.99652D-01
  2.530  9.99654D-01
  2.531  9.99656D-01
  2.532  9.99657D-01
  2.533  9.99659D-01
  2.534  9.99661D-01
  2.535  9.99663D-01
  2.536  9.99665D-01
  2.537  9.99667D-01
  2.538  9.99668D-01
  2.539  9.99670D-01
  2.540  9.99672D-01
  2.541  9.99674D-01
  2.542  9.99676D-01
  2.543  9.99677D-01
  2.544  9.99679D-01
  2.545  9.99681D-01
  2.546  9.99683D-01
  2.547  9.99684D-01
  2.548  9.99686D-01
  2.549  9.99688D-01
  2.550  9.99689D-01
  2.551  9.99691D-01
  2.552  9.99693D-01
  2.553  9.99694D-01
  2.554  9.99696D-01
  2.555  9.99698D-01
  2.556  9.99699D-01
  2.557  9.99701D-01
  2.558  9.99703D-01
  2.559  9.99704D-01
  2.560  9.99706D-01
  2.561  9.99707D-01
  2.562  9.99709D-01
  2.563  9.99711D-01
  2.564  9.99712D-01
  2.565  9.99714D-01
  2.566  9.99715D-01
  2.567  9.99717D-01
  2.568  9.99718D-01
  2.569  9.99720D-01
  2.570  9.99722D-01
  2.571  9.99723D-01
  2.572  9.99725D-01
  2.573  9.99726D-01
  2.574  9.99728D-01
  2.575  9.99729D-01
  2.576  9.99731D-01
  2.577  9.99732D-01
  2.578  9.99733D-01
  2.579  9.99735D-01
  2.580  9.99736D-01
  2.581  9.99738D-01
  2.582  9.99739D-01
  2.583  9.99741D-01
  2.584  9.99742D-01
  2.585  9.99744D-01
  2.586  9.99745D-01
  2.587  9.99746D-01
  2.588  9.99748D-01
  2.589  9.99749D-01
  2.590  9.99751D-01
  2.591  9.99752D-01
  2.592  9.99753D-01
  2.593  9.99755D-01
  2.594  9.99756D-01
  2.595  9.99757D-01
  2.596  9.99759D-01
  2.597  9.99760D-01
  2.598  9.99761D-01
  2.599  9.99763D-01
  2.600  9.99764D-01
  2.601  9.99765D-01
  2.602  9.99767D-01
  2.603  9.99768D-01
  2.604  9.99769D-01
  2.605  9.99770D-01
  2.606  9.99772D-01
  2.607  9.99773D-01
  2.608  9.99774D-01
  2.609  9.99775D-01
  2.610  9.99777D-01
  2.611  9.99778D-01
  2.612  9.99779D-01
  2.613  9.99780D-01
  2.614  9.99782D-01
  2.615  9.99783D-01
  2.616  9.99784D-01
  2.617  9.99785D-01
  2.618  9.99786D-01
  2.619  9.99788D-01
  2.620  9.99789D-01
  2.621  9.99790D-01
  2.622  9.99791D-01
  2.623  9.99792D-01
  2.624  9.99793D-01
  2.625  9.99795D-01
  2.626  9.99796D-01
  2.627  9.99797D-01
  2.628  9.99798D-01
  2.629  9.99799D-01
  2.630  9.99800D-01
  2.631  9.99801D-01
  2.632  9.99803D-01
  2.633  9.99804D-01
  2.634  9.99805D-01
  2.635  9.99806D-01
  2.636  9.99807D-01
  2.637  9.99808D-01
  2.638  9.99809D-01
  2.639  9.99810D-01
  2.640  9.99811D-01
  2.641  9.99812D-01
  2.642  9.99813D-01
  2.643  9.99814D-01
  2.644  9.99815D-01
  2.645  9.99816D-01
  2.646  9.99817D-01
  2.647  9.99818D-01
  2.648  9.99819D-01
  2.649  9.99821D-01
  2.650  9.99822D-01
  2.651  9.99823D-01
  2.652  9.99824D-01
  2.653  9.99825D-01
  2.654  9.99825D-01
  2.655  9.99826D-01
  2.656  9.99827D-01
  2.657  9.99828D-01
  2.658  9.99829D-01
  2.659  9.99830D-01
  2.660  9.99831D-01
  2.661  9.99832D-01
  2.662  9.99833D-01
  2.663  9.99834D-01
  2.664  9.99835D-01
  2.665  9.99836D-01
  2.666  9.99837D-01
  2.667  9.99838D-01
  2.668  9.99839D-01
  2.669  9.99840D-01
  2.670  9.99841D-01
  2.671  9.99842D-01
  2.672  9.99842D-01
  2.673  9.99843D-01
  2.674  9.99844D-01
  2.675  9.99845D-01
  2.676  9.99846D-01
  2.677  9.99847D-01
  2.678  9.99848D-01
  2.679  9.99849D-01
  2.680  9.99849D-01
  2.681  9.99850D-01
  2.682  9.99851D-01
  2.683  9.99852D-01
  2.684  9.99853D-01
  2.685  9.99854D-01
  2.686  9.99854D-01
  2.687  9.99855D-01
  2.688  9.99856D-01
  2.689  9.99857D-01
  2.690  9.99858D-01
  2.691  9.99859D-01
  2.692  9.99859D-01
  2.693  9.99860D-01
  2.694  9.99861D-01
  2.695  9.99862D-01
  2.696  9.99863D-01
  2.697  9.99863D-01
  2.698  9.99864D-01
  2.699  9.99865D-01
  2.700  9.99866D-01
  2.701  9.99866D-01
  2.702  9.99867D-01
  2.703  9.99868D-01
  2.704  9.99869D-01
  2.705  9.99869D-01
  2.706  9.99870D-01
  2.707  9.99871D-01
  2.708  9.99872D-01
  2.709  9.99872D-01
  2.710  9.99873D-01
  2.711  9.99874D-01
  2.712  9.99875D-01
  2.713  9.99875D-01
  2.714  9.99876D-01
  2.715  9.99877D-01
  2.716  9.99877D-01
  2.717  9.99878D-01
  2.718  9.99879D-01
  2.719  9.99880D-01
  2.720  9.99880D-01
  2.721  9.99881D-01
  2.722  9.99882D-01
  2.723  9.99882D-01
  2.724  9.99883D-01
  2.725  9.99884D-01
  2.726  9.99884D-01
  2.727  9.99885D-01
  2.728  9.99886D-01
  2.729  9.99886D-01
  2.730  9.99887D-01
  2.731  9.99888D-01
  2.732  9.99888D-01
  2.733  9.99889D-01
  2.734  9.99890D-01
  2.735  9.99890D-01
  2.736  9.99891D-01
  2.737  9.99891D-01
  2.738  9.99892D-01
  2.739  9.99893D-01
  2.740  9.99893D-01
  2.741  9.99894D-01
  2.742  9.99895D-01
  2.743  9.99895D-01
  2.744  9.99896D-01
  2.745  9.99896D-01
  2.746  9.99897D-01
  2.747  9.99898D-01
  2.748  9.99898D-01
  2.749  9.99899D-01
  2.750  9.99899D-01
  2.751  9.99900D-01
  2.752  9.99901D-01
  2.753  9.99901D-01
  2.754  9.99902D-01
  2.755  9.99902D-01
  2.756  9.99903D-01
  2.757  9.99903D-01
  2.758  9.99904D-01
  2.759  9.99905D-01
  2.760  9.99905D-01
  2.761  9.99906D-01
  2.762  9.99906D-01
  2.763  9.99907D-01
  2.764  9.99907D-01
  2.765  9.99908D-01
  2.766  9.99908D-01
  2.767  9.99909D-01
  2.768  9.99909D-01
  2.769  9.99910D-01
  2.770  9.99910D-01
  2.771  9.99911D-01
  2.772  9.99912D-01
  2.773  9.99912D-01
  2.774  9.99913D-01
  2.775  9.99913D-01
  2.776  9.99914D-01
  2.777  9.99914D-01
  2.778  9.99915D-01
  2.779  9.99915D-01
  2.780  9.99916D-01
  2.781  9.99916D-01
  2.782  9.99917D-01
  2.783  9.99917D-01
  2.784  9.99918D-01
  2.785  9.99918D-01
  2.786  9.99919D-01
  2.787  9.99919D-01
  2.788  9.99919D-01
  2.789  9.99920D-01
  2.790  9.99920D-01
  2.791  9.99921D-01
  2.792  9.99921D-01
  2.793  9.99922D-01
  2.794  9.99922D-01
  2.795  9.99923D-01
  2.796  9.99923D-01
  2.797  9.99924D-01
  2.798  9.99924D-01
  2.799  9.99925D-01
  2.800  9.99925D-01
  2.801  9.99925D-01
  2.802  9.99926D-01
  2.803  9.99926D-01
  2.804  9.99927D-01
  2.805  9.99927D-01
  2.806  9.99928D-01
  2.807  9.99928D-01
  2.808  9.99928D-01
  2.809  9.99929D-01
  2.810  9.99929D-01
  2.811  9.99930D-01
  2.812  9.99930D-01
  2.813  9.99931D-01
  2.814  9.99931D-01
  2.815  9.99931D-01
  2.816  9.99932D-01
  2.817  9.99932D-01
  2.818  9.99933D-01
  2.819  9.99933D-01
  2.820  9.99933D-01
  2.821  9.99934D-01
  2.822  9.99934D-01
  2.823  9.99935D-01
  2.824  9.99935D-01
  2.825  9.99935D-01
  2.826  9.99936D-01
  2.827  9.99936D-01
  2.828  9.99936D-01
  2.829  9.99937D-01
  2.830  9.99937D-01
  2.831  9.99938D-01
  2.832  9.99938D-01
  2.833  9.99938D-01
  2.834  9.99939D-01
  2.835  9.99939D-01
  2.836  9.99939D-01
  2.837  9.99940D-01
  2.838  9.99940D-01
  2.839  9.99941D-01
  2.840  9.99941D-01
  2.841  9.99941D-01
  2.842  9.99942D-01
  2.843  9.99942D-01
  2.844  9.99942D-01
  2.845  9.99943D-01
  2.846  9.99943D-01
  2.847  9.99943D-01
  2.848  9.99944D-01
  2.849  9.99944D-01
  2.850  9.99944D-01
  2.851  9.99945D-01
  2.852  9.99945D-01
  2.853  9.99945D-01
  2.854  9.99946D-01
  2.855  9.99946D-01
  2.856  9.99946D-01
  2.857  9.99947D-01
  2.858  9.99947D-01
  2.859  9.99947D-01
  2.860  9.99948D-01
  2.861  9.99948D-01
  2.862  9.99948D-01
  2.863  9.99949D-01
  2.864  9.99949D-01
  2.865  9.99949D-01
  2.866  9.99949D-01
  2.867  9.99950D-01
  2.868  9.99950D-01
  2.869  9.99950D-01
  2.870  9.99951D-01
  2.871  9.99951D-01
  2.872  9.99951D-01
  2.873  9.99952D-01
  2.874  9.99952D-01
  2.875  9.99952D-01
  2.876  9.99952D-01
  2.877  9.99953D-01
  2.878  9.99953D-01
  2.879  9.99953D-01
  2.880  9.99954D-01
  2.881  9.99954D-01
  2.882  9.99954D-01
  2.883  9.99954D-01
  2.884  9.99955D-01
  2.885  9.99955D-01
  2.886  9.99955D-01
  2.887  9.99956D-01
  2.888  9.99956D-01
  2.889  9.99956D-01
  2.890  9.99956D-01
  2.891  9.99957D-01
  2.892  9.99957D-01
  2.893  9.99957D-01
  2.894  9.99957D-01
  2.895  9.99958D-01
  2.896  9.99958D-01
  2.897  9.99958D-01
  2.898  9.99958D-01
  2.899  9.99959D-01
  2.900  9.99959D-01
  2.901  9.99959D-01
  2.902  9.99959D-01
  2.903  9.99960D-01
  2.904  9.99960D-01
  2.905  9.99960D-01
  2.906  9.99960D-01
  2.907  9.99961D-01
  2.908  9.99961D-01
  2.909  9.99961D-01
  2.910  9.99961D-01
  2.911  9.99962D-01
  2.912  9.99962D-01
  2.913  9.99962D-01
  2.914  9.99962D-01
  2.915  9.99963D-01
  2.916  9.99963D-01
  2.917  9.99963D-01
  2.918  9.99963D-01
  2.919  9.99963D-01
  2.920  9.99964D-01
  2.921  9.99964D-01
  2.922  9.99964D-01
  2.923  9.99964D-01
  2.924  9.99965D-01
  2.925  9.99965D-01
  2.926  9.99965D-01
  2.927  9.99965D-01
  2.928  9.99965D-01
  2.929  9.99966D-01
  2.930  9.99966D-01
  2.931  9.99966D-01
  2.932  9.99966D-01
  2.933  9.99966D-01
  2.934  9.99967D-01
  2.935  9.99967D-01
  2.936  9.99967D-01
  2.937  9.99967D-01
  2.938  9.99967D-01
  2.939  9.99968D-01
  2.940  9.99968D-01
  2.941  9.99968D-01
  2.942  9.99968D-01
  2.943  9.99968D-01
  2.944  9.99969D-01
  2.945  9.99969D-01
  2.946  9.99969D-01
  2.947  9.99969D-01
  2.948  9.99969D-01
  2.949  9.99970D-01
  2.950  9.99970D-01
  2.951  9.99970D-01
  2.952  9.99970D-01
  2.953  9.99970D-01
  2.954  9.99971D-01
  2.955  9.99971D-01
  2.956  9.99971D-01
  2.957  9.99971D-01
  2.958  9.99971D-01
  2.959  9.99971D-01
  2.960  9.99972D-01
  2.961  9.99972D-01
  2.962  9.99972D-01
  2.963  9.99972D-01
  2.964  9.99972D-01
  2.965  9.99972D-01
  2.966  9.99973D-01
  2.967  9.99973D-01
  2.968  9.99973D-01
  2.969  9.99973D-01
  2.970  9.99973D-01
  2.971  9.99973D-01
  2.972  9.99974D-01
  2.973  9.99974D-01
  2.974  9.99974D-01
  2.975  9.99974D-01
  2.976  9.99974D-01
  2.977  9.99974D-01
  2.978  9.99975D-01
  2.979  9.99975D-01
  2.980  9.99975D-01
  2.981  9.99975D-01
  2.982  9.99975D-01
  2.983  9.99975D-01
  2.984  9.99976D-01
  2.985  9.99976D-01
  2.986  9.99976D-01
  2.987  9.99976D-01
  2.988  9.99976D-01
  2.989  9.99976D-01
  2.990  9.99976D-01
  2.991  9.99977D-01
  2.992  9.99977D-01
  2.993  9.99977D-01
  2.994  9.99977D-01
  2.995  9.99977D-01
  2.996  9.99977D-01
  2.997  9.99977D-01
  2.998  9.99978D-01
  2.999  9.99978D-01
  3.000  9.99978D-01
  3.001  9.99978D-01
  3.002  9.99978D-01
  3.003  9.99978D-01
  3.004  9.99978D-01
  3.005  9.99979D-01
  3.006  9.99979D-01
  3.007  9.99979D-01
  3.008  9.99979D-01
  3.009  9.99979D-01
  3.010  9.99979D-01
  3.011  9.99979D-01
  3.012  9.99980D-01
  3.013  9.99980D-01
  3.014  9.99980D-01
  3.015  9.99980D-01
  3.016  9.99980D-01
  3.017  9.99980D-01
  3.018  9.99980D-01
  3.019  9.99980D-01
  3.020  9.99981D-01
  3.021  9.99981D-01
  3.022  9.99981D-01
  3.023  9.99981D-01
  3.024  9.99981D-01
  3.025  9.99981D-01
  3.026  9.99981D-01
  3.027  9.99981D-01
  3.028  9.99981D-01
  3.029  9.99982D-01
  3.030  9.99982D-01
  3.031  9.99982D-01
  3.032  9.99982D-01
  3.033  9.99982D-01
  3.034  9.99982D-01
  3.035  9.99982D-01
  3.036  9.99982D-01
  3.037  9.99983D-01
  3.038  9.99983D-01
  3.039  9.99983D-01
  3.040  9.99983D-01
  3.041  9.99983D-01
  3.042  9.99983D-01
  3.043  9.99983D-01
  3.044  9.99983D-01
  3.045  9.99983D-01
  3.046  9.99984D-01
  3.047  9.99984D-01
  3.048  9.99984D-01
  3.049  9.99984D-01
  3.050  9.99984D-01
  3.051  9.99984D-01
  3.052  9.99984D-01
  3.053  9.99984D-01
  3.054  9.99984D-01
  3.055  9.99984D-01
  3.056  9.99985D-01
  3.057  9.99985D-01
  3.058  9.99985D-01
  3.059  9.99985D-01
  3.060  9.99985D-01
  3.061  9.99985D-01
  3.062  9.99985D-01
  3.063  9.99985D-01
  3.064  9.99985D-01
  3.065  9.99985D-01
  3.066  9.99985D-01
  3.067  9.99986D-01
  3.068  9.99986D-01
  3.069  9.99986D-01
  3.070  9.99986D-01
  3.071  9.99986D-01
  3.072  9.99986D-01
  3.073  9.99986D-01
  3.074  9.99986D-01
  3.075  9.99986D-01
  3.076  9.99986D-01
  3.077  9.99986D-01
  3.078  9.99987D-01
  3.079  9.99987D-01
  3.080  9.99987D-01
  3.081  9.99987D-01
  3.082  9.99987D-01
  3.083  9.99987D-01
  3.084  9.99987D-01
  3.085  9.99987D-01
  3.086  9.99987D-01
  3.087  9.99987D-01
  3.088  9.99987D-01
  3.089  9.99987D-01
  3.090  9.99988D-01
  3.091  9.99988D-01
  3.092  9.99988D-01
  3.093  9.99988D-01
  3.094  9.99988D-01
  3.095  9.99988D-01
  3.096  9.99988D-01
  3.097  9.99988D-01
  3.098  9.99988D-01
  3.099  9.99988D-01
  3.100  9.99988D-01
  3.101  9.99988D-01
  3.102  9.99989D-01
  3.103  9.99989D-01
  3.104  9.99989D-01
  3.105  9.99989D-01
  3.106  9.99989D-01
  3.107  9.99989D-01
  3.108  9.99989D-01
  3.109  9.99989D-01
  3.110  9.99989D-01
  3.111  9.99989D-01
  3.112  9.99989D-01
  3.113  9.99989D-01
  3.114  9.99989D-01
  3.115  9.99989D-01
  3.116  9.99990D-01
  3.117  9.99990D-01
  3.118  9.99990D-01
  3.119  9.99990D-01
  3.120  9.99990D-01
  3.121  9.99990D-01
  3.122  9.99990D-01
  3.123  9.99990D-01
  3.124  9.99990D-01
  3.125  9.99990D-01
  3.126  9.99990D-01
  3.127  9.99990D-01
  3.128  9.99990D-01
  3.129  9.99990D-01
  3.130  9.99990D-01
  3.131  9.99990D-01
  3.132  9.99991D-01
  3.133  9.99991D-01
  3.134  9.99991D-01
  3.135  9.99991D-01
  3.136  9.99991D-01
  3.137  9.99991D-01
  3.138  9.99991D-01
  3.139  9.99991D-01
  3.140  9.99991D-01
  3.141  9.99991D-01
  3.142  9.99991D-01
  3.143  9.99991D-01
  3.144  9.99991D-01
  3.145  9.99991D-01
  3.146  9.99991D-01
  3.147  9.99991D-01
  3.148  9.99991D-01
  3.149  9.99992D-01
  3.150  9.99992D-01
  3.151  9.99992D-01
  3.152  9.99992D-01
  3.153  9.99992D-01
  3.154  9.99992D-01
  3.155  9.99992D-01
  3.156  9.99992D-01
  3.157  9.99992D-01
  3.158  9.99992D-01
  3.159  9.99992D-01
  3.160  9.99992D-01
  3.161  9.99992D-01
  3.162  9.99992D-01
  3.163  9.99992D-01
  3.164  9.99992D-01
  3.165  9.99992D-01
  3.166  9.99992D-01
  3.167  9.99992D-01
  3.168  9.99993D-01
  3.169  9.99993D-01
  3.170  9.99993D-01
  3.171  9.99993D-01
  3.172  9.99993D-01
  3.173  9.99993D-01
  3.174  9.99993D-01
  3.175  9.99993D-01
  3.176  9.99993D-01
  3.177  9.99993D-01
  3.178  9.99993D-01
  3.179  9.99993D-01
  3.180  9.99993D-01
  3.181  9.99993D-01
  3.182  9.99993D-01
  3.183  9.99993D-01
  3.184  9.99993D-01
  3.185  9.99993D-01
  3.186  9.99993D-01
  3.187  9.99993D-01
  3.188  9.99993D-01
  3.189  9.99994D-01
  3.190  9.99994D-01
  3.191  9.99994D-01
  3.192  9.99994D-01
  3.193  9.99994D-01
  3.194  9.99994D-01
  3.195  9.99994D-01
  3.196  9.99994D-01
  3.197  9.99994D-01
  3.198  9.99994D-01
  3.199  9.99994D-01
  3.200  9.99994D-01
  3.201  9.99994D-01
  3.202  9.99994D-01
  3.203  9.99994D-01
  3.204  9.99994D-01
  3.205  9.99994D-01
  3.206  9.99994D-01
  3.207  9.99994D-01
  3.208  9.99994D-01
  3.209  9.99994D-01
  3.210  9.99994D-01
  3.211  9.99994D-01
  3.212  9.99994D-01
  3.213  9.99994D-01
  3.214  9.99995D-01
  3.215  9.99995D-01
  3.216  9.99995D-01
  3.217  9.99995D-01
  3.218  9.99995D-01
  3.219  9.99995D-01
  3.220  9.99995D-01
  3.221  9.99995D-01
  3.222  9.99995D-01
  3.223  9.99995D-01
  3.224  9.99995D-01
  3.225  9.99995D-01
  3.226  9.99995D-01
  3.227  9.99995D-01
  3.228  9.99995D-01
  3.229  9.99995D-01
  3.230  9.99995D-01
  3.231  9.99995D-01
  3.232  9.99995D-01
  3.233  9.99995D-01
  3.234  9.99995D-01
  3.235  9.99995D-01
  3.236  9.99995D-01
  3.237  9.99995D-01
  3.238  9.99995D-01
  3.239  9.99995D-01
  3.240  9.99995D-01
  3.241  9.99995D-01
  3.242  9.99995D-01
  3.243  9.99995D-01
  3.244  9.99996D-01
  3.245  9.99996D-01
  3.246  9.99996D-01
  3.247  9.99996D-01
  3.248  9.99996D-01
  3.249  9.99996D-01
  3.250  9.99996D-01
  3.251  9.99996D-01
  3.252  9.99996D-01
  3.253  9.99996D-01
  3.254  9.99996D-01
  3.255  9.99996D-01
  3.256  9.99996D-01
  3.257  9.99996D-01
  3.258  9.99996D-01
  3.259  9.99996D-01
  3.260  9.99996D-01
  3.261  9.99996D-01
  3.262  9.99996D-01
  3.263  9.99996D-01
  3.264  9.99996D-01
  3.265  9.99996D-01
  3.266  9.99996D-01
  3.267  9.99996D-01
  3.268  9.99996D-01
  3.269  9.99996D-01
  3.270  9.99996D-01
  3.271  9.99996D-01
  3.272  9.99996D-01
  3.273  9.99996D-01
  3.274  9.99996D-01
  3.275  9.99996D-01
  3.276  9.99996D-01
  3.277  9.99996D-01
  3.278  9.99996D-01
  3.279  9.99996D-01
  3.280  9.99996D-01
  3.281  9.99997D-01
  3.282  9.99997D-01
  3.283  9.99997D-01
  3.284  9.99997D-01
  3.285  9.99997D-01
  3.286  9.99997D-01
  3.287  9.99997D-01
  3.288  9.99997D-01
  3.289  9.99997D-01
  3.290  9.99997D-01
  3.291  9.99997D-01
  3.292  9.99997D-01
  3.293  9.99997D-01
  3.294  9.99997D-01
  3.295  9.99997D-01
  3.296  9.99997D-01
  3.297  9.99997D-01
  3.298  9.99997D-01
  3.299  9.99997D-01
  3.300  9.99997D-01
  3.301  9.99997D-01
  3.302  9.99997D-01
  3.303  9.99997D-01
  3.304  9.99997D-01
  3.305  9.99997D-01
  3.306  9.99997D-01
  3.307  9.99997D-01
  3.308  9.99997D-01
  3.309  9.99997D-01
  3.310  9.99997D-01
  3.311  9.99997D-01
  3.312  9.99997D-01
  3.313  9.99997D-01
  3.314  9.99997D-01
  3.315  9.99997D-01
  3.316  9.99997D-01
  3.317  9.99997D-01
  3.318  9.99997D-01
  3.319  9.99997D-01
  3.320  9.99997D-01
  3.321  9.99997D-01
  3.322  9.99997D-01
  3.323  9.99997D-01
  3.324  9.99997D-01
  3.325  9.99997D-01
  3.326  9.99997D-01
  3.327  9.99997D-01
  3.328  9.99997D-01
  3.329  9.99997D-01
  3.330  9.99998D-01
  3.331  9.99998D-01
  3.332  9.99998D-01
  3.333  9.99998D-01
  3.334  9.99998D-01
  3.335  9.99998D-01
  3.336  9.99998D-01
  3.337  9.99998D-01
  3.338  9.99998D-01
  3.339  9.99998D-01
  3.340  9.99998D-01
  3.341  9.99998D-01
  3.342  9.99998D-01
  3.343  9.99998D-01
  3.344  9.99998D-01
  3.345  9.99998D-01
  3.346  9.99998D-01
  3.347  9.99998D-01
  3.348  9.99998D-01
  3.349  9.99998D-01
  3.350  9.99998D-01
  3.351  9.99998D-01
  3.352  9.99998D-01
  3.353  9.99998D-01
  3.354  9.99998D-01
  3.355  9.99998D-01
  3.356  9.99998D-01
  3.357  9.99998D-01
  3.358  9.99998D-01
  3.359  9.99998D-01
  3.360  9.99998D-01
  3.361  9.99998D-01
  3.362  9.99998D-01
  3.363  9.99998D-01
  3.364  9.99998D-01
  3.365  9.99998D-01
  3.366  9.99998D-01
  3.367  9.99998D-01
  3.368  9.99998D-01
  3.369  9.99998D-01
  3.370  9.99998D-01
  3.371  9.99998D-01
  3.372  9.99998D-01
  3.373  9.99998D-01
  3.374  9.99998D-01
  3.375  9.99998D-01
  3.376  9.99998D-01
  3.377  9.99998D-01
  3.378  9.99998D-01
  3.379  9.99998D-01
  3.380  9.99998D-01
  3.381  9.99998D-01
  3.382  9.99998D-01
  3.383  9.99998D-01
  3.384  9.99998D-01
  3.385  9.99998D-01
  3.386  9.99998D-01
  3.387  9.99998D-01
  3.388  9.99998D-01
  3.389  9.99998D-01
  3.390  9.99998D-01
  3.391  9.99998D-01
  3.392  9.99998D-01
  3.393  9.99998D-01
  3.394  9.99998D-01
  3.395  9.99998D-01
  3.396  9.99998D-01
  3.397  9.99998D-01
  3.398  9.99998D-01
  3.399  9.99998D-01
  3.400  9.99998D-01
  3.401  9.99998D-01
  3.402  9.99998D-01
  3.403  9.99999D-01
  3.404  9.99999D-01
  3.405  9.99999D-01
  3.406  9.99999D-01
  3.407  9.99999D-01
  3.408  9.99999D-01
  3.409  9.99999D-01
  3.410  9.99999D-01
  3.411  9.99999D-01
  3.412  9.99999D-01
  3.413  9.99999D-01
  3.414  9.99999D-01
  3.415  9.99999D-01
  3.416  9.99999D-01
  3.417  9.99999D-01
  3.418  9.99999D-01
  3.419  9.99999D-01
  3.420  9.99999D-01
  3.421  9.99999D-01
  3.422  9.99999D-01
  3.423  9.99999D-01
  3.424  9.99999D-01
  3.425  9.99999D-01
  3.426  9.99999D-01
  3.427  9.99999D-01
  3.428  9.99999D-01
  3.429  9.99999D-01
  3.430  9.99999D-01
  3.431  9.99999D-01
  3.432  9.99999D-01
  3.433  9.99999D-01
  3.434  9.99999D-01
  3.435  9.99999D-01
  3.436  9.99999D-01
  3.437  9.99999D-01
  3.438  9.99999D-01
  3.439  9.99999D-01
  3.440  9.99999D-01
  3.441  9.99999D-01
  3.442  9.99999D-01
  3.443  9.99999D-01
  3.444  9.99999D-01
  3.445  9.99999D-01
  3.446  9.99999D-01
  3.447  9.99999D-01
  3.448  9.99999D-01
  3.449  9.99999D-01
  3.450  9.99999D-01
  3.451  9.99999D-01
  3.452  9.99999D-01
  3.453  9.99999D-01
  3.454  9.99999D-01
  3.455  9.99999D-01
  3.456  9.99999D-01
  3.457  9.99999D-01
  3.458  9.99999D-01
  3.459  9.99999D-01
  3.460  9.99999D-01
  3.461  9.99999D-01
  3.462  9.99999D-01
  3.463  9.99999D-01
  3.464  9.99999D-01
  3.465  9.99999D-01
  3.466  9.99999D-01
  3.467  9.99999D-01
  3.468  9.99999D-01
  3.469  9.99999D-01
  3.470  9.99999D-01
  3.471  9.99999D-01
  3.472  9.99999D-01
  3.473  9.99999D-01
  3.474  9.99999D-01
  3.475  9.99999D-01
  3.476  9.99999D-01
  3.477  9.99999D-01
  3.478  9.99999D-01
  3.479  9.99999D-01
  3.480  9.99999D-01
  3.481  9.99999D-01
  3.482  9.99999D-01
  3.483  9.99999D-01
  3.484  9.99999D-01
  3.485  9.99999D-01
  3.486  9.99999D-01
  3.487  9.99999D-01
  3.488  9.99999D-01
  3.489  9.99999D-01
  3.490  9.99999D-01
  3.491  9.99999D-01
  3.492  9.99999D-01
  3.493  9.99999D-01
  3.494  9.99999D-01
  3.495  9.99999D-01
  3.496  9.99999D-01
  3.497  9.99999D-01
  3.498  9.99999D-01
  3.499  9.99999D-01
  3.500  9.99999D-01
  3.501  9.99999D-01
  3.502  9.99999D-01
  3.503  9.99999D-01
  3.504  9.99999D-01
  3.505  9.99999D-01
  3.506  9.99999D-01
  3.507  9.99999D-01
  3.508  9.99999D-01
  3.509  9.99999D-01
  3.510  9.99999D-01
  3.511  9.99999D-01
  3.512  9.99999D-01
  3.513  9.99999D-01
  3.514  9.99999D-01
  3.515  9.99999D-01
  3.516  9.99999D-01
  3.517  9.99999D-01
  3.518  9.99999D-01
  3.519  9.99999D-01
  3.520  9.99999D-01
  3.521  9.99999D-01
  3.522  9.99999D-01
  3.523  9.99999D-01
  3.524  9.99999D-01
  3.525  9.99999D-01
  3.526  9.99999D-01
  3.527  9.99999D-01
  3.528  9.99999D-01
  3.529  9.99999D-01
  3.530  9.99999D-01
  3.531  9.99999D-01
  3.532  9.99999D-01
  3.533  9.99999D-01
  3.534  9.99999D-01
  3.535  9.99999D-01
  3.536  9.99999D-01
  3.537  9.99999D-01
  3.538  9.99999D-01
  3.539  9.99999D-01
  3.540  9.99999D-01
  3.541  9.99999D-01
  3.542  9.99999D-01
  3.543  9.99999D-01
  3.544  9.99999D-01
  3.545  9.99999D-01
  3.546  9.99999D-01
  3.547  9.99999D-01
  3.548  9.99999D-01
  3.549  9.99999D-01
  3.550  9.99999D-01
  3.551  9.99999D-01
  3.552  9.99999D-01
  3.553  9.99999D-01
  3.554  9.99999D-01
  3.555  1.00000D+00
  3.556  1.00000D+00
  3.557  1.00000D+00
  3.558  1.00000D+00
  3.559  1.00000D+00
  3.560  1.00000D+00
  3.561  1.00000D+00
  3.562  1.00000D+00
  3.563  1.00000D+00
  3.564  1.00000D+00
  3.565  1.00000D+00
  3.566  1.00000D+00
  3.567  1.00000D+00
  3.568  1.00000D+00
  3.569  1.00000D+00
  3.570  1.00000D+00
  3.571  1.00000D+00
  3.572  1.00000D+00
  3.573  1.00000D+00
  3.574  1.00000D+00
  3.575  1.00000D+00
  3.576  1.00000D+00
  3.577  1.00000D+00
  3.578  1.00000D+00
  3.579  1.00000D+00
  3.580  1.00000D+00
  3.581  1.00000D+00
  3.582  1.00000D+00
  3.583  1.00000D+00
  3.584  1.00000D+00
  3.585  1.00000D+00
  3.586  1.00000D+00
  3.587  1.00000D+00
  3.588  1.00000D+00
  3.589  1.00000D+00
  3.590  1.00000D+00
  3.591  1.00000D+00
  3.592  1.00000D+00
  3.593  1.00000D+00
  3.594  1.00000D+00
  3.595  1.00000D+00
  3.596  1.00000D+00
  3.597  1.00000D+00
  3.598  1.00000D+00
  3.599  1.00000D+00
  3.600  1.00000D+00
  3.601  1.00000D+00
  3.602  1.00000D+00
  3.603  1.00000D+00
  3.604  1.00000D+00
  3.605  1.00000D+00
  3.606  1.00000D+00
  3.607  1.00000D+00
  3.608  1.00000D+00
  3.609  1.00000D+00
  3.610  1.00000D+00
  3.611  1.00000D+00
  3.612  1.00000D+00
  3.613  1.00000D+00
  3.614  1.00000D+00
  3.615  1.00000D+00
  3.616  1.00000D+00
  3.617  1.00000D+00
  3.618  1.00000D+00
  3.619  1.00000D+00
  3.620  1.00000D+00
  3.621  1.00000D+00
  3.622  1.00000D+00
  3.623  1.00000D+00
  3.624  1.00000D+00
  3.625  1.00000D+00
  3.626  1.00000D+00
  3.627  1.00000D+00
  3.628  1.00000D+00
  3.629  1.00000D+00
  3.630  1.00000D+00
  3.631  1.00000D+00
  3.632  1.00000D+00
  3.633  1.00000D+00
  3.634  1.00000D+00
  3.635  1.00000D+00
  3.636  1.00000D+00
  3.637  1.00000D+00
  3.638  1.00000D+00
  3.639  1.00000D+00
  3.640  1.00000D+00
  3.641  1.00000D+00
  3.642  1.00000D+00
  3.643  1.00000D+00
  3.644  1.00000D+00
  3.645  1.00000D+00
  3.646  1.00000D+00
  3.647  1.00000D+00
  3.648  1.00000D+00
  3.649  1.00000D+00
  3.650  1.00000D+00
  3.651  1.00000D+00
  3.652  1.00000D+00
  3.653  1.00000D+00
  3.654  1.00000D+00
  3.655  1.00000D+00
  3.656  1.00000D+00
  3.657  1.00000D+00
  3.658  1.00000D+00
  3.659  1.00000D+00
  3.660  1.00000D+00
  3.661  1.00000D+00
  3.662  1.00000D+00
  3.663  1.00000D+00
  3.664  1.00000D+00
  3.665  1.00000D+00
  3.666  1.00000D+00
  3.667  1.00000D+00
  3.668  1.00000D+00
  3.669  1.00000D+00
  3.670  1.00000D+00
  3.671  1.00000D+00
  3.672  1.00000D+00
  3.673  1.00000D+00
  3.674  1.00000D+00
  3.675  1.00000D+00
  3.676  1.00000D+00
  3.677  1.00000D+00
  3.678  1.00000D+00
  3.679  1.00000D+00
  3.680  1.00000D+00
  3.681  1.00000D+00
  3.682  1.00000D+00
  3.683  1.00000D+00
  3.684  1.00000D+00
  3.685  1.00000D+00
  3.686  1.00000D+00
  3.687  1.00000D+00
  3.688  1.00000D+00
  3.689  1.00000D+00
  3.690  1.00000D+00
  3.691  1.00000D+00
  3.692  1.00000D+00
  3.693  1.00000D+00
  3.694  1.00000D+00
  3.695  1.00000D+00
  3.696  1.00000D+00
  3.697  1.00000D+00
  3.698  1.00000D+00
  3.699  1.00000D+00
  3.700  1.00000D+00
  3.701  1.00000D+00
  3.702  1.00000D+00
  3.703  1.00000D+00
  3.704  1.00000D+00
  3.705  1.00000D+00
  3.706  1.00000D+00
  3.707  1.00000D+00
  3.708  1.00000D+00
  3.709  1.00000D+00
  3.710  1.00000D+00
  3.711  1.00000D+00
  3.712  1.00000D+00
  3.713  1.00000D+00
  3.714  1.00000D+00
  3.715  1.00000D+00
  3.716  1.00000D+00
  3.717  1.00000D+00
  3.718  1.00000D+00
  3.719  1.00000D+00
  3.720  1.00000D+00
  3.721  1.00000D+00
  3.722  1.00000D+00
  3.723  1.00000D+00
  3.724  1.00000D+00
  3.725  1.00000D+00
  3.726  1.00000D+00
  3.727  1.00000D+00
  3.728  1.00000D+00
  3.729  1.00000D+00
  3.730  1.00000D+00
  3.731  1.00000D+00
  3.732  1.00000D+00
  3.733  1.00000D+00
  3.734  1.00000D+00
  3.735  1.00000D+00
  3.736  1.00000D+00
  3.737  1.00000D+00
  3.738  1.00000D+00
  3.739  1.00000D+00
  3.740  1.00000D+00
  3.741  1.00000D+00
  3.742  1.00000D+00
  3.743  1.00000D+00
  3.744  1.00000D+00
  3.745  1.00000D+00
  3.746  1.00000D+00
  3.747  1.00000D+00
  3.748  1.00000D+00
  3.749  1.00000D+00
  3.750  1.00000D+00
