#  -3990  1  3
   -3990.0     0.884
   -3989.0     0.942
   -3988.0     0.999
   -3987.0     1.057
   -3986.0     1.091
   -3985.0     1.119
   -3984.0     1.148
   -3983.0     1.178
   -3982.0     1.208
   -3981.0     1.237
   -3980.0     1.269
   -3979.0     1.300
   -3978.0     1.332
   -3977.0     1.364
   -3976.0     1.396
   -3975.0     1.429
   -3974.0     1.462
   -3973.0     1.496
   -3972.0     1.530
   -3971.0     1.564
   -3970.0     1.598
   -3969.0     1.633
   -3968.0     1.668
   -3967.0     1.704
   -3966.0     1.739
   -3965.0     1.775
   -3964.0     1.812
   -3963.0     1.847
   -3962.0     1.885
   -3961.0     1.921
   -3960.0     1.900
   -3959.0     1.842
   -3958.0     1.783
   -3957.0     1.725
   -3956.0     1.667
   -3955.0     1.609
   -3954.0     1.551
   -3953.0     1.493
   -3952.0     1.434
   -3951.0     1.376
   -3950.0     1.317
   -3949.0     1.257
   -3948.0     1.198
   -3947.0     1.137
   -3946.0     1.077
   -3945.0     1.016
   -3944.0     0.954
   -3943.0     0.891
   -3942.0     0.845
   -3941.0     0.808
   -3940.0     0.772
   -3939.0     0.734
   -3938.0     0.696
   -3937.0     0.658
   -3936.0     0.619
   -3935.0     0.579
   -3934.0     0.538
   -3933.0     0.498
   -3932.0     0.457
   -3931.0     0.416
   -3930.0     0.374
   -3929.0     0.331
   -3928.0     0.288
   -3927.0     0.245
   -3926.0     0.202
   -3925.0     0.158
   -3924.0     0.114
   -3923.0     0.070
   -3922.0     0.086
   -3921.0     0.144
   -3920.0     0.202
   -3919.0     0.258
   -3918.0     0.314
   -3917.0     0.370
   -3916.0     0.427
   -3915.0     0.483
   -3914.0     0.540
   -3913.0     0.596
   -3912.0     0.654
   -3911.0     0.711
   -3910.0     0.769
   -3909.0     0.826
   -3908.0     0.885
   -3907.0     0.944
   -3906.0     1.004
   -3905.0     1.064
   -3904.0     1.125
   -3903.0     1.187
   -3902.0     1.250
   -3901.0     1.241
   -3900.0     1.187
   -3899.0     1.133
   -3898.0     1.079
   -3897.0     1.026
   -3896.0     0.974
   -3895.0     0.922
   -3894.0     0.870
   -3893.0     0.819
   -3892.0     0.766
   -3891.0     0.715
   -3890.0     0.662
   -3889.0     0.654
   -3888.0     0.675
   -3887.0     0.694
   -3886.0     0.714
   -3885.0     0.733
   -3884.0     0.752
   -3883.0     0.771
   -3882.0     0.789
   -3881.0     0.807
   -3880.0     0.825
   -3879.0     0.842
   -3878.0     0.861
   -3877.0     0.879
   -3876.0     0.897
   -3875.0     0.915
   -3874.0     0.933
   -3873.0     0.951
   -3872.0     0.970
   -3871.0     0.989
   -3870.0     1.007
   -3869.0     1.025
   -3868.0     1.045
   -3867.0     1.064
   -3866.0     1.083
   -3865.0     1.102
   -3864.0     1.122
   -3863.0     1.141
   -3862.0     1.161
   -3861.0     1.182
   -3860.0     1.202
   -3859.0     1.223
   -3858.0     1.242
   -3857.0     1.240
   -3856.0     1.222
   -3855.0     1.205
   -3854.0     1.187
   -3853.0     1.170
   -3852.0     1.153
   -3851.0     1.135
   -3850.0     1.117
   -3849.0     1.101
   -3848.0     1.084
   -3847.0     1.067
   -3846.0     1.050
   -3845.0     1.032
   -3844.0     1.014
   -3843.0     0.997
   -3842.0     0.979
   -3841.0     0.962
   -3840.0     0.943
   -3839.0     0.924
   -3838.0     0.906
   -3837.0     0.887
   -3836.0     0.869
   -3835.0     0.850
   -3834.0     0.830
   -3833.0     0.811
   -3832.0     0.790
   -3831.0     0.771
   -3830.0     0.751
   -3829.0     0.732
   -3828.0     0.710
   -3827.0     0.690
   -3826.0     0.687
   -3825.0     0.697
   -3824.0     0.705
   -3823.0     0.714
   -3822.0     0.722
   -3821.0     0.731
   -3820.0     0.741
   -3819.0     0.749
   -3818.0     0.757
   -3817.0     0.766
   -3816.0     0.774
   -3815.0     0.781
   -3814.0     0.790
   -3813.0     0.800
   -3812.0     0.808
   -3811.0     0.817
   -3810.0     0.825
   -3809.0     0.834
   -3808.0     0.843
   -3807.0     0.852
   -3806.0     0.861
   -3805.0     0.870
   -3804.0     0.880
   -3803.0     0.889
   -3802.0     0.898
   -3801.0     0.882
   -3800.0     0.850
   -3799.0     0.817
   -3798.0     0.784
   -3797.0     0.751
   -3796.0     0.718
   -3795.0     0.686
   -3794.0     0.654
   -3793.0     0.621
   -3792.0     0.589
   -3791.0     0.556
   -3790.0     0.523
   -3789.0     0.490
   -3788.0     0.456
   -3787.0     0.422
   -3786.0     0.389
   -3785.0     0.355
   -3784.0     0.320
   -3783.0     0.285
   -3782.0     0.279
   -3781.0     0.290
   -3780.0     0.302
   -3779.0     0.313
   -3778.0     0.324
   -3777.0     0.335
   -3776.0     0.346
   -3775.0     0.356
   -3774.0     0.367
   -3773.0     0.377
   -3772.0     0.387
   -3771.0     0.397
   -3770.0     0.408
   -3769.0     0.418
   -3768.0     0.428
   -3767.0     0.439
   -3766.0     0.450
   -3765.0     0.423
   -3764.0     0.370
   -3763.0     0.318
   -3762.0     0.266
   -3761.0     0.214
   -3760.0     0.161
   -3759.0     0.110
   -3758.0     0.058
   -3757.0     0.005
   -3756.0    -0.047
   -3755.0    -0.099
   -3754.0    -0.152
   -3753.0    -0.205
   -3752.0    -0.258
   -3751.0    -0.311
   -3750.0    -0.366
   -3749.0    -0.420
   -3748.0    -0.474
   -3747.0    -0.529
   -3746.0    -0.585
   -3745.0    -0.640
   -3744.0    -0.696
   -3743.0    -0.753
   -3742.0    -0.810
   -3741.0    -0.867
   -3740.0    -0.926
   -3739.0    -0.983
   -3738.0    -1.041
   -3737.0    -1.101
   -3736.0    -1.159
   -3735.0    -1.218
   -3734.0    -1.278
   -3733.0    -1.339
   -3732.0    -1.400
   -3731.0    -1.460
   -3730.0    -1.522
   -3729.0    -1.583
   -3728.0    -1.646
   -3727.0    -1.707
   -3726.0    -1.770
   -3725.0    -1.832
   -3724.0    -1.895
   -3723.0    -1.960
   -3722.0    -2.023
   -3721.0    -2.088
   -3720.0     0.662
   -3719.0     1.747
   -3718.0     1.604
   -3717.0     1.465
   -3716.0     1.326
   -3715.0     1.191
   -3714.0     1.057
   -3713.0     0.926
   -3712.0     0.798
   -3711.0     0.672
   -3710.0     0.548
   -3709.0     0.427
   -3708.0     0.306
   -3707.0     0.187
   -3706.0     0.067
   -3705.0    -0.051
   -3704.0    -0.170
   -3703.0    -0.159
   -3702.0    -0.094
   -3701.0    -0.029
   -3700.0     0.035
   -3699.0     0.099
   -3698.0     0.161
   -3697.0     0.224
   -3696.0     0.286
   -3695.0     0.347
   -3694.0     0.409
   -3693.0     0.470
   -3692.0     0.531
   -3691.0     0.593
   -3690.0     0.654
   -3689.0     0.715
   -3688.0     0.777
   -3687.0     0.839
   -3686.0     0.902
   -3685.0     0.965
   -3684.0     1.028
   -3683.0     1.092
   -3682.0     1.117
   -3681.0     1.127
   -3680.0     1.137
   -3679.0     1.148
   -3678.0     1.158
   -3677.0     1.169
   -3676.0     1.181
   -3675.0     1.193
   -3674.0     1.205
   -3673.0     1.217
   -3672.0     1.230
   -3671.0     1.242
   -3670.0     1.255
   -3669.0     1.268
   -3668.0     1.281
   -3667.0     1.294
   -3666.0     1.307
   -3665.0     1.320
   -3664.0     1.333
   -3663.0     1.346
   -3662.0     1.359
   -3661.0     1.372
   -3660.0     1.384
   -3659.0     1.398
   -3658.0     1.377
   -3657.0     1.342
   -3656.0     1.307
   -3655.0     1.273
   -3654.0     1.238
   -3653.0     1.202
   -3652.0     1.167
   -3651.0     1.132
   -3650.0     1.096
   -3649.0     1.060
   -3648.0     1.024
   -3647.0     0.988
   -3646.0     0.951
   -3645.0     0.914
   -3644.0     0.877
   -3643.0     0.838
   -3642.0     0.801
   -3641.0     0.761
   -3640.0     0.723
   -3639.0     0.683
   -3638.0     0.643
   -3637.0     0.603
   -3636.0     0.562
   -3635.0     0.522
   -3634.0     0.480
   -3633.0     0.438
   -3632.0     0.395
   -3631.0     0.353
   -3630.0     0.310
   -3629.0     0.267
   -3628.0     0.222
   -3627.0     0.178
   -3626.0     0.133
   -3625.0     0.088
   -3624.0     0.043
   -3623.0    -0.004
   -3622.0    -0.050
   -3621.0    -0.096
   -3620.0    -0.059
   -3619.0    -0.001
   -3618.0     0.058
   -3617.0     0.114
   -3616.0     0.172
   -3615.0     0.229
   -3614.0     0.286
   -3613.0     0.342
   -3612.0     0.399
   -3611.0     0.457
   -3610.0     0.514
   -3609.0     0.572
   -3608.0     0.630
   -3607.0     0.688
   -3606.0     0.747
   -3605.0     0.806
   -3604.0     0.866
   -3603.0     0.927
   -3602.0     0.988
   -3601.0     0.956
   -3600.0     0.885
   -3599.0     0.816
   -3598.0     0.746
   -3597.0     0.678
   -3596.0     0.608
   -3595.0     0.540
   -3594.0     0.471
   -3593.0     0.403
   -3592.0     0.335
   -3591.0     0.267
   -3590.0     0.198
   -3589.0     0.129
   -3588.0     0.060
   -3587.0    -0.011
   -3586.0    -0.081
   -3585.0    -0.152
   -3584.0    -0.222
   -3583.0    -0.295
   -3582.0    -0.366
   -3581.0    -0.346
   -3580.0    -0.286
   -3579.0    -0.226
   -3578.0    -0.166
   -3577.0    -0.107
   -3576.0    -0.049
   -3575.0     0.010
   -3574.0     0.068
   -3573.0     0.125
   -3572.0     0.184
   -3571.0     0.242
   -3570.0     0.300
   -3569.0     0.359
   -3568.0     0.418
   -3567.0     0.477
   -3566.0     0.537
   -3565.0     0.598
   -3564.0     0.659
   -3563.0     0.720
   -3562.0     0.781
   -3561.0     0.769
   -3560.0     0.726
   -3559.0     0.682
   -3558.0     0.639
   -3557.0     0.596
   -3556.0     0.554
   -3555.0     0.512
   -3554.0     0.471
   -3553.0     0.430
   -3552.0     0.388
   -3551.0     0.347
   -3550.0     0.306
   -3549.0     0.264
   -3548.0     0.222
   -3547.0     0.180
   -3546.0     0.138
   -3545.0     0.095
   -3544.0     0.052
   -3543.0     0.133
   -3542.0     0.268
   -3541.0     0.402
   -3540.0     0.536
   -3539.0     0.670
   -3538.0     0.803
   -3537.0     0.936
   -3536.0     1.069
   -3535.0     1.203
   -3534.0     1.338
   -3533.0     1.473
   -3532.0     1.608
   -3531.0     1.744
   -3530.0     1.882
   -3529.0     1.887
   -3528.0     1.861
   -3527.0     1.835
   -3526.0     1.810
   -3525.0     1.786
   -3524.0     1.763
   -3523.0     1.741
   -3522.0     1.718
   -3521.0     1.698
   -3520.0     1.677
   -3519.0     1.656
   -3518.0     1.635
   -3517.0     1.614
   -3516.0     1.594
   -3515.0     1.574
   -3514.0     1.553
   -3513.0     1.531
   -3512.0     1.511
   -3511.0     1.489
   -3510.0     1.467
   -3509.0     1.446
   -3508.0     1.422
   -3507.0     1.399
   -3506.0     1.377
   -3505.0     1.353
   -3504.0     1.329
   -3503.0     1.305
   -3502.0     1.262
   -3501.0     1.216
   -3500.0     1.168
   -3499.0     1.120
   -3498.0     1.072
   -3497.0     1.023
   -3496.0     0.974
   -3495.0     0.926
   -3494.0     0.875
   -3493.0     0.825
   -3492.0     0.774
   -3491.0     0.724
   -3490.0     0.672
   -3489.0     0.620
   -3488.0     0.568
   -3487.0     0.515
   -3486.0     0.461
   -3485.0     0.407
   -3484.0     0.354
   -3483.0     0.298
   -3482.0     0.330
   -3481.0     0.399
   -3480.0     0.468
   -3479.0     0.537
   -3478.0     0.604
   -3477.0     0.672
   -3476.0     0.740
   -3475.0     0.807
   -3474.0     0.874
   -3473.0     0.942
   -3472.0     1.010
   -3471.0     1.078
   -3470.0     1.146
   -3469.0     1.216
   -3468.0     1.286
   -3467.0     1.357
   -3466.0     1.427
   -3465.0     1.498
   -3464.0     1.577
   -3463.0     1.662
   -3462.0     1.748
   -3461.0     1.834
   -3460.0     1.920
   -3459.0     2.007
   -3458.0     2.095
   -3457.0     2.184
   -3456.0     2.274
   -3455.0     2.363
   -3454.0     2.455
   -3453.0     2.547
   -3452.0     2.638
   -3451.0     2.732
   -3450.0     2.826
   -3449.0     2.921
   -3448.0     3.016
   -3447.0     3.113
   -3446.0     3.070
   -3445.0     2.934
   -3444.0     2.798
   -3443.0     2.663
   -3442.0     2.529
   -3441.0     2.395
   -3440.0     2.262
   -3439.0     2.127
   -3438.0     1.994
   -3437.0     1.860
   -3436.0     1.724
   -3435.0     1.588
   -3434.0     1.451
   -3433.0     1.312
   -3432.0     1.173
   -3431.0     1.032
   -3430.0     0.890
   -3429.0     0.747
   -3428.0     0.602
   -3427.0     0.456
   -3426.0     0.309
   -3425.0     0.160
   -3424.0     0.182
   -3423.0     0.276
   -3422.0     0.369
   -3421.0     0.460
   -3420.0     0.550
   -3419.0     0.640
   -3418.0     0.729
   -3417.0     0.816
   -3416.0     0.904
   -3415.0     0.992
   -3414.0     1.079
   -3413.0     1.168
   -3412.0     1.256
   -3411.0     1.345
   -3410.0     1.434
   -3409.0     1.524
   -3408.0     1.615
   -3407.0     1.707
   -3406.0     1.800
   -3405.0     1.893
   -3404.0     1.989
   -3403.0     2.083
   -3402.0     2.180
   -3401.0     2.277
   -3400.0     2.376
   -3399.0     2.475
   -3398.0     2.575
   -3397.0     2.580
   -3396.0     2.561
   -3395.0     2.543
   -3394.0     2.526
   -3393.0     2.510
   -3392.0     2.495
   -3391.0     2.480
   -3390.0     2.465
   -3389.0     2.451
   -3388.0     2.438
   -3387.0     2.424
   -3386.0     2.410
   -3385.0     2.397
   -3384.0     2.382
   -3383.0     2.368
   -3382.0     2.355
   -3381.0     2.340
   -3380.0     2.325
   -3379.0     2.311
   -3378.0     2.312
   -3377.0     2.319
   -3376.0     2.328
   -3375.0     2.334
   -3374.0     2.341
   -3373.0     2.347
   -3372.0     2.353
   -3371.0     2.360
   -3370.0     2.365
   -3369.0     2.371
   -3368.0     2.378
   -3367.0     2.383
   -3366.0     2.388
   -3365.0     2.393
   -3364.0     2.399
   -3363.0     2.404
   -3362.0     2.409
   -3361.0     2.414
   -3360.0     2.419
   -3359.0     2.424
   -3358.0     2.428
   -3357.0     2.434
   -3356.0     2.438
   -3355.0     2.443
   -3354.0     2.410
   -3353.0     2.362
   -3352.0     2.313
   -3351.0     2.265
   -3350.0     2.216
   -3349.0     2.167
   -3348.0     2.118
   -3347.0     2.069
   -3346.0     2.019
   -3345.0     1.969
   -3344.0     1.919
   -3343.0     1.869
   -3342.0     1.817
   -3341.0     1.766
   -3340.0     1.713
   -3339.0     1.662
   -3338.0     1.609
   -3337.0     1.555
   -3336.0     1.501
   -3335.0     1.446
   -3334.0     1.464
   -3333.0     1.511
   -3332.0     1.559
   -3331.0     1.606
   -3330.0     1.652
   -3329.0     1.699
   -3328.0     1.745
   -3327.0     1.790
   -3326.0     1.837
   -3325.0     1.882
   -3324.0     1.928
   -3323.0     1.974
   -3322.0     2.020
   -3321.0     2.067
   -3320.0     2.114
   -3319.0     2.162
   -3318.0     2.210
   -3317.0     2.259
   -3316.0     2.309
   -3315.0     2.358
   -3314.0     2.408
   -3313.0     2.339
   -3312.0     2.219
   -3311.0     2.100
   -3310.0     1.980
   -3309.0     1.861
   -3308.0     1.744
   -3307.0     1.625
   -3306.0     1.507
   -3305.0     1.387
   -3304.0     1.268
   -3303.0     1.148
   -3302.0     1.026
   -3301.0     0.905
   -3300.0     0.783
   -3299.0     0.772
   -3298.0     0.810
   -3297.0     0.847
   -3296.0     0.883
   -3295.0     0.918
   -3294.0     0.952
   -3293.0     0.985
   -3292.0     1.018
   -3291.0     1.051
   -3290.0     1.083
   -3289.0     1.115
   -3288.0     1.148
   -3287.0     1.180
   -3286.0     1.212
   -3285.0     1.245
   -3284.0     1.278
   -3283.0     1.312
   -3282.0     1.346
   -3281.0     1.381
   -3280.0     1.415
   -3279.0     1.451
   -3278.0     1.445
   -3277.0     1.414
   -3276.0     1.381
   -3275.0     1.350
   -3274.0     1.319
   -3273.0     1.288
   -3272.0     1.256
   -3271.0     1.227
   -3270.0     1.197
   -3269.0     1.167
   -3268.0     1.136
   -3267.0     1.106
   -3266.0     1.077
   -3265.0     1.046
   -3264.0     1.015
   -3263.0     0.985
   -3262.0     0.953
   -3261.0     0.922
   -3260.0     0.890
   -3259.0     0.859
   -3258.0     0.827
   -3257.0     0.796
   -3256.0     0.763
   -3255.0     0.730
   -3254.0     0.697
   -3253.0     0.665
   -3252.0     0.631
   -3251.0     0.598
   -3250.0     0.565
   -3249.0     0.531
   -3248.0     0.496
   -3247.0     0.462
   -3246.0     0.428
   -3245.0     0.393
   -3244.0     0.358
   -3243.0     0.322
   -3242.0     0.288
   -3241.0     0.260
   -3240.0     0.239
   -3239.0     0.217
   -3238.0     0.195
   -3237.0     0.174
   -3236.0     0.152
   -3235.0     0.131
   -3234.0     0.126
   -3233.0     0.142
   -3232.0     0.157
   -3231.0     0.172
   -3230.0     0.186
   -3229.0     0.201
   -3228.0     0.216
   -3227.0     0.231
   -3226.0     0.247
   -3225.0     0.261
   -3224.0     0.276
   -3223.0     0.293
   -3222.0     0.308
   -3221.0     0.324
   -3220.0     0.340
   -3219.0     0.357
   -3218.0     0.374
   -3217.0     0.391
   -3216.0     0.419
   -3215.0     0.455
   -3214.0     0.491
   -3213.0     0.528
   -3212.0     0.564
   -3211.0     0.601
   -3210.0     0.637
   -3209.0     0.676
   -3208.0     0.714
   -3207.0     0.752
   -3206.0     0.791
   -3205.0     0.829
   -3204.0     0.870
   -3203.0     0.910
   -3202.0     0.950
   -3201.0     0.990
   -3200.0     1.031
   -3199.0     1.073
   -3198.0     1.115
   -3197.0     1.157
   -3196.0     1.200
   -3195.0     1.243
   -3194.0     1.286
   -3193.0     1.330
   -3192.0     1.374
   -3191.0     1.418
   -3190.0     1.463
   -3189.0     1.509
   -3188.0     1.555
   -3187.0     1.601
   -3186.0     1.648
   -3185.0     1.694
   -3184.0     1.741
   -3183.0     1.788
   -3182.0     1.836
   -3181.0     1.885
   -3180.0     1.933
   -3179.0     1.982
   -3178.0     2.031
   -3177.0     2.080
   -3176.0     2.130
   -3175.0     2.180
   -3174.0     2.147
   -3173.0     2.058
   -3172.0     1.969
   -3171.0     1.881
   -3170.0     1.793
   -3169.0     1.705
   -3168.0     1.617
   -3167.0     1.529
   -3166.0     1.441
   -3165.0     1.352
   -3164.0     1.262
   -3163.0     1.172
   -3162.0     1.081
   -3161.0     0.990
   -3160.0     0.898
   -3159.0     0.805
   -3158.0     0.712
   -3157.0     0.617
   -3156.0     0.520
   -3155.0     0.424
   -3154.0     0.328
   -3153.0     0.348
   -3152.0     0.448
   -3151.0     0.549
   -3150.0     0.648
   -3149.0     0.746
   -3148.0     0.843
   -3147.0     0.940
   -3146.0     1.037
   -3145.0     1.133
   -3144.0     1.230
   -3143.0     1.327
   -3142.0     1.385
   -3141.0     1.416
   -3140.0     1.447
   -3139.0     1.480
   -3138.0     1.513
   -3137.0     1.547
   -3136.0     1.581
   -3135.0     1.617
   -3134.0     1.653
   -3133.0     1.689
   -3132.0     1.727
   -3131.0     1.764
   -3130.0     1.802
   -3129.0     1.841
   -3128.0     1.880
   -3127.0     1.919
   -3126.0     1.959
   -3125.0     1.999
   -3124.0     2.039
   -3123.0     2.080
   -3122.0     2.122
   -3121.0     2.163
   -3120.0     2.205
   -3119.0     2.222
   -3118.0     2.201
   -3117.0     2.180
   -3116.0     2.160
   -3115.0     2.140
   -3114.0     2.120
   -3113.0     2.101
   -3112.0     2.081
   -3111.0     2.062
   -3110.0     2.042
   -3109.0     2.022
   -3108.0     2.002
   -3107.0     1.983
   -3106.0     1.962
   -3105.0     1.941
   -3104.0     1.921
   -3103.0     1.900
   -3102.0     1.879
   -3101.0     1.823
   -3100.0     1.733
   -3099.0     1.643
   -3098.0     1.553
   -3097.0     1.462
   -3096.0     1.371
   -3095.0     1.278
   -3094.0     1.186
   -3093.0     1.093
   -3092.0     0.999
   -3091.0     0.905
   -3090.0     0.810
   -3089.0     0.714
   -3088.0     0.618
   -3087.0     0.521
   -3086.0     0.423
   -3085.0     0.324
   -3084.0     0.224
   -3083.0     0.189
   -3082.0     0.196
   -3081.0     0.203
   -3080.0     0.209
   -3079.0     0.214
   -3078.0     0.218
   -3077.0     0.222
   -3076.0     0.225
   -3075.0     0.228
   -3074.0     0.231
   -3073.0     0.233
   -3072.0     0.236
   -3071.0     0.238
   -3070.0     0.230
   -3069.0     0.216
   -3068.0     0.202
   -3067.0     0.188
   -3066.0     0.174
   -3065.0     0.160
   -3064.0     0.146
   -3063.0     0.133
   -3062.0     0.119
   -3061.0     0.106
   -3060.0     0.092
   -3059.0     0.079
   -3058.0     0.066
   -3057.0     0.053
   -3056.0     0.041
   -3055.0     0.028
   -3054.0     0.015
   -3053.0     0.002
   -3052.0    -0.011
   -3051.0    -0.023
   -3050.0    -0.035
   -3049.0    -0.020
   -3048.0     0.015
   -3047.0     0.050
   -3046.0     0.085
   -3045.0     0.120
   -3044.0     0.155
   -3043.0     0.190
   -3042.0     0.226
   -3041.0     0.261
   -3040.0     0.297
   -3039.0     0.333
   -3038.0     0.369
   -3037.0     0.407
   -3036.0     0.444
   -3035.0     0.481
   -3034.0     0.520
   -3033.0     0.558
   -3032.0     0.596
   -3031.0     0.636
   -3030.0     0.676
   -3029.0     0.716
   -3028.0     0.756
   -3027.0     0.855
   -3026.0     0.978
   -3025.0     1.102
   -3024.0     1.227
   -3023.0     1.351
   -3022.0     1.477
   -3021.0     1.603
   -3020.0     1.729
   -3019.0     1.857
   -3018.0     1.985
   -3017.0     2.114
   -3016.0     2.244
   -3015.0     2.375
   -3014.0     2.507
   -3013.0     2.640
   -3012.0     2.774
   -3011.0     2.909
   -3010.0     3.046
   -3009.0     3.182
   -3008.0     3.321
   -3007.0     3.460
   -3006.0     3.601
   -3005.0     3.742
   -3004.0     3.884
   -3003.0     4.028
   -3002.0     3.978
   -3001.0     3.799
   -3000.0     3.619
   -2999.0     3.442
   -2998.0     3.264
   -2997.0     3.088
   -2996.0     2.911
   -2995.0     2.735
   -2994.0     2.558
   -2993.0     2.380
   -2992.0     2.202
   -2991.0     2.022
   -2990.0     1.842
   -2989.0     1.659
   -2988.0     1.476
   -2987.0     1.291
   -2986.0     1.104
   -2985.0     0.915
   -2984.0     0.724
   -2983.0     0.533
   -2982.0     0.338
   -2981.0     0.142
   -2980.0    -0.056
   -2979.0    -0.256
   -2978.0    -0.457
   -2977.0    -0.414
   -2976.0    -0.208
   -2975.0    -0.003
   -2974.0     0.200
   -2973.0     0.401
   -2972.0     0.602
   -2971.0     0.800
   -2970.0     0.999
   -2969.0     1.197
   -2968.0     1.396
   -2967.0     1.595
   -2966.0     1.795
   -2965.0     1.822
   -2964.0     1.777
   -2963.0     1.734
   -2962.0     1.690
   -2961.0     1.649
   -2960.0     1.609
   -2959.0     1.571
   -2958.0     1.533
   -2957.0     1.498
   -2956.0     1.461
   -2955.0     1.426
   -2954.0     1.392
   -2953.0     1.357
   -2952.0     1.322
   -2951.0     1.287
   -2950.0     1.253
   -2949.0     1.244
   -2948.0     1.247
   -2947.0     1.248
   -2946.0     1.250
   -2945.0     1.251
   -2944.0     1.253
   -2943.0     1.254
   -2942.0     1.254
   -2941.0     1.255
   -2940.0     1.256
   -2939.0     1.255
   -2938.0     1.256
   -2937.0     1.257
   -2936.0     1.256
   -2935.0     1.256
   -2934.0     1.258
   -2933.0     1.258
   -2932.0     1.257
   -2931.0     1.258
   -2930.0     1.258
   -2929.0     1.258
   -2928.0     1.202
   -2927.0     1.123
   -2926.0     1.043
   -2925.0     0.963
   -2924.0     0.884
   -2923.0     0.804
   -2922.0     0.724
   -2921.0     0.643
   -2920.0     0.563
   -2919.0     0.482
   -2918.0     0.400
   -2917.0     0.319
   -2916.0     0.236
   -2915.0     0.153
   -2914.0     0.070
   -2913.0    -0.015
   -2912.0    -0.099
   -2911.0    -0.186
   -2910.0    -0.271
   -2909.0    -0.359
   -2908.0    -0.446
   -2907.0    -0.458
   -2906.0    -0.439
   -2905.0    -0.419
   -2904.0    -0.402
   -2903.0    -0.383
   -2902.0    -0.365
   -2901.0    -0.349
   -2900.0    -0.332
   -2899.0    -0.315
   -2898.0    -0.299
   -2897.0    -0.283
   -2896.0    -0.266
   -2895.0    -0.250
   -2894.0    -0.233
   -2893.0    -0.216
   -2892.0    -0.198
   -2891.0    -0.181
   -2890.0    -0.163
   -2889.0    -0.146
   -2888.0    -0.126
   -2887.0    -0.107
   -2886.0    -0.089
   -2885.0    -0.068
   -2884.0    -0.048
   -2883.0    -0.028
   -2882.0    -0.007
   -2881.0     0.014
   -2880.0     0.035
   -2879.0     0.057
   -2878.0     0.079
   -2877.0     0.102
   -2876.0     0.124
   -2875.0     0.147
   -2874.0     0.170
   -2873.0     0.194
   -2872.0     0.218
   -2871.0     0.243
   -2870.0     0.267
   -2869.0     0.292
   -2868.0     0.271
   -2867.0     0.239
   -2866.0     0.206
   -2865.0     0.174
   -2864.0     0.142
   -2863.0     0.110
   -2862.0     0.079
   -2861.0     0.047
   -2860.0     0.015
   -2859.0    -0.016
   -2858.0    -0.048
   -2857.0    -0.080
   -2856.0    -0.111
   -2855.0    -0.101
   -2854.0    -0.079
   -2853.0    -0.059
   -2852.0    -0.038
   -2851.0    -0.017
   -2850.0     0.003
   -2849.0     0.023
   -2848.0     0.043
   -2847.0     0.063
   -2846.0     0.084
   -2845.0     0.104
   -2844.0     0.124
   -2843.0     0.144
   -2842.0     0.164
   -2841.0     0.185
   -2840.0     0.206
   -2839.0     0.227
   -2838.0     0.258
   -2837.0     0.289
   -2836.0     0.321
   -2835.0     0.352
   -2834.0     0.385
   -2833.0     0.418
   -2832.0     0.451
   -2831.0     0.483
   -2830.0     0.517
   -2829.0     0.550
   -2828.0     0.584
   -2827.0     0.618
   -2826.0     0.652
   -2825.0     0.686
   -2824.0     0.722
   -2823.0     0.757
   -2822.0     0.792
   -2821.0     0.828
   -2820.0     0.864
   -2819.0     0.900
   -2818.0     0.936
   -2817.0     0.973
   -2816.0     1.010
   -2815.0     1.048
   -2814.0     1.086
   -2813.0     1.060
   -2812.0     1.019
   -2811.0     0.977
   -2810.0     0.936
   -2809.0     0.896
   -2808.0     0.856
   -2807.0     0.815
   -2806.0     0.774
   -2805.0     0.734
   -2804.0     0.693
   -2803.0     0.653
   -2802.0     0.612
   -2801.0     0.570
   -2800.0     0.528
   -2799.0     0.488
   -2798.0     0.446
   -2797.0     0.403
   -2796.0     0.360
   -2795.0     0.347
   -2794.0     0.346
   -2793.0     0.344
   -2792.0     0.342
   -2791.0     0.342
   -2790.0     0.339
   -2789.0     0.336
   -2788.0     0.333
   -2787.0     0.331
   -2786.0     0.327
   -2785.0     0.323
   -2784.0     0.319
   -2783.0     0.315
   -2782.0     0.311
   -2781.0     0.308
   -2780.0     0.304
   -2779.0     0.299
   -2778.0     0.295
   -2777.0     0.291
   -2776.0     0.287
   -2775.0     0.283
   -2774.0     0.395
   -2773.0     0.538
   -2772.0     0.681
   -2771.0     0.823
   -2770.0     0.966
   -2769.0     1.108
   -2768.0     1.252
   -2767.0     1.396
   -2766.0     1.539
   -2765.0     1.685
   -2764.0     1.831
   -2763.0     1.977
   -2762.0     2.124
   -2761.0     2.274
   -2760.0     2.423
   -2759.0     2.574
   -2758.0     2.472
   -2757.0     2.309
   -2756.0     2.145
   -2755.0     1.984
   -2754.0     1.823
   -2753.0     1.663
   -2752.0     1.504
   -2751.0     1.344
   -2750.0     1.185
   -2749.0     1.025
   -2748.0     0.866
   -2747.0     0.704
   -2746.0     0.542
   -2745.0     0.379
   -2744.0     0.215
   -2743.0     0.049
   -2742.0    -0.117
   -2741.0    -0.285
   -2740.0    -0.455
   -2739.0    -0.627
   -2738.0    -0.695
   -2737.0    -0.739
   -2736.0    -0.785
   -2735.0    -0.832
   -2734.0    -0.881
   -2733.0    -0.930
   -2732.0    -0.982
   -2731.0    -1.034
   -2730.0    -1.088
   -2729.0    -1.141
   -2728.0    -1.197
   -2727.0    -1.252
   -2726.0    -1.309
   -2725.0    -1.366
   -2724.0    -1.423
   -2723.0    -1.481
   -2722.0    -1.539
   -2721.0    -1.597
   -2720.0    -1.656
   -2719.0    -1.615
   -2718.0    -1.532
   -2717.0    -1.448
   -2716.0    -1.366
   -2715.0    -1.283
   -2714.0    -1.201
   -2713.0    -1.117
   -2712.0    -1.035
   -2711.0    -0.951
   -2710.0    -0.868
   -2709.0    -0.784
   -2708.0    -0.700
   -2707.0    -0.613
   -2706.0    -0.527
   -2705.0    -0.440
   -2704.0    -0.352
   -2703.0    -0.264
   -2702.0    -0.174
   -2701.0    -0.084
   -2700.0     0.008
   -2699.0     0.101
   -2698.0     0.194
   -2697.0     0.288
   -2696.0     0.384
   -2695.0     0.480
   -2694.0     0.577
   -2693.0     0.621
   -2692.0     0.641
   -2691.0     0.662
   -2690.0     0.684
   -2689.0     0.707
   -2688.0     0.731
   -2687.0     0.756
   -2686.0     0.781
   -2685.0     0.807
   -2684.0     0.834
   -2683.0     0.860
   -2682.0     0.887
   -2681.0     0.915
   -2680.0     0.942
   -2679.0     0.970
   -2678.0     0.999
   -2677.0     1.027
   -2676.0     1.055
   -2675.0     1.084
   -2674.0     1.114
   -2673.0     1.143
   -2672.0     1.166
   -2671.0     1.188
   -2670.0     1.208
   -2669.0     1.229
   -2668.0     1.250
   -2667.0     1.270
   -2666.0     1.292
   -2665.0     1.313
   -2664.0     1.334
   -2663.0     1.356
   -2662.0     1.378
   -2661.0     1.399
   -2660.0     1.420
   -2659.0     1.442
   -2658.0     1.464
   -2657.0     1.485
   -2656.0     1.508
   -2655.0     1.529
   -2654.0     1.551
   -2653.0     1.573
   -2652.0     1.595
   -2651.0     1.617
   -2650.0     1.639
   -2649.0     1.661
   -2648.0     1.641
   -2647.0     1.611
   -2646.0     1.582
   -2645.0     1.552
   -2644.0     1.521
   -2643.0     1.491
   -2642.0     1.461
   -2641.0     1.430
   -2640.0     1.401
   -2639.0     1.370
   -2638.0     1.340
   -2637.0     1.308
   -2636.0     1.277
   -2635.0     1.244
   -2634.0     1.213
   -2633.0     1.181
   -2632.0     1.148
   -2631.0     1.115
   -2630.0     1.082
   -2629.0     1.048
   -2628.0     1.013
   -2627.0     0.979
   -2626.0     0.943
   -2625.0     0.908
   -2624.0     0.872
   -2623.0     0.835
   -2622.0     0.799
   -2621.0     0.762
   -2620.0     0.724
   -2619.0     0.687
   -2618.0     0.648
   -2617.0     0.610
   -2616.0     0.571
   -2615.0     0.532
   -2614.0     0.492
   -2613.0     0.451
   -2612.0     0.411
   -2611.0     0.371
   -2610.0     0.330
   -2609.0     0.388
   -2608.0     0.470
   -2607.0     0.552
   -2606.0     0.634
   -2605.0     0.716
   -2604.0     0.798
   -2603.0     0.879
   -2602.0     0.961
   -2601.0     1.043
   -2600.0     1.124
   -2599.0     1.208
   -2598.0     1.290
   -2597.0     1.374
   -2596.0     1.458
   -2595.0     1.543
   -2594.0     1.627
   -2593.0     1.714
   -2592.0     1.801
   -2591.0     1.889
   -2590.0     1.977
   -2589.0     2.006
   -2588.0     2.012
   -2587.0     2.016
   -2586.0     2.022
   -2585.0     2.029
   -2584.0     2.037
   -2583.0     2.045
   -2582.0     2.054
   -2581.0     2.063
   -2580.0     2.072
   -2579.0     2.081
   -2578.0     2.091
   -2577.0     2.101
   -2576.0     2.111
   -2575.0     2.121
   -2574.0     2.072
   -2573.0     1.997
   -2572.0     1.921
   -2571.0     1.846
   -2570.0     1.770
   -2569.0     1.694
   -2568.0     1.618
   -2567.0     1.542
   -2566.0     1.464
   -2565.0     1.387
   -2564.0     1.310
   -2563.0     1.231
   -2562.0     1.152
   -2561.0     1.073
   -2560.0     0.991
   -2559.0     0.910
   -2558.0     0.828
   -2557.0     0.745
   -2556.0     0.752
   -2555.0     0.797
   -2554.0     0.841
   -2553.0     0.885
   -2552.0     0.926
   -2551.0     0.969
   -2550.0     1.010
   -2549.0     1.052
   -2548.0     1.092
   -2547.0     1.134
   -2546.0     1.175
   -2545.0     1.216
   -2544.0     1.257
   -2543.0     1.297
   -2542.0     1.339
   -2541.0     1.381
   -2540.0     1.423
   -2539.0     1.317
   -2538.0     1.193
   -2537.0     1.070
   -2536.0     0.949
   -2535.0     0.826
   -2534.0     0.704
   -2533.0     0.582
   -2532.0     0.460
   -2531.0     0.337
   -2530.0     0.215
   -2529.0     0.091
   -2528.0    -0.033
   -2527.0    -0.158
   -2526.0    -0.284
   -2525.0    -0.410
   -2524.0    -0.539
   -2523.0    -0.666
   -2522.0    -0.796
   -2521.0    -0.926
   -2520.0    -1.058
   -2519.0    -1.038
   -2518.0    -1.004
   -2517.0    -0.970
   -2516.0    -0.938
   -2515.0    -0.907
   -2514.0    -0.876
   -2513.0    -0.845
   -2512.0    -0.816
   -2511.0    -0.785
   -2510.0    -0.757
   -2509.0    -0.727
   -2508.0    -0.697
   -2507.0    -0.668
   -2506.0    -0.637
   -2505.0    -0.607
   -2504.0    -0.576
   -2503.0    -0.583
   -2502.0    -0.601
   -2501.0    -0.616
   -2500.0    -0.631
   -2499.0    -0.646
   -2498.0    -0.661
   -2497.0    -0.676
   -2496.0    -0.689
   -2495.0    -0.703
   -2494.0    -0.716
   -2493.0    -0.729
   -2492.0    -0.742
   -2491.0    -0.754
   -2490.0    -0.767
   -2489.0    -0.779
   -2488.0    -0.792
   -2487.0    -0.804
   -2486.0    -0.815
   -2485.0    -0.827
   -2484.0    -0.839
   -2483.0    -0.851
   -2482.0    -0.862
   -2481.0    -0.874
   -2480.0    -0.885
   -2479.0    -0.896
   -2478.0    -0.908
   -2477.0    -0.895
   -2476.0    -0.876
   -2475.0    -0.857
   -2474.0    -0.837
   -2473.0    -0.819
   -2472.0    -0.799
   -2471.0    -0.780
   -2470.0    -0.759
   -2469.0    -0.740
   -2468.0    -0.719
   -2467.0    -0.700
   -2466.0    -0.679
   -2465.0    -0.658
   -2464.0    -0.638
   -2463.0    -0.617
   -2462.0    -0.595
   -2461.0    -0.573
   -2460.0    -0.552
   -2459.0    -0.529
   -2458.0    -0.506
   -2457.0    -0.484
   -2456.0    -0.461
   -2455.0    -0.437
   -2454.0    -0.413
   -2453.0    -0.390
   -2452.0    -0.366
   -2451.0    -0.342
   -2450.0    -0.317
   -2449.0    -0.292
   -2448.0    -0.267
   -2447.0    -0.241
   -2446.0    -0.216
   -2445.0    -0.189
   -2444.0    -0.163
   -2443.0    -0.137
   -2442.0    -0.111
   -2441.0    -0.083
   -2440.0    -0.056
   -2439.0    -0.030
   -2438.0    -0.001
   -2437.0     0.027
   -2436.0     0.055
   -2435.0     0.078
   -2434.0     0.100
   -2433.0     0.122
   -2432.0     0.144
   -2431.0     0.166
   -2430.0     0.189
   -2429.0     0.213
   -2428.0     0.235
   -2427.0     0.259
   -2426.0     0.281
   -2425.0     0.305
   -2424.0     0.328
   -2423.0     0.352
   -2422.0     0.377
   -2421.0     0.401
   -2420.0     0.425
   -2419.0     0.450
   -2418.0     0.474
   -2417.0     0.499
   -2416.0     0.524
   -2415.0     0.549
   -2414.0     0.574
   -2413.0     0.548
   -2412.0     0.486
   -2411.0     0.425
   -2410.0     0.363
   -2409.0     0.302
   -2408.0     0.240
   -2407.0     0.180
   -2406.0     0.118
   -2405.0     0.057
   -2404.0    -0.005
   -2403.0    -0.066
   -2402.0    -0.129
   -2401.0    -0.193
   -2400.0    -0.255
   -2399.0    -0.320
   -2398.0    -0.384
   -2397.0    -0.449
   -2396.0    -0.514
   -2395.0    -0.580
   -2394.0    -0.647
   -2393.0    -0.661
   -2392.0    -0.641
   -2391.0    -0.623
   -2390.0    -0.604
   -2389.0    -0.587
   -2388.0    -0.569
   -2387.0    -0.552
   -2386.0    -0.535
   -2385.0    -0.518
   -2384.0    -0.502
   -2383.0    -0.486
   -2382.0    -0.469
   -2381.0    -0.453
   -2380.0    -0.438
   -2379.0    -0.421
   -2378.0    -0.405
   -2377.0    -0.388
   -2376.0    -0.372
   -2375.0    -0.355
   -2374.0    -0.338
   -2373.0    -0.314
   -2372.0    -0.285
   -2371.0    -0.256
   -2370.0    -0.228
   -2369.0    -0.198
   -2368.0    -0.169
   -2367.0    -0.139
   -2366.0    -0.109
   -2365.0    -0.079
   -2364.0    -0.048
   -2363.0    -0.017
   -2362.0     0.014
   -2361.0     0.045
   -2360.0     0.076
   -2359.0     0.108
   -2358.0     0.141
   -2357.0     0.173
   -2356.0     0.206
   -2355.0     0.239
   -2354.0     0.272
   -2353.0     0.323
   -2352.0     0.385
   -2351.0     0.447
   -2350.0     0.511
   -2349.0     0.574
   -2348.0     0.637
   -2347.0     0.701
   -2346.0     0.766
   -2345.0     0.831
   -2344.0     0.895
   -2343.0     0.961
   -2342.0     1.027
   -2341.0     1.093
   -2340.0     1.159
   -2339.0     1.226
   -2338.0     1.295
   -2337.0     1.363
   -2336.0     1.431
   -2335.0     1.500
   -2334.0     1.571
   -2333.0     1.605
   -2332.0     1.626
   -2331.0     1.648
   -2330.0     1.670
   -2329.0     1.692
   -2328.0     1.714
   -2327.0     1.738
   -2326.0     1.761
   -2325.0     1.785
   -2324.0     1.809
   -2323.0     1.833
   -2322.0     1.857
   -2321.0     1.881
   -2320.0     1.906
   -2319.0     1.931
   -2318.0     1.956
   -2317.0     1.981
   -2316.0     2.006
   -2315.0     2.030
   -2314.0     2.056
   -2313.0     2.081
   -2312.0     2.054
   -2311.0     1.993
   -2310.0     1.932
   -2309.0     1.870
   -2308.0     1.810
   -2307.0     1.749
   -2306.0     1.687
   -2305.0     1.626
   -2304.0     1.563
   -2303.0     1.501
   -2302.0     1.438
   -2301.0     1.375
   -2300.0     1.312
   -2299.0     1.247
   -2298.0     1.182
   -2297.0     1.117
   -2296.0     1.050
   -2295.0     0.983
   -2294.0     0.915
   -2293.0     0.847
   -2292.0     0.854
   -2291.0     0.911
   -2290.0     0.968
   -2289.0     1.024
   -2288.0     1.079
   -2287.0     1.134
   -2286.0     1.189
   -2285.0     1.242
   -2284.0     1.297
   -2283.0     1.350
   -2282.0     1.403
   -2281.0     1.457
   -2280.0     1.511
   -2279.0     1.564
   -2278.0     1.620
   -2277.0     1.674
   -2276.0     1.729
   -2275.0     1.785
   -2274.0     1.840
   -2273.0     1.897
   -2272.0     1.880
   -2271.0     1.813
   -2270.0     1.748
   -2269.0     1.682
   -2268.0     1.617
   -2267.0     1.552
   -2266.0     1.488
   -2265.0     1.424
   -2264.0     1.359
   -2263.0     1.295
   -2262.0     1.230
   -2261.0     1.165
   -2260.0     1.100
   -2259.0     1.034
   -2258.0     0.968
   -2257.0     0.900
   -2256.0     0.834
   -2255.0     0.786
   -2254.0     0.751
   -2253.0     0.718
   -2252.0     0.683
   -2251.0     0.647
   -2250.0     0.610
   -2249.0     0.573
   -2248.0     0.536
   -2247.0     0.499
   -2246.0     0.460
   -2245.0     0.421
   -2244.0     0.382
   -2243.0     0.342
   -2242.0     0.302
   -2241.0     0.320
   -2240.0     0.377
   -2239.0     0.435
   -2238.0     0.491
   -2237.0     0.548
   -2236.0     0.605
   -2235.0     0.660
   -2234.0     0.716
   -2233.0     0.773
   -2232.0     0.830
   -2231.0     0.887
   -2230.0     0.944
   -2229.0     1.003
   -2228.0     1.060
   -2227.0     1.119
   -2226.0     1.121
   -2225.0     1.099
   -2224.0     1.078
   -2223.0     1.058
   -2222.0     1.039
   -2221.0     1.019
   -2220.0     0.999
   -2219.0     0.980
   -2218.0     0.962
   -2217.0     0.944
   -2216.0     0.925
   -2215.0     0.907
   -2214.0     0.889
   -2213.0     0.871
   -2212.0     0.852
   -2211.0     0.739
   -2210.0     0.585
   -2209.0     0.430
   -2208.0     0.276
   -2207.0     0.121
   -2206.0    -0.034
   -2205.0    -0.190
   -2204.0    -0.347
   -2203.0    -0.503
   -2202.0    -0.661
   -2201.0    -0.820
   -2200.0    -0.979
   -2199.0    -0.999
   -2198.0    -0.926
   -2197.0    -0.854
   -2196.0    -0.784
   -2195.0    -0.714
   -2194.0    -0.645
   -2193.0    -0.578
   -2192.0    -0.510
   -2191.0    -0.443
   -2190.0    -0.377
   -2189.0    -0.309
   -2188.0    -0.242
   -2187.0    -0.176
   -2186.0    -0.109
   -2185.0    -0.040
   -2184.0     0.028
   -2183.0     0.098
   -2182.0     0.168
   -2181.0     0.238
   -2180.0     0.309
   -2179.0     0.381
   -2178.0     0.454
   -2177.0     0.528
   -2176.0     0.602
   -2175.0     0.677
   -2174.0     0.754
   -2173.0     0.830
   -2172.0     0.907
   -2171.0     0.986
   -2170.0     1.065
   -2169.0     1.013
   -2168.0     0.877
   -2167.0     0.739
   -2166.0     0.603
   -2165.0     0.467
   -2164.0     0.331
   -2163.0     0.196
   -2162.0     0.061
   -2161.0    -0.075
   -2160.0    -0.210
   -2159.0    -0.347
   -2158.0    -0.482
   -2157.0    -0.621
   -2156.0    -0.760
   -2155.0    -0.898
   -2154.0    -0.854
   -2153.0    -0.730
   -2152.0    -0.608
   -2151.0    -0.486
   -2150.0    -0.365
   -2149.0    -0.245
   -2148.0    -0.126
   -2147.0    -0.008
   -2146.0     0.110
   -2145.0     0.229
   -2144.0     0.347
   -2143.0     0.466
   -2142.0     0.586
   -2141.0     0.706
   -2140.0     0.827
   -2139.0     0.950
   -2138.0     1.072
   -2137.0     1.196
   -2136.0     1.180
   -2135.0     1.129
   -2134.0     1.079
   -2133.0     1.030
   -2132.0     0.982
   -2131.0     0.936
   -2130.0     0.889
   -2129.0     0.842
   -2128.0     0.798
   -2127.0     0.752
   -2126.0     0.707
   -2125.0     0.663
   -2124.0     0.617
   -2123.0     0.572
   -2122.0     0.526
   -2121.0     0.480
   -2120.0     0.434
   -2119.0     0.387
   -2118.0     0.437
   -2117.0     0.526
   -2116.0     0.615
   -2115.0     0.703
   -2114.0     0.792
   -2113.0     0.880
   -2112.0     0.967
   -2111.0     1.055
   -2110.0     1.143
   -2109.0     1.231
   -2108.0     1.319
   -2107.0     1.407
   -2106.0     1.497
   -2105.0     1.586
   -2104.0     1.676
   -2103.0     1.767
   -2102.0     1.858
   -2101.0     1.950
   -2100.0     2.042
   -2099.0     2.136
   -2098.0     2.229
   -2097.0     2.324
   -2096.0     2.420
   -2095.0     2.515
   -2094.0     2.514
   -2093.0     2.470
   -2092.0     2.427
   -2091.0     2.384
   -2090.0     2.343
   -2089.0     2.301
   -2088.0     2.261
   -2087.0     2.220
   -2086.0     2.180
   -2085.0     2.139
   -2084.0     2.098
   -2083.0     2.057
   -2082.0     2.017
   -2081.0     1.976
   -2080.0     1.933
   -2079.0     1.863
   -2078.0     1.778
   -2077.0     1.693
   -2076.0     1.607
   -2075.0     1.522
   -2074.0     1.436
   -2073.0     1.348
   -2072.0     1.260
   -2071.0     1.172
   -2070.0     1.082
   -2069.0     0.992
   -2068.0     0.901
   -2067.0     0.810
   -2066.0     0.717
   -2065.0     0.623
   -2064.0     0.529
   -2063.0     0.434
   -2062.0     0.337
   -2061.0     0.240
   -2060.0     0.142
   -2059.0     0.043
   -2058.0    -0.057
   -2057.0    -0.157
   -2056.0    -0.259
   -2055.0    -0.361
   -2054.0    -0.334
   -2053.0    -0.251
   -2052.0    -0.168
   -2051.0    -0.087
   -2050.0    -0.006
   -2049.0     0.074
   -2048.0     0.154
   -2047.0     0.234
   -2046.0     0.313
   -2045.0     0.392
   -2044.0     0.473
   -2043.0     0.553
   -2042.0     0.634
   -2041.0     0.715
   -2040.0     0.796
   -2039.0     0.880
   -2038.0     0.963
   -2037.0     1.047
   -2036.0     1.132
   -2035.0     1.217
   -2034.0     1.304
   -2033.0     1.392
   -2032.0     1.373
   -2031.0     1.309
   -2030.0     1.246
   -2029.0     1.185
   -2028.0     1.122
   -2027.0     1.063
   -2026.0     1.002
   -2025.0     0.942
   -2024.0     0.883
   -2023.0     0.823
   -2022.0     0.763
   -2021.0     0.703
   -2020.0     0.643
   -2019.0     0.583
   -2018.0     0.522
   -2017.0     0.461
   -2016.0     0.400
   -2015.0     0.338
   -2014.0     0.276
   -2013.0     0.213
   -2012.0     0.149
   -2011.0     0.085
   -2010.0     0.020
   -2009.0    -0.044
   -2008.0    -0.110
   -2007.0    -0.030
   -2006.0     0.112
   -2005.0     0.255
   -2004.0     0.396
   -2003.0     0.538
   -2002.0     0.678
   -2001.0     0.819
   -2000.0     0.960
   -1999.0     1.101
   -1998.0     1.243
   -1997.0     1.386
   -1996.0     1.528
   -1995.0     1.673
   -1994.0     1.817
   -1993.0     1.964
   -1992.0     2.110
   -1991.0     2.259
   -1990.0     2.409
   -1989.0     2.560
   -1988.0     2.711
   -1987.0     2.866
   -1986.0     2.832
   -1985.0     2.718
   -1984.0     2.605
   -1983.0     2.495
   -1982.0     2.384
   -1981.0     2.274
   -1980.0     2.165
   -1979.0     2.058
   -1978.0     1.949
   -1977.0     1.840
   -1976.0     1.732
   -1975.0     1.622
   -1974.0     1.513
   -1973.0     1.403
   -1972.0     1.291
   -1971.0     1.180
   -1970.0     1.067
   -1969.0     0.952
   -1968.0     0.836
   -1967.0     0.721
   -1966.0     0.673
   -1965.0     0.673
   -1964.0     0.672
   -1963.0     0.669
   -1962.0     0.666
   -1961.0     0.662
   -1960.0     0.657
   -1959.0     0.649
   -1958.0     0.643
   -1957.0     0.635
   -1956.0     0.626
   -1955.0     0.619
   -1954.0     0.610
   -1953.0     0.601
   -1952.0     0.592
   -1951.0     0.582
   -1950.0     0.573
   -1949.0     0.563
   -1948.0     0.554
   -1947.0     0.570
   -1946.0     0.598
   -1945.0     0.627
   -1944.0     0.655
   -1943.0     0.683
   -1942.0     0.711
   -1941.0     0.739
   -1940.0     0.767
   -1939.0     0.796
   -1938.0     0.825
   -1937.0     0.855
   -1936.0     0.884
   -1935.0     0.913
   -1934.0     0.943
   -1933.0     0.973
   -1932.0     1.003
   -1931.0     1.034
   -1930.0     1.065
   -1929.0     1.097
   -1928.0     1.128
   -1927.0     1.160
   -1926.0     1.193
   -1925.0     1.225
   -1924.0     1.258
   -1923.0     1.232
   -1922.0     1.190
   -1921.0     1.149
   -1920.0     1.108
   -1919.0     1.067
   -1918.0     1.027
   -1917.0     0.986
   -1916.0     0.947
   -1915.0     0.905
   -1914.0     0.865
   -1913.0     0.825
   -1912.0     0.784
   -1911.0     0.743
   -1910.0     0.702
   -1909.0     0.660
   -1908.0     0.619
   -1907.0     0.576
   -1906.0     0.533
   -1905.0     0.491
   -1904.0     0.447
   -1903.0     0.439
   -1902.0     0.439
   -1901.0     0.439
   -1900.0     0.438
   -1899.0     0.437
   -1898.0     0.435
   -1897.0     0.433
   -1896.0     0.431
   -1895.0     0.429
   -1894.0     0.426
   -1893.0     0.424
   -1892.0     0.422
   -1891.0     0.419
   -1890.0     0.416
   -1889.0     0.414
   -1888.0     0.411
   -1887.0     0.409
   -1886.0     0.406
   -1885.0     0.404
   -1884.0     0.408
   -1883.0     0.416
   -1882.0     0.424
   -1881.0     0.431
   -1880.0     0.438
   -1879.0     0.445
   -1878.0     0.452
   -1877.0     0.460
   -1876.0     0.468
   -1875.0     0.475
   -1874.0     0.483
   -1873.0     0.491
   -1872.0     0.500
   -1871.0     0.508
   -1870.0     0.516
   -1869.0     0.524
   -1868.0     0.533
   -1867.0     0.541
   -1866.0     0.550
   -1865.0     0.559
   -1864.0     0.537
   -1863.0     0.508
   -1862.0     0.479
   -1861.0     0.450
   -1860.0     0.421
   -1859.0     0.391
   -1858.0     0.362
   -1857.0     0.334
   -1856.0     0.304
   -1855.0     0.276
   -1854.0     0.246
   -1853.0     0.217
   -1852.0     0.187
   -1851.0     0.157
   -1850.0     0.128
   -1849.0     0.098
   -1848.0     0.067
   -1847.0     0.037
   -1846.0     0.006
   -1845.0    -0.024
   -1844.0    -0.004
   -1843.0     0.029
   -1842.0     0.062
   -1841.0     0.095
   -1840.0     0.127
   -1839.0     0.159
   -1838.0     0.191
   -1837.0     0.223
   -1836.0     0.255
   -1835.0     0.288
   -1834.0     0.320
   -1833.0     0.354
   -1832.0     0.387
   -1831.0     0.420
   -1830.0     0.351
   -1829.0     0.257
   -1828.0     0.163
   -1827.0     0.070
   -1826.0    -0.023
   -1825.0    -0.117
   -1824.0    -0.210
   -1823.0    -0.303
   -1822.0    -0.396
   -1821.0    -0.491
   -1820.0    -0.584
   -1819.0    -0.679
   -1818.0    -0.774
   -1817.0    -0.869
   -1816.0    -0.966
   -1815.0    -1.063
   -1814.0    -1.160
   -1813.0    -1.259
   -1812.0    -1.357
   -1811.0    -1.457
   -1810.0    -1.557
   -1809.0    -1.658
   -1808.0    -1.760
   -1807.0    -1.759
   -1806.0    -1.715
   -1805.0    -1.671
   -1804.0    -1.629
   -1803.0    -1.586
   -1802.0    -1.545
   -1801.0    -1.503
   -1800.0    -1.461
   -1799.0    -1.421
   -1798.0    -1.380
   -1797.0    -1.339
   -1796.0    -1.298
   -1795.0    -1.256
   -1794.0    -1.214
   -1793.0    -1.172
   -1792.0    -1.128
   -1791.0    -1.085
   -1790.0    -1.041
   -1789.0    -0.997
   -1788.0    -0.953
   -1787.0    -0.907
   -1786.0    -0.860
   -1785.0    -0.813
   -1784.0    -0.795
   -1783.0    -0.789
   -1782.0    -0.783
   -1781.0    -0.777
   -1780.0    -0.769
   -1779.0    -0.760
   -1778.0    -0.752
   -1777.0    -0.743
   -1776.0    -0.733
   -1775.0    -0.724
   -1774.0    -0.714
   -1773.0    -0.704
   -1772.0    -0.693
   -1771.0    -0.682
   -1770.0    -0.671
   -1769.0    -0.660
   -1768.0    -0.649
   -1767.0    -0.636
   -1766.0    -0.625
   -1765.0    -0.580
   -1764.0    -0.522
   -1763.0    -0.463
   -1762.0    -0.405
   -1761.0    -0.346
   -1760.0    -0.287
   -1759.0    -0.227
   -1758.0    -0.167
   -1757.0    -0.108
   -1756.0    -0.048
   -1755.0     0.014
   -1754.0     0.075
   -1753.0     0.135
   -1752.0     0.197
   -1751.0     0.260
   -1750.0     0.323
   -1749.0     0.386
   -1748.0     0.450
   -1747.0     0.514
   -1746.0     0.578
   -1745.0     0.609
   -1744.0     0.632
   -1743.0     0.655
   -1742.0     0.679
   -1741.0     0.703
   -1740.0     0.727
   -1739.0     0.753
   -1738.0     0.778
   -1737.0     0.803
   -1736.0     0.829
   -1735.0     0.855
   -1734.0     0.881
   -1733.0     0.907
   -1732.0     0.933
   -1731.0     0.960
   -1730.0     0.988
   -1729.0     1.014
   -1728.0     1.041
   -1727.0     1.069
   -1726.0     1.096
   -1725.0     1.124
   -1724.0     1.116
   -1723.0     1.094
   -1722.0     1.072
   -1721.0     1.049
   -1720.0     1.027
   -1719.0     1.004
   -1718.0     0.982
   -1717.0     0.960
   -1716.0     0.938
   -1715.0     0.915
   -1714.0     0.893
   -1713.0     0.870
   -1712.0     0.846
   -1711.0     0.823
   -1710.0     0.799
   -1709.0     0.774
   -1708.0     0.750
   -1707.0     0.726
   -1706.0     0.701
   -1705.0     0.675
   -1704.0     0.642
   -1703.0     0.607
   -1702.0     0.571
   -1701.0     0.534
   -1700.0     0.498
   -1699.0     0.461
   -1698.0     0.424
   -1697.0     0.387
   -1696.0     0.349
   -1695.0     0.310
   -1694.0     0.272
   -1693.0     0.233
   -1692.0     0.194
   -1691.0     0.154
   -1690.0     0.114
   -1689.0     0.113
   -1688.0     0.133
   -1687.0     0.150
   -1686.0     0.168
   -1685.0     0.185
   -1684.0     0.202
   -1683.0     0.218
   -1682.0     0.234
   -1681.0     0.250
   -1680.0     0.267
   -1679.0     0.282
   -1678.0     0.299
   -1677.0     0.314
   -1676.0     0.331
   -1675.0     0.347
   -1674.0     0.364
   -1673.0     0.379
   -1672.0     0.396
   -1671.0     0.413
   -1670.0     0.430
   -1669.0     0.460
   -1668.0     0.497
   -1667.0     0.533
   -1666.0     0.570
   -1665.0     0.607
   -1664.0     0.643
   -1663.0     0.681
   -1662.0     0.718
   -1661.0     0.756
   -1660.0     0.794
   -1659.0     0.832
   -1658.0     0.871
   -1657.0     0.909
   -1656.0     0.948
   -1655.0     0.987
   -1654.0     1.027
   -1653.0     1.067
   -1652.0     1.108
   -1651.0     1.143
   -1650.0     1.174
   -1649.0     1.206
   -1648.0     1.237
   -1647.0     1.270
   -1646.0     1.302
   -1645.0     1.335
   -1644.0     1.367
   -1643.0     1.401
   -1642.0     1.434
   -1641.0     1.468
   -1640.0     1.502
   -1639.0     1.536
   -1638.0     1.571
   -1637.0     1.607
   -1636.0     1.641
   -1635.0     1.676
   -1634.0     1.711
   -1633.0     1.747
   -1632.0     1.783
   -1631.0     1.819
   -1630.0     1.819
   -1629.0     1.781
   -1628.0     1.744
   -1627.0     1.708
   -1626.0     1.671
   -1625.0     1.634
   -1624.0     1.598
   -1623.0     1.561
   -1622.0     1.524
   -1621.0     1.488
   -1620.0     1.450
   -1619.0     1.413
   -1618.0     1.375
   -1617.0     1.337
   -1616.0     1.298
   -1615.0     1.260
   -1614.0     1.221
   -1613.0     1.181
   -1612.0     1.141
   -1611.0     1.100
   -1610.0     1.061
   -1609.0     1.019
   -1608.0     0.976
   -1607.0     0.934
   -1606.0     0.891
   -1605.0     0.883
   -1604.0     0.926
   -1603.0     0.970
   -1602.0     1.012
   -1601.0     1.055
   -1600.0     1.096
   -1599.0     1.138
   -1598.0     1.179
   -1597.0     1.220
   -1596.0     1.262
   -1595.0     1.303
   -1594.0     1.345
   -1593.0     1.386
   -1592.0     1.428
   -1591.0     1.470
   -1590.0     1.484
   -1589.0     1.468
   -1588.0     1.455
   -1587.0     1.441
   -1586.0     1.427
   -1585.0     1.413
   -1584.0     1.401
   -1583.0     1.387
   -1582.0     1.375
   -1581.0     1.362
   -1580.0     1.350
   -1579.0     1.337
   -1578.0     1.324
   -1577.0     1.311
   -1576.0     1.298
   -1575.0     1.285
   -1574.0     1.273
   -1573.0     1.260
   -1572.0     1.246
   -1571.0     1.233
   -1570.0     1.219
   -1569.0     1.206
   -1568.0     1.192
   -1567.0     1.177
   -1566.0     1.163
   -1565.0     1.149
   -1564.0     1.148
   -1563.0     1.152
   -1562.0     1.155
   -1561.0     1.160
   -1560.0     1.163
   -1559.0     1.166
   -1558.0     1.169
   -1557.0     1.173
   -1556.0     1.175
   -1555.0     1.179
   -1554.0     1.182
   -1553.0     1.184
   -1552.0     1.188
   -1551.0     1.190
   -1550.0     1.193
   -1549.0     1.185
   -1548.0     1.172
   -1547.0     1.158
   -1546.0     1.145
   -1545.0     1.132
   -1544.0     1.119
   -1543.0     1.105
   -1542.0     1.092
   -1541.0     1.078
   -1540.0     1.065
   -1539.0     1.051
   -1538.0     1.037
   -1537.0     1.024
   -1536.0     1.009
   -1535.0     0.996
   -1534.0     0.982
   -1533.0     0.968
   -1532.0     0.953
   -1531.0     0.939
   -1530.0     0.910
   -1529.0     0.871
   -1528.0     0.833
   -1527.0     0.793
   -1526.0     0.754
   -1525.0     0.715
   -1524.0     0.676
   -1523.0     0.636
   -1522.0     0.596
   -1521.0     0.556
   -1520.0     0.516
   -1519.0     0.474
   -1518.0     0.433
   -1517.0     0.393
   -1516.0     0.351
   -1515.0     0.310
   -1514.0     0.268
   -1513.0     0.225
   -1512.0     0.172
   -1511.0     0.113
   -1510.0     0.055
   -1509.0    -0.005
   -1508.0    -0.064
   -1507.0    -0.123
   -1506.0    -0.183
   -1505.0    -0.244
   -1504.0    -0.304
   -1503.0    -0.366
   -1502.0    -0.427
   -1501.0    -0.488
   -1500.0    -0.551
   -1499.0    -0.613
   -1498.0    -0.677
   -1497.0    -0.740
   -1496.0    -0.804
   -1495.0    -0.868
   -1494.0    -0.932
   -1493.0    -0.917
   -1492.0    -0.851
   -1491.0    -0.784
   -1490.0    -0.719
   -1489.0    -0.653
   -1488.0    -0.587
   -1487.0    -0.522
   -1486.0    -0.457
   -1485.0    -0.391
   -1484.0    -0.325
   -1483.0    -0.259
   -1482.0    -0.192
   -1481.0    -0.125
   -1480.0    -0.057
   -1479.0     0.011
   -1478.0     0.081
   -1477.0     0.150
   -1476.0     0.221
   -1475.0     0.292
   -1474.0     0.364
   -1473.0     0.437
   -1472.0     0.473
   -1471.0     0.495
   -1470.0     0.517
   -1469.0     0.542
   -1468.0     0.566
   -1467.0     0.590
   -1466.0     0.615
   -1465.0     0.641
   -1464.0     0.668
   -1463.0     0.694
   -1462.0     0.655
   -1461.0     0.589
   -1460.0     0.523
   -1459.0     0.457
   -1458.0     0.391
   -1457.0     0.326
   -1456.0     0.261
   -1455.0     0.194
   -1454.0     0.128
   -1453.0     0.062
   -1452.0    -0.004
   -1451.0    -0.070
   -1450.0    -0.138
   -1449.0    -0.206
   -1448.0    -0.274
   -1447.0    -0.343
   -1446.0    -0.412
   -1445.0    -0.482
   -1444.0    -0.553
   -1443.0    -0.623
   -1442.0    -0.695
   -1441.0    -0.767
   -1440.0    -0.840
   -1439.0    -0.913
   -1438.0    -0.988
   -1437.0    -0.954
   -1436.0    -0.875
   -1435.0    -0.796
   -1434.0    -0.719
   -1433.0    -0.641
   -1432.0    -0.564
   -1431.0    -0.487
   -1430.0    -0.410
   -1429.0    -0.334
   -1428.0    -0.257
   -1427.0    -0.180
   -1426.0    -0.101
   -1425.0    -0.024
   -1424.0     0.055
   -1423.0     0.134
   -1422.0     0.214
   -1421.0     0.295
   -1420.0     0.376
   -1419.0     0.457
   -1418.0     0.433
   -1417.0     0.362
   -1416.0     0.293
   -1415.0     0.224
   -1414.0     0.155
   -1413.0     0.088
   -1412.0     0.021
   -1411.0    -0.046
   -1410.0    -0.113
   -1409.0    -0.179
   -1408.0    -0.246
   -1407.0    -0.314
   -1406.0    -0.380
   -1405.0    -0.448
   -1404.0    -0.517
   -1403.0    -0.585
   -1402.0    -0.654
   -1401.0    -0.723
   -1400.0    -0.792
   -1399.0    -0.863
   -1398.0    -0.934
   -1397.0    -1.006
   -1396.0    -1.078
   -1395.0    -1.151
   -1394.0    -1.136
   -1393.0    -1.083
   -1392.0    -1.033
   -1391.0    -0.981
   -1390.0    -0.931
   -1389.0    -0.882
   -1388.0    -0.832
   -1387.0    -0.784
   -1386.0    -0.733
   -1385.0    -0.684
   -1384.0    -0.634
   -1383.0    -0.585
   -1382.0    -0.535
   -1381.0    -0.485
   -1380.0    -0.435
   -1379.0    -0.384
   -1378.0    -0.333
   -1377.0    -0.281
   -1376.0    -0.229
   -1375.0    -0.176
   -1374.0    -0.123
   -1373.0    -0.069
   -1372.0    -0.015
   -1371.0     0.039
   -1370.0     0.095
   -1369.0     0.150
   -1368.0     0.207
   -1367.0     0.264
   -1366.0     0.321
   -1365.0     0.378
   -1364.0     0.464
   -1363.0     0.563
   -1362.0     0.661
   -1361.0     0.761
   -1360.0     0.860
   -1359.0     0.961
   -1358.0     1.062
   -1357.0     1.163
   -1356.0     1.265
   -1355.0     1.368
   -1354.0     1.472
   -1353.0     1.576
   -1352.0     1.680
   -1351.0     1.786
   -1350.0     1.853
   -1349.0     1.903
   -1348.0     1.954
   -1347.0     2.007
   -1346.0     2.058
   -1345.0     2.111
   -1344.0     2.166
   -1343.0     2.220
   -1342.0     2.276
   -1341.0     2.331
   -1340.0     2.387
   -1339.0     2.443
   -1338.0     2.500
   -1337.0     2.558
   -1336.0     2.616
   -1335.0     2.673
   -1334.0     2.732
   -1333.0     2.790
   -1332.0     2.849
   -1331.0     2.908
   -1330.0     2.863
   -1329.0     2.773
   -1328.0     2.683
   -1327.0     2.592
   -1326.0     2.503
   -1325.0     2.412
   -1324.0     2.322
   -1323.0     2.233
   -1322.0     2.142
   -1321.0     2.051
   -1320.0     1.960
   -1319.0     1.867
   -1318.0     1.775
   -1317.0     1.681
   -1316.0     1.586
   -1315.0     1.490
   -1314.0     1.395
   -1313.0     1.296
   -1312.0     1.198
   -1311.0     1.099
   -1310.0     1.153
   -1309.0     1.273
   -1308.0     1.392
   -1307.0     1.509
   -1306.0     1.627
   -1305.0     1.744
   -1304.0     1.859
   -1303.0     1.975
   -1302.0     2.090
   -1301.0     2.205
   -1300.0     2.321
   -1299.0     2.436
   -1298.0     2.552
   -1297.0     2.668
   -1296.0     2.786
   -1295.0     2.904
   -1294.0     3.023
   -1293.0     3.143
   -1292.0     3.263
   -1291.0     3.386
   -1290.0     3.508
   -1289.0     3.632
   -1288.0     3.757
   -1287.0     3.767
   -1286.0     3.663
   -1285.0     3.559
   -1284.0     3.456
   -1283.0     3.355
   -1282.0     3.254
   -1281.0     3.153
   -1280.0     3.053
   -1279.0     2.953
   -1278.0     2.852
   -1277.0     2.751
   -1276.0     2.650
   -1275.0     2.549
   -1274.0     2.446
   -1273.0     2.342
   -1272.0     2.238
   -1271.0     2.132
   -1270.0     2.026
   -1269.0     1.919
   -1268.0     1.809
   -1267.0     1.699
   -1266.0     1.632
   -1265.0     1.607
   -1264.0     1.582
   -1263.0     1.553
   -1262.0     1.525
   -1261.0     1.494
   -1260.0     1.463
   -1259.0     1.433
   -1258.0     1.400
   -1257.0     1.366
   -1256.0     1.333
   -1255.0     1.299
   -1254.0     1.263
   -1253.0     1.228
   -1252.0     1.192
   -1251.0     1.156
   -1250.0     1.119
   -1249.0     1.083
   -1248.0     1.045
   -1247.0     1.008
   -1246.0     0.970
   -1245.0     0.932
   -1244.0     0.894
   -1243.0     0.856
   -1242.0     0.816
   -1241.0     0.792
   -1240.0     0.772
   -1239.0     0.753
   -1238.0     0.733
   -1237.0     0.712
   -1236.0     0.692
   -1235.0     0.672
   -1234.0     0.651
   -1233.0     0.630
   -1232.0     0.610
   -1231.0     0.589
   -1230.0     0.568
   -1229.0     0.547
   -1228.0     0.526
   -1227.0     0.505
   -1226.0     0.484
   -1225.0     0.462
   -1224.0     0.441
   -1223.0     0.421
   -1222.0     0.399
   -1221.0     0.378
   -1220.0     0.357
   -1219.0     0.335
   -1218.0     0.314
   -1217.0     0.293
   -1216.0     0.272
   -1215.0     0.251
   -1214.0     0.229
   -1213.0     0.208
   -1212.0     0.186
   -1211.0     0.165
   -1210.0     0.144
   -1209.0     0.122
   -1208.0     0.100
   -1207.0     0.079
   -1206.0     0.058
   -1205.0     0.037
   -1204.0     0.015
   -1203.0    -0.006
   -1202.0    -0.028
   -1201.0    -0.049
   -1200.0    -0.071
   -1199.0    -0.093
   -1198.0    -0.115
   -1197.0    -0.136
   -1196.0    -0.158
   -1195.0    -0.180
   -1194.0    -0.202
   -1193.0    -0.223
   -1192.0    -0.246
   -1191.0    -0.267
   -1190.0    -0.290
   -1189.0    -0.311
   -1188.0    -0.333
   -1187.0    -0.355
   -1186.0    -0.377
   -1185.0    -0.399
   -1184.0    -0.422
   -1183.0    -0.443
   -1182.0    -0.465
   -1181.0    -0.488
   -1180.0    -0.510
   -1179.0    -0.532
   -1178.0    -0.554
   -1177.0    -0.576
   -1176.0    -0.599
   -1175.0    -0.621
   -1174.0    -0.644
   -1173.0    -0.666
   -1172.0    -0.688
   -1171.0    -0.711
   -1170.0    -0.734
   -1169.0    -0.756
   -1168.0    -0.778
   -1167.0    -0.802
   -1166.0    -0.825
   -1165.0    -0.847
   -1164.0    -0.870
   -1163.0    -0.892
   -1162.0    -0.915
   -1161.0    -0.939
   -1160.0    -0.961
   -1159.0    -0.984
   -1158.0    -1.007
   -1157.0    -1.030
   -1156.0    -1.053
   -1155.0    -1.076
   -1154.0    -1.099
   -1153.0    -1.122
   -1152.0    -1.145
   -1151.0    -1.168
   -1150.0    -1.192
   -1149.0    -1.215
   -1148.0    -1.238
   -1147.0    -1.261
   -1146.0    -1.284
   -1145.0    -1.308
   -1144.0    -1.332
   -1143.0    -1.354
   -1142.0    -1.378
   -1141.0    -1.402
   -1140.0    -1.331
   -1139.0    -1.236
   -1138.0    -1.141
   -1137.0    -1.046
   -1136.0    -0.952
   -1135.0    -0.857
   -1134.0    -0.762
   -1133.0    -0.667
   -1132.0    -0.572
   -1131.0    -0.475
   -1130.0    -0.378
   -1129.0    -0.280
   -1128.0    -0.183
   -1127.0    -0.084
   -1126.0     0.016
   -1125.0     0.116
   -1124.0     0.218
   -1123.0     0.320
   -1122.0     0.423
   -1121.0     0.527
   -1120.0     0.633
   -1119.0     0.612
   -1118.0     0.538
   -1117.0     0.465
   -1116.0     0.391
   -1115.0     0.320
   -1114.0     0.249
   -1113.0     0.179
   -1112.0     0.109
   -1111.0     0.039
   -1110.0    -0.032
   -1109.0    -0.102
   -1108.0    -0.172
   -1107.0    -0.175
   -1106.0    -0.152
   -1105.0    -0.128
   -1104.0    -0.105
   -1103.0    -0.083
   -1102.0    -0.061
   -1101.0    -0.039
   -1100.0    -0.018
   -1099.0     0.003
   -1098.0     0.025
   -1097.0     0.044
   -1096.0     0.064
   -1095.0     0.085
   -1094.0     0.105
   -1093.0     0.125
   -1092.0     0.145
   -1091.0     0.166
   -1090.0     0.186
   -1089.0     0.207
   -1088.0     0.226
   -1087.0     0.247
   -1086.0     0.268
   -1085.0     0.288
   -1084.0     0.310
   -1083.0     0.331
   -1082.0     0.351
   -1081.0     0.373
   -1080.0     0.395
   -1079.0     0.417
   -1078.0     0.437
   -1077.0     0.459
   -1076.0     0.465
   -1075.0     0.460
   -1074.0     0.456
   -1073.0     0.453
   -1072.0     0.448
   -1071.0     0.444
   -1070.0     0.440
   -1069.0     0.437
   -1068.0     0.433
   -1067.0     0.428
   -1066.0     0.424
   -1065.0     0.421
   -1064.0     0.417
   -1063.0     0.413
   -1062.0     0.409
   -1061.0     0.406
   -1060.0     0.401
   -1059.0     0.397
   -1058.0     0.393
   -1057.0     0.388
   -1056.0     0.384
   -1055.0     0.380
   -1054.0     0.374
   -1053.0     0.370
   -1052.0     0.366
   -1051.0     0.438
   -1050.0     0.560
   -1049.0     0.684
   -1048.0     0.807
   -1047.0     0.930
   -1046.0     1.053
   -1045.0     1.178
   -1044.0     1.301
   -1043.0     1.425
   -1042.0     1.550
   -1041.0     1.675
   -1040.0     1.800
   -1039.0     1.927
   -1038.0     2.054
   -1037.0     2.182
   -1036.0     1.979
   -1035.0     1.554
   -1034.0     1.128
   -1033.0     0.704
   -1032.0     0.281
   -1031.0    -0.142
   -1030.0    -0.565
   -1029.0    -0.602
   -1028.0    -0.473
   -1027.0    -0.347
   -1026.0    -0.222
   -1025.0    -0.097
   -1024.0     0.025
   -1023.0     0.146
   -1022.0     0.264
   -1021.0     0.383
   -1020.0     0.499
   -1019.0     0.616
   -1018.0     0.731
   -1017.0     0.847
   -1016.0     0.830
   -1015.0     0.756
   -1014.0     0.683
   -1013.0     0.611
   -1012.0     0.538
   -1011.0     0.467
   -1010.0     0.395
   -1009.0     0.362
   -1008.0     0.343
   -1007.0     0.325
   -1006.0     0.307
   -1005.0     0.289
   -1004.0     0.271
   -1003.0     0.252
   -1002.0     0.281
   -1001.0     0.339
   -1000.0     0.399
    -999.0     0.459
    -998.0     0.517
    -997.0     0.577
    -996.0     0.635
    -995.0     0.693
    -994.0     0.752
    -993.0     0.811
    -992.0     0.686
    -991.0     0.436
    -990.0     0.186
    -989.0    -0.062
    -988.0    -0.310
    -987.0    -0.560
    -986.0    -0.808
    -985.0    -1.058
    -984.0    -1.307
    -983.0    -1.382
    -982.0    -1.340
    -981.0    -1.299
    -980.0    -1.261
    -979.0    -1.223
    -978.0    -1.186
    -977.0    -1.151
    -976.0    -1.116
    -975.0    -1.083
    -974.0    -1.050
    -973.0    -1.018
    -972.0    -0.987
    -971.0    -0.955
    -970.0    -0.923
    -969.0    -0.892
    -968.0    -0.860
    -967.0    -0.734
    -966.0    -0.584
    -965.0    -0.432
    -964.0    -0.282
    -963.0    -0.130
    -962.0     0.023
    -961.0     0.175
    -960.0     0.329
    -959.0     0.483
    -958.0     0.639
    -957.0     0.795
    -956.0     0.952
    -955.0     0.802
    -954.0     0.617
    -953.0     0.435
    -952.0     0.253
    -951.0     0.074
    -950.0    -0.106
    -949.0    -0.285
    -948.0    -0.463
    -947.0    -0.642
    -946.0    -0.820
    -945.0    -0.999
    -944.0    -0.945
    -943.0    -0.867
    -942.0    -0.790
    -941.0    -0.713
    -940.0    -0.637
    -939.0    -0.563
    -938.0    -0.489
    -937.0    -0.415
    -936.0    -0.327
    -935.0    -0.238
    -934.0    -0.148
    -933.0    -0.059
    -932.0     0.031
    -931.0     0.121
    -930.0     0.211
    -929.0     0.301
    -928.0     0.393
    -927.0     0.484
    -926.0     0.576
    -925.0     0.669
    -924.0     0.717
    -923.0     0.746
    -922.0     0.776
    -921.0     0.807
    -920.0     0.839
    -919.0     0.870
    -918.0     0.904
    -917.0     0.937
    -916.0     0.971
    -915.0     1.005
    -914.0     1.040
    -913.0     0.988
    -912.0     0.897
    -911.0     0.809
    -910.0     0.718
    -909.0     0.631
    -908.0     0.541
    -907.0     0.452
    -906.0     0.363
    -905.0     0.274
    -904.0     0.185
    -903.0     0.095
    -902.0     0.004
    -901.0    -0.087
    -900.0    -0.179
    -899.0    -0.271
    -898.0    -0.364
    -897.0    -0.360
    -896.0    -0.332
    -895.0    -0.306
    -894.0    -0.280
    -893.0    -0.255
    -892.0    -0.230
    -891.0    -0.206
    -890.0    -0.183
    -889.0    -0.160
    -888.0    -0.137
    -887.0    -0.115
    -886.0    -0.092
    -885.0    -0.070
    -884.0    -0.048
    -883.0    -0.026
    -882.0    -0.003
    -881.0     0.011
    -880.0     0.022
    -879.0     0.034
    -878.0     0.047
    -877.0     0.059
    -876.0     0.072
    -875.0     0.085
    -874.0     0.098
    -873.0     0.111
    -872.0     0.124
    -871.0     0.242
    -870.0     0.387
    -869.0     0.532
    -868.0     0.677
    -867.0     0.822
    -866.0     0.967
    -865.0     1.114
    -864.0     1.259
    -863.0     1.407
    -862.0     1.333
    -861.0     1.235
    -860.0     1.139
    -859.0     1.043
    -858.0     0.948
    -857.0     0.853
    -856.0     0.906
    -855.0     0.975
    -854.0     1.045
    -853.0     1.114
    -852.0     1.184
    -851.0     1.254
    -850.0     1.324
    -849.0     1.394
    -848.0     1.464
    -847.0     1.534
    -846.0     1.319
    -845.0     1.104
    -844.0     0.889
    -843.0     0.674
    -842.0     0.460
    -841.0     0.245
    -840.0     0.030
    -839.0    -0.185
    -838.0    -0.402
    -837.0    -0.192
    -836.0     0.017
    -835.0     0.224
    -834.0     0.430
    -833.0     0.635
    -832.0     0.839
    -831.0     1.003
    -830.0     0.821
    -829.0     0.639
    -828.0     0.456
    -827.0     0.274
    -826.0     0.092
    -825.0    -0.089
    -824.0    -0.271
    -823.0    -0.452
    -822.0    -0.611
    -821.0    -0.562
    -820.0    -0.513
    -819.0    -0.464
    -818.0    -0.416
    -817.0    -0.370
    -816.0    -0.325
    -815.0    -0.278
    -814.0    -0.234
    -813.0    -0.195
    -812.0    -0.158
    -811.0    -0.119
    -810.0    -0.081
    -809.0    -0.042
    -808.0    -0.005
    -807.0     0.034
    -806.0     0.072
    -805.0     0.111
    -804.0     0.150
    -803.0     0.190
    -802.0     0.230
    -801.0     0.270
    -800.0     0.311
    -799.0     0.352
    -798.0     0.393
    -797.0     0.436
    -796.0     0.477
    -795.0     0.290
    -794.0     0.046
    -793.0    -0.198
    -792.0    -0.442
    -791.0    -0.686
    -790.0    -0.929
    -789.0    -1.173
    -788.0    -0.920
    -787.0    -0.543
    -786.0    -0.168
    -785.0    -0.074
    -784.0    -0.051
    -783.0    -0.029
    -782.0    -0.006
    -781.0     0.016
    -780.0     0.038
    -779.0     0.061
    -778.0     0.083
    -777.0     0.105
    -776.0     0.128
    -775.0     0.153
    -774.0     0.177
    -773.0     0.202
    -772.0     0.227
    -771.0     0.255
    -770.0     0.286
    -769.0     0.317
    -768.0     0.349
    -767.0     0.381
    -766.0     0.413
    -765.0     0.446
    -764.0     0.477
    -763.0     0.511
    -762.0     0.497
    -761.0     0.464
    -760.0     0.431
    -759.0     0.398
    -758.0     0.365
    -757.0     0.334
    -756.0     0.302
    -755.0     0.238
    -754.0     0.168
    -753.0     0.098
    -752.0     0.027
    -751.0    -0.043
    -750.0    -0.113
    -749.0    -0.186
    -748.0    -0.257
    -747.0    -0.329
    -746.0    -0.361
    -745.0    -0.384
    -744.0    -0.408
    -743.0    -0.432
    -742.0    -0.457
    -741.0    -0.482
    -740.0    -0.508
    -739.0    -0.509
    -738.0    -0.507
    -737.0    -0.504
    -736.0    -0.503
    -735.0    -0.501
    -734.0    -0.501
    -733.0    -0.500
    -732.0    -0.500
    -731.0    -0.499
    -730.0    -0.498
    -729.0    -0.438
    -728.0    -0.372
    -727.0    -0.305
    -726.0    -0.238
    -725.0    -0.172
    -724.0    -0.104
    -723.0    -0.038
    -722.0     0.029
    -721.0     0.016
    -720.0    -0.017
    -719.0    -0.049
    -718.0    -0.082
    -717.0    -0.113
    -716.0    -0.145
    -715.0    -0.176
    -714.0    -0.207
    -713.0    -0.237
    -712.0    -0.268
    -711.0    -0.217
    -710.0    -0.143
    -709.0    -0.072
    -708.0     0.001
    -707.0     0.073
    -706.0     0.146
    -705.0     0.218
    -704.0     0.291
    -703.0     0.364
    -702.0     0.437
    -701.0     0.511
    -700.0     0.459
    -699.0     0.355
    -698.0     0.252
    -697.0     0.149
    -696.0     0.046
    -695.0    -0.055
    -694.0    -0.158
    -693.0    -0.260
    -692.0    -0.362
    -691.0    -0.464
    -690.0    -0.566
    -689.0    -0.669
    -688.0    -0.773
    -687.0    -0.876
    -686.0    -0.736
    -685.0    -0.533
    -684.0    -0.333
    -683.0    -0.132
    -682.0     0.068
    -681.0     0.267
    -680.0     0.466
    -679.0     0.665
    -678.0     0.479
    -677.0     0.199
    -676.0    -0.081
    -675.0    -0.361
    -674.0    -0.640
    -673.0    -0.918
    -672.0    -1.196
    -671.0    -1.474
    -670.0    -1.753
    -669.0    -1.591
    -668.0    -1.382
    -667.0    -1.174
    -666.0    -0.967
    -665.0    -0.760
    -664.0    -0.556
    -663.0    -0.352
    -662.0    -0.148
    -661.0    -0.074
    -660.0     0.001
    -659.0     0.075
    -658.0     0.151
    -657.0     0.227
    -656.0     0.304
    -655.0     0.268
    -654.0     0.233
    -653.0     0.198
    -652.0     0.164
    -651.0     0.132
    -650.0     0.100
    -649.0     0.069
    -648.0     0.038
    -647.0     0.008
    -646.0    -0.023
    -645.0    -0.052
    -644.0    -0.166
    -643.0    -0.279
    -642.0    -0.392
    -641.0    -0.506
    -640.0    -0.619
    -639.0    -0.734
    -638.0    -0.847
    -637.0    -0.963
    -636.0    -0.848
    -635.0    -0.707
    -634.0    -0.567
    -633.0    -0.428
    -632.0    -0.289
    -631.0    -0.151
    -630.0    -0.014
    -629.0     0.124
    -628.0     0.261
    -627.0     0.218
    -626.0     0.156
    -625.0     0.094
    -624.0     0.032
    -623.0    -0.030
    -622.0    -0.090
    -621.0    -0.150
    -620.0    -0.211
    -619.0    -0.270
    -618.0    -0.329
    -617.0    -0.323
    -616.0    -0.301
    -615.0    -0.280
    -614.0    -0.258
    -613.0    -0.236
    -612.0    -0.215
    -611.0    -0.193
    -610.0    -0.172
    -609.0    -0.151
    -608.0    -0.131
    -607.0    -0.109
    -606.0    -0.088
    -605.0    -0.068
    -604.0    -0.047
    -603.0    -0.057
    -602.0    -0.081
    -601.0    -0.104
    -600.0    -0.128
    -599.0    -0.151
    -598.0    -0.174
    -597.0    -0.197
    -596.0    -0.220
    -595.0    -0.243
    -594.0    -0.185
    -593.0    -0.090
    -592.0     0.004
    -591.0     0.097
    -590.0     0.191
    -589.0     0.285
    -588.0     0.378
    -587.0     0.472
    -586.0     0.566
    -585.0     0.599
    -584.0     0.617
    -583.0     0.636
    -582.0     0.655
    -581.0     0.674
    -580.0     0.695
    -579.0     0.716
    -578.0     0.737
    -577.0     0.758
    -576.0     0.781
    -575.0     0.726
    -574.0     0.651
    -573.0     0.576
    -572.0     0.502
    -571.0     0.429
    -570.0     0.355
    -569.0     0.281
    -568.0     0.207
    -567.0     0.133
    -566.0     0.163
    -565.0     0.206
    -564.0     0.248
    -563.0     0.289
    -562.0     0.329
    -561.0     0.370
    -560.0     0.410
    -559.0     0.450
    -558.0     0.427
    -557.0     0.398
    -556.0     0.370
    -555.0     0.340
    -554.0     0.311
    -553.0     0.281
    -552.0     0.252
    -551.0     0.223
    -550.0     0.269
    -549.0     0.325
    -548.0     0.380
    -547.0     0.435
    -546.0     0.490
    -545.0     0.546
    -544.0     0.600
    -543.0     0.655
    -542.0     0.711
    -541.0     0.619
    -540.0     0.527
    -539.0     0.436
    -538.0     0.344
    -537.0     0.253
    -536.0     0.162
    -535.0     0.072
    -534.0    -0.020
    -533.0    -0.111
    -532.0    -0.179
    -531.0    -0.248
    -530.0    -0.318
    -529.0    -0.388
    -528.0    -0.459
    -527.0    -0.530
    -526.0    -0.602
    -525.0    -0.675
    -524.0    -0.748
    -523.0    -0.821
    -522.0    -0.895
    -521.0    -0.970
    -520.0    -0.946
    -519.0    -0.923
    -518.0    -0.900
    -517.0    -0.878
    -516.0    -0.856
    -515.0    -0.835
    -514.0    -0.815
    -513.0    -0.794
    -512.0    -0.774
    -511.0    -0.754
    -510.0    -0.724
    -509.0    -0.610
    -508.0    -0.496
    -507.0    -0.380
    -506.0    -0.266
    -505.0    -0.151
    -504.0    -0.036
    -503.0     0.080
    -502.0     0.197
    -501.0     0.314
    -500.0     0.431
    -499.0     0.550
    -498.0     0.670
    -497.0     0.579
    -496.0     0.489
    -495.0     0.400
    -494.0     0.313
    -493.0     0.227
    -492.0     0.140
    -491.0     0.054
    -490.0    -0.031
    -489.0    -0.116
    -488.0    -0.201
    -487.0    -0.286
    -486.0    -0.359
    -485.0    -0.327
    -484.0    -0.296
    -483.0    -0.265
    -482.0    -0.235
    -481.0    -0.204
    -480.0    -0.174
    -479.0    -0.145
    -478.0    -0.116
    -477.0    -0.088
    -476.0    -0.059
    -475.0    -0.031
    -474.0    -0.003
    -473.0     0.026
    -472.0     0.059
    -471.0     0.136
    -470.0     0.213
    -469.0     0.291
    -468.0     0.369
    -467.0     0.446
    -466.0     0.524
    -465.0     0.604
    -464.0     0.547
    -463.0     0.492
    -462.0     0.438
    -461.0     0.385
    -460.0     0.331
    -459.0     0.277
    -458.0     0.223
    -457.0     0.171
    -456.0     0.118
    -455.0     0.065
    -454.0    -0.057
    -453.0    -0.180
    -452.0    -0.303
    -451.0    -0.427
    -450.0    -0.550
    -449.0    -0.674
    -448.0    -0.799
    -447.0    -0.924
    -446.0    -1.051
    -445.0    -1.178
    -444.0    -1.099
    -443.0    -1.024
    -442.0    -0.948
    -441.0    -0.874
    -440.0    -0.800
    -439.0    -0.727
    -438.0    -0.654
    -437.0    -0.582
    -436.0    -0.511
    -435.0    -0.439
    -434.0    -0.367
    -433.0    -0.367
    -432.0    -0.366
    -431.0    -0.365
    -430.0    -0.362
    -429.0    -0.360
    -428.0    -0.359
    -427.0    -0.355
    -426.0    -0.352
    -425.0    -0.349
    -424.0    -0.345
    -423.0    -0.340
    -422.0    -0.279
    -421.0    -0.210
    -420.0    -0.142
    -419.0    -0.073
    -418.0    -0.003
    -417.0     0.065
    -416.0     0.135
    -415.0     0.206
    -414.0     0.275
    -413.0     0.346
    -412.0     0.416
    -411.0     0.489
    -410.0     0.319
    -409.0     0.149
    -408.0    -0.020
    -407.0    -0.189
    -406.0    -0.357
    -405.0    -0.525
    -404.0    -0.693
    -403.0    -0.861
    -402.0    -1.029
    -401.0    -1.198
    -400.0    -1.117
    -399.0    -1.037
    -398.0    -0.958
    -397.0    -0.880
    -396.0    -0.801
    -395.0    -0.725
    -394.0    -0.649
    -393.0    -0.574
    -392.0    -0.499
    -391.0    -0.425
    -390.0    -0.350
    -389.0    -0.275
    -388.0    -0.274
    -387.0    -0.274
    -386.0    -0.273
    -385.0    -0.271
    -384.0    -0.269
    -383.0    -0.267
    -382.0    -0.265
    -381.0    -0.261
    -380.0    -0.258
    -379.0    -0.318
    -378.0    -0.386
    -377.0    -0.452
    -376.0    -0.520
    -375.0    -0.585
    -374.0    -0.652
    -373.0    -0.719
    -372.0    -0.785
    -371.0    -0.852
    -370.0    -0.744
    -369.0    -0.636
    -368.0    -0.529
    -367.0    -0.421
    -366.0    -0.314
    -365.0    -0.208
    -364.0    -0.101
    -363.0    -0.268
    -362.0    -0.434
    -361.0    -0.600
    -360.0    -0.766
    -359.0    -0.932
    -358.0    -1.098
    -357.0    -1.263
    -356.0    -1.429
    -355.0    -1.593
    -354.0    -1.760
    -353.0    -1.724
    -352.0    -1.687
    -351.0    -1.652
    -350.0    -1.618
    -349.0    -1.585
    -348.0    -1.552
    -347.0    -1.519
    -346.0    -1.487
    -345.0    -1.457
    -344.0    -1.426
    -343.0    -1.395
    -342.0    -1.324
    -341.0    -1.251
    -340.0    -1.180
    -339.0    -1.108
    -338.0    -1.035
    -337.0    -0.963
    -336.0    -0.890
    -335.0    -0.817
    -334.0    -0.743
    -333.0    -0.725
    -332.0    -0.712
    -331.0    -0.699
    -330.0    -0.685
    -329.0    -0.670
    -328.0    -0.655
    -327.0    -0.640
    -326.0    -0.623
    -325.0    -0.607
    -324.0    -0.590
    -323.0    -0.572
    -322.0    -0.546
    -321.0    -0.517
    -320.0    -0.488
    -319.0    -0.459
    -318.0    -0.429
    -317.0    -0.399
    -316.0    -0.369
    -315.0    -0.339
    -314.0    -0.410
    -313.0    -0.506
    -312.0    -0.603
    -311.0    -0.698
    -310.0    -0.794
    -309.0    -0.889
    -308.0    -0.985
    -307.0    -0.990
    -306.0    -0.957
    -305.0    -0.924
    -304.0    -0.890
    -303.0    -0.858
    -302.0    -0.826
    -301.0    -0.794
    -300.0    -0.762
    -299.0    -0.732
    -298.0    -0.700
    -297.0    -0.669
    -296.0    -0.638
    -295.0    -0.700
    -294.0    -0.801
    -293.0    -0.901
    -292.0    -1.002
    -291.0    -1.102
    -290.0    -1.203
    -289.0    -1.303
    -288.0    -1.404
    -287.0    -1.472
    -286.0    -1.524
    -285.0    -1.577
    -284.0    -1.630
    -283.0    -1.684
    -282.0    -1.738
    -281.0    -1.794
    -280.0    -1.849
    -279.0    -1.905
    -278.0    -1.961
    -277.0    -2.018
    -276.0    -2.076
    -275.0    -2.134
    -274.0    -2.191
    -273.0    -2.250
    -272.0    -1.916
    -271.0    -1.485
    -270.0    -1.054
    -269.0    -0.623
    -268.0    -0.592
    -267.0    -0.661
    -266.0    -0.728
    -265.0    -0.796
    -264.0    -0.862
    -263.0    -0.928
    -262.0    -0.992
    -261.0    -1.056
    -260.0    -1.119
    -259.0    -1.181
    -258.0    -1.243
    -257.0    -1.172
    -256.0    -1.086
    -255.0    -1.000
    -254.0    -0.913
    -253.0    -0.827
    -252.0    -0.741
    -251.0    -0.654
    -250.0    -0.569
    -249.0    -0.482
    -248.0    -0.516
    -247.0    -0.580
    -246.0    -0.643
    -245.0    -0.707
    -244.0    -0.770
    -243.0    -0.832
    -242.0    -0.895
    -241.0    -0.958
    -240.0    -1.019
    -239.0    -1.081
    -238.0    -1.143
    -237.0    -1.181
    -236.0    -1.213
    -235.0    -1.244
    -234.0    -1.277
    -233.0    -1.310
    -232.0    -1.343
    -231.0    -1.377
    -230.0    -1.411
    -229.0    -1.445
    -228.0    -1.498
    -227.0    -1.556
    -226.0    -1.615
    -225.0    -1.674
    -224.0    -1.734
    -223.0    -1.794
    -222.0    -1.854
    -221.0    -1.915
    -220.0    -1.976
    -219.0    -2.037
    -218.0    -1.965
    -217.0    -1.862
    -216.0    -1.758
    -215.0    -1.656
    -214.0    -1.553
    -213.0    -1.451
    -212.0    -1.348
    -211.0    -1.246
    -210.0    -1.143
    -209.0    -1.041
    -208.0    -0.938
    -207.0    -0.957
    -206.0    -1.006
    -205.0    -1.052
    -204.0    -1.100
    -203.0    -1.147
    -202.0    -1.193
    -201.0    -1.238
    -200.0    -1.283
    -199.0    -1.328
    -198.0    -1.335
    -197.0    -1.332
    -196.0    -1.330
    -195.0    -1.327
    -194.0    -1.325
    -193.0    -1.258
    -192.0    -1.184
    -191.0    -1.110
    -190.0    -1.036
    -189.0    -0.963
    -188.0    -0.889
    -187.0    -0.816
    -186.0    -0.742
    -185.0    -0.668
    -184.0    -0.594
    -183.0    -0.646
    -182.0    -0.699
    -181.0    -0.751
    -180.0    -0.803
    -179.0    -0.854
    -178.0    -0.906
    -177.0    -0.956
    -176.0    -1.007
    -175.0    -1.058
    -174.0    -1.107
    -173.0    -1.159
    -172.0    -1.209
    -171.0    -1.135
    -170.0    -1.062
    -169.0    -0.988
    -168.0    -0.915
    -167.0    -0.843
    -166.0    -0.771
    -165.0    -0.698
    -164.0    -0.627
    -163.0    -0.554
    -162.0    -0.482
    -161.0    -0.409
    -160.0    -0.554
    -159.0    -0.698
    -158.0    -0.841
    -157.0    -0.985
    -156.0    -1.128
    -155.0    -1.272
    -154.0    -1.415
    -153.0    -1.558
    -152.0    -1.512
    -151.0    -1.467
    -150.0    -1.423
    -149.0    -1.379
    -148.0    -1.335
    -147.0    -1.293
    -146.0    -1.250
    -145.0    -1.209
    -144.0    -1.167
    -143.0    -1.125
    -142.0    -1.084
    -141.0    -1.072
    -140.0    -1.060
    -139.0    -1.048
    -138.0    -1.037
    -137.0    -1.024
    -136.0    -1.012
    -135.0    -0.999
    -134.0    -0.987
    -133.0    -0.974
    -132.0    -1.019
    -131.0    -1.065
    -130.0    -1.109
    -129.0    -1.155
    -128.0    -1.199
    -127.0    -1.244
    -126.0    -1.289
    -125.0    -1.333
    -124.0    -1.379
    -123.0    -1.423
    -122.0    -1.316
    -121.0    -1.210
    -120.0    -1.103
    -119.0    -0.997
    -118.0    -0.892
    -117.0    -0.786
    -116.0    -0.680
    -115.0    -0.652
    -114.0    -0.623
    -113.0    -0.595
    -112.0    -0.566
    -111.0    -0.536
    -110.0    -0.506
    -109.0    -0.477
    -108.0    -0.446
    -107.0    -0.415
    -106.0    -0.384
    -105.0    -0.352
    -104.0    -0.320
    -103.0    -0.350
    -102.0    -0.380
    -101.0    -0.410
    -100.0    -0.440
     -99.0    -0.469
     -98.0    -0.498
     -97.0    -0.528
     -96.0    -0.438
     -95.0    -0.349
     -94.0    -0.260
     -93.0    -0.171
     -92.0    -0.082
     -91.0    -0.088
     -90.0    -0.093
     -89.0    -0.099
     -88.0    -0.104
     -87.0    -0.110
     -86.0    -0.115
     -85.0    -0.120
     -84.0    -0.126
     -83.0    -0.130
     -82.0    -0.135
     -81.0    -0.139
     -80.0    -0.144
     -79.0    -0.149
     -78.0    -0.153
     -77.0    -0.158
     -76.0    -0.163
     -75.0    -0.167
     -74.0    -0.172
     -73.0    -0.177
     -72.0    -0.182
     -71.0    -0.187
     -70.0    -0.739
     -69.0    -1.289
     -68.0    -1.142
     -67.0    -0.993
     -66.0    -0.846
     -65.0    -0.698
     -64.0    -0.552
     -63.0    -0.406
     -62.0    -0.261
     -61.0    -0.116
     -60.0     0.029
     -59.0     0.174
     -58.0     0.318
     -57.0     0.462
     -56.0     0.606
     -55.0     0.752
     -54.0     0.897
     -53.0     1.043
     -52.0     1.191
     -51.0     1.198
     -50.0     1.206
     -49.0     1.215
     -48.0     1.226
     -47.0     1.236
     -46.0     1.248
     -45.0     1.261
     -44.0     1.274
     -43.0     1.289
     -42.0     1.303
     -41.0     1.319
     -40.0     1.334
     -39.0     1.100
     -38.0     1.000
     -37.0     0.900
     -36.0     0.800
     -35.0     0.700
     -34.0     0.600
     -33.0     0.500
     -32.0     0.400
     -31.0     0.300
     -30.0     0.200
     -29.0     0.100
     -28.0     0.000
     -27.0    -0.100
     -26.0    -0.200
     -25.0    -0.300
     -24.0    -0.400
     -23.0    -0.500
     -22.0    -0.600
     -21.0    -0.700
     -20.0    -0.800
     -19.0    -0.700
     -18.0    -0.600
     -17.0    -0.500
     -16.0    -0.400
     -15.0    -0.300
     -14.0    -0.200
     -13.0    -0.100
     -12.0     0.000
     -11.0     0.000
     -10.0     0.000
      -9.0     0.000
      -8.0     0.000
      -7.0     0.000
      -6.0     0.000
      -5.0     0.000
      -4.0     0.000
      -3.0     0.000
      -2.0     0.000
      -1.0     0.000
       0.0     0.000
       1.0     0.000
       2.0     0.000
       3.0     0.000
#
#--------------------------------------------------------------------
# Greenland surface temperature anomalies (at GISP2)
# over the past 4000 years: Year (relative to 1990 CE) - Delta_T (C).
#
# Reference:
# Kobashi and 7 others. 2011.
# High variability of Greenland surface temperature over the past
# 4000 years estimated from trapped air in an ice core.
# Geophys. Res. Lett. 38, L21501, doi:10.1029/2011GL049444.
#--------------------------------------------------------------------
#
