#  -422000  100  0
 -422000.0    -0.025
 -421900.0    -0.026
 -421800.0    -0.028
 -421700.0    -0.029
 -421600.0    -0.031
 -421500.0    -0.033
 -421400.0    -0.035
 -421300.0    -0.037
 -421200.0    -0.039
 -421100.0    -0.041
 -421000.0    -0.043
 -420900.0    -0.046
 -420800.0    -0.048
 -420700.0    -0.051
 -420600.0    -0.054
 -420500.0    -0.057
 -420400.0    -0.060
 -420300.0    -0.063
 -420200.0    -0.066
 -420100.0    -0.069
 -420000.0    -0.072
 -419900.0    -0.075
 -419800.0    -0.078
 -419700.0    -0.082
 -419600.0    -0.085
 -419500.0    -0.088
 -419400.0    -0.091
 -419300.0    -0.095
 -419200.0    -0.098
 -419100.0    -0.101
 -419000.0    -0.104
 -418900.0    -0.107
 -418800.0    -0.110
 -418700.0    -0.113
 -418600.0    -0.116
 -418500.0    -0.118
 -418400.0    -0.121
 -418300.0    -0.123
 -418200.0    -0.126
 -418100.0    -0.128
 -418000.0    -0.130
 -417900.0    -0.131
 -417800.0    -0.133
 -417700.0    -0.134
 -417600.0    -0.136
 -417500.0    -0.137
 -417400.0    -0.138
 -417300.0    -0.138
 -417200.0    -0.139
 -417100.0    -0.139
 -417000.0    -0.140
 -416900.0    -0.140
 -416800.0    -0.140
 -416700.0    -0.140
 -416600.0    -0.139
 -416500.0    -0.139
 -416400.0    -0.139
 -416300.0    -0.138
 -416200.0    -0.137
 -416100.0    -0.136
 -416000.0    -0.136
 -415900.0    -0.135
 -415800.0    -0.134
 -415700.0    -0.133
 -415600.0    -0.132
 -415500.0    -0.131
 -415400.0    -0.130
 -415300.0    -0.129
 -415200.0    -0.128
 -415100.0    -0.127
 -415000.0    -0.126
 -414900.0    -0.125
 -414800.0    -0.124
 -414700.0    -0.123
 -414600.0    -0.123
 -414500.0    -0.122
 -414400.0    -0.122
 -414300.0    -0.121
 -414200.0    -0.121
 -414100.0    -0.121
 -414000.0    -0.121
 -413900.0    -0.121
 -413800.0    -0.121
 -413700.0    -0.122
 -413600.0    -0.122
 -413500.0    -0.123
 -413400.0    -0.123
 -413300.0    -0.124
 -413200.0    -0.125
 -413100.0    -0.126
 -413000.0    -0.127
 -412900.0    -0.128
 -412800.0    -0.130
 -412700.0    -0.131
 -412600.0    -0.133
 -412500.0    -0.134
 -412400.0    -0.136
 -412300.0    -0.137
 -412200.0    -0.139
 -412100.0    -0.140
 -412000.0    -0.142
 -411900.0    -0.143
 -411800.0    -0.145
 -411700.0    -0.146
 -411600.0    -0.148
 -411500.0    -0.149
 -411400.0    -0.150
 -411300.0    -0.151
 -411200.0    -0.152
 -411100.0    -0.153
 -411000.0    -0.154
 -410900.0    -0.154
 -410800.0    -0.155
 -410700.0    -0.155
 -410600.0    -0.155
 -410500.0    -0.155
 -410400.0    -0.154
 -410300.0    -0.154
 -410200.0    -0.153
 -410100.0    -0.152
 -410000.0    -0.150
 -409900.0    -0.149
 -409800.0    -0.147
 -409700.0    -0.146
 -409600.0    -0.144
 -409500.0    -0.141
 -409400.0    -0.139
 -409300.0    -0.136
 -409200.0    -0.134
 -409100.0    -0.131
 -409000.0    -0.128
 -408900.0    -0.125
 -408800.0    -0.122
 -408700.0    -0.119
 -408600.0    -0.115
 -408500.0    -0.112
 -408400.0    -0.109
 -408300.0    -0.105
 -408200.0    -0.102
 -408100.0    -0.098
 -408000.0    -0.094
 -407900.0    -0.091
 -407800.0    -0.087
 -407700.0    -0.083
 -407600.0    -0.080
 -407500.0    -0.076
 -407400.0    -0.072
 -407300.0    -0.068
 -407200.0    -0.064
 -407100.0    -0.061
 -407000.0    -0.057
 -406900.0    -0.053
 -406800.0    -0.049
 -406700.0    -0.045
 -406600.0    -0.041
 -406500.0    -0.037
 -406400.0    -0.033
 -406300.0    -0.029
 -406200.0    -0.025
 -406100.0    -0.021
 -406000.0    -0.017
 -405900.0    -0.013
 -405800.0    -0.009
 -405700.0    -0.005
 -405600.0    -0.001
 -405500.0     0.004
 -405400.0     0.008
 -405300.0     0.012
 -405200.0     0.016
 -405100.0     0.020
 -405000.0     0.024
 -404900.0     0.028
 -404800.0     0.033
 -404700.0     0.037
 -404600.0     0.041
 -404500.0     0.045
 -404400.0     0.049
 -404300.0     0.053
 -404200.0     0.057
 -404100.0     0.061
 -404000.0     0.065
 -403900.0     0.069
 -403800.0     0.073
 -403700.0     0.077
 -403600.0     0.081
 -403500.0     0.085
 -403400.0     0.088
 -403300.0     0.092
 -403200.0     0.095
 -403100.0     0.099
 -403000.0     0.102
 -402900.0     0.105
 -402800.0     0.108
 -402700.0     0.111
 -402600.0     0.114
 -402500.0     0.117
 -402400.0     0.120
 -402300.0     0.123
 -402200.0     0.126
 -402100.0     0.128
 -402000.0     0.131
 -401900.0     0.134
 -401800.0     0.136
 -401700.0     0.138
 -401600.0     0.141
 -401500.0     0.143
 -401400.0     0.146
 -401300.0     0.148
 -401200.0     0.150
 -401100.0     0.153
 -401000.0     0.155
 -400900.0     0.157
 -400800.0     0.160
 -400700.0     0.162
 -400600.0     0.164
 -400500.0     0.167
 -400400.0     0.169
 -400300.0     0.171
 -400200.0     0.174
 -400100.0     0.176
 -400000.0     0.179
 -399900.0     0.181
 -399800.0     0.184
 -399700.0     0.186
 -399600.0     0.189
 -399500.0     0.191
 -399400.0     0.194
 -399300.0     0.197
 -399200.0     0.200
 -399100.0     0.203
 -399000.0     0.206
 -398900.0     0.209
 -398800.0     0.212
 -398700.0     0.215
 -398600.0     0.219
 -398500.0     0.222
 -398400.0     0.226
 -398300.0     0.230
 -398200.0     0.234
 -398100.0     0.238
 -398000.0     0.242
 -397900.0     0.247
 -397800.0     0.251
 -397700.0     0.256
 -397600.0     0.261
 -397500.0     0.266
 -397400.0     0.272
 -397300.0     0.277
 -397200.0     0.283
 -397100.0     0.289
 -397000.0     0.296
 -396900.0     0.302
 -396800.0     0.309
 -396700.0     0.316
 -396600.0     0.323
 -396500.0     0.330
 -396400.0     0.338
 -396300.0     0.346
 -396200.0     0.353
 -396100.0     0.362
 -396000.0     0.370
 -395900.0     0.378
 -395800.0     0.387
 -395700.0     0.395
 -395600.0     0.404
 -395500.0     0.413
 -395400.0     0.421
 -395300.0     0.430
 -395200.0     0.439
 -395100.0     0.447
 -395000.0     0.456
 -394900.0     0.464
 -394800.0     0.473
 -394700.0     0.481
 -394600.0     0.489
 -394500.0     0.497
 -394400.0     0.504
 -394300.0     0.511
 -394200.0     0.518
 -394100.0     0.525
 -394000.0     0.531
 -393900.0     0.538
 -393800.0     0.543
 -393700.0     0.549
 -393600.0     0.554
 -393500.0     0.559
 -393400.0     0.564
 -393300.0     0.568
 -393200.0     0.572
 -393100.0     0.576
 -393000.0     0.579
 -392900.0     0.582
 -392800.0     0.585
 -392700.0     0.588
 -392600.0     0.590
 -392500.0     0.593
 -392400.0     0.595
 -392300.0     0.596
 -392200.0     0.598
 -392100.0     0.599
 -392000.0     0.601
 -391900.0     0.602
 -391800.0     0.603
 -391700.0     0.603
 -391600.0     0.604
 -391500.0     0.605
 -391400.0     0.605
 -391300.0     0.605
 -391200.0     0.605
 -391100.0     0.605
 -391000.0     0.606
 -390900.0     0.605
 -390800.0     0.605
 -390700.0     0.605
 -390600.0     0.605
 -390500.0     0.605
 -390400.0     0.604
 -390300.0     0.604
 -390200.0     0.604
 -390100.0     0.603
 -390000.0     0.603
 -389900.0     0.602
 -389800.0     0.602
 -389700.0     0.602
 -389600.0     0.601
 -389500.0     0.601
 -389400.0     0.601
 -389300.0     0.600
 -389200.0     0.600
 -389100.0     0.600
 -389000.0     0.600
 -388900.0     0.600
 -388800.0     0.599
 -388700.0     0.599
 -388600.0     0.599
 -388500.0     0.599
 -388400.0     0.599
 -388300.0     0.599
 -388200.0     0.599
 -388100.0     0.599
 -388000.0     0.598
 -387900.0     0.598
 -387800.0     0.598
 -387700.0     0.597
 -387600.0     0.596
 -387500.0     0.595
 -387400.0     0.594
 -387300.0     0.593
 -387200.0     0.591
 -387100.0     0.589
 -387000.0     0.587
 -386900.0     0.585
 -386800.0     0.582
 -386700.0     0.579
 -386600.0     0.575
 -386500.0     0.571
 -386400.0     0.567
 -386300.0     0.563
 -386200.0     0.558
 -386100.0     0.553
 -386000.0     0.547
 -385900.0     0.542
 -385800.0     0.536
 -385700.0     0.529
 -385600.0     0.523
 -385500.0     0.516
 -385400.0     0.509
 -385300.0     0.502
 -385200.0     0.495
 -385100.0     0.488
 -385000.0     0.481
 -384900.0     0.474
 -384800.0     0.467
 -384700.0     0.460
 -384600.0     0.453
 -384500.0     0.446
 -384400.0     0.440
 -384300.0     0.434
 -384200.0     0.428
 -384100.0     0.423
 -384000.0     0.418
 -383900.0     0.414
 -383800.0     0.410
 -383700.0     0.406
 -383600.0     0.403
 -383500.0     0.401
 -383400.0     0.399
 -383300.0     0.397
 -383200.0     0.397
 -383100.0     0.396
 -383000.0     0.397
 -382900.0     0.397
 -382800.0     0.398
 -382700.0     0.400
 -382600.0     0.402
 -382500.0     0.405
 -382400.0     0.407
 -382300.0     0.411
 -382200.0     0.414
 -382100.0     0.418
 -382000.0     0.422
 -381900.0     0.426
 -381800.0     0.430
 -381700.0     0.434
 -381600.0     0.438
 -381500.0     0.443
 -381400.0     0.447
 -381300.0     0.451
 -381200.0     0.455
 -381100.0     0.459
 -381000.0     0.463
 -380900.0     0.466
 -380800.0     0.469
 -380700.0     0.472
 -380600.0     0.475
 -380500.0     0.477
 -380400.0     0.479
 -380300.0     0.481
 -380200.0     0.482
 -380100.0     0.483
 -380000.0     0.483
 -379900.0     0.484
 -379800.0     0.484
 -379700.0     0.483
 -379600.0     0.483
 -379500.0     0.482
 -379400.0     0.481
 -379300.0     0.479
 -379200.0     0.478
 -379100.0     0.476
 -379000.0     0.474
 -378900.0     0.472
 -378800.0     0.470
 -378700.0     0.468
 -378600.0     0.467
 -378500.0     0.465
 -378400.0     0.463
 -378300.0     0.462
 -378200.0     0.461
 -378100.0     0.460
 -378000.0     0.459
 -377900.0     0.458
 -377800.0     0.458
 -377700.0     0.459
 -377600.0     0.459
 -377500.0     0.461
 -377400.0     0.462
 -377300.0     0.464
 -377200.0     0.466
 -377100.0     0.469
 -377000.0     0.472
 -376900.0     0.475
 -376800.0     0.479
 -376700.0     0.483
 -376600.0     0.488
 -376500.0     0.492
 -376400.0     0.497
 -376300.0     0.502
 -376200.0     0.508
 -376100.0     0.513
 -376000.0     0.519
 -375900.0     0.525
 -375800.0     0.531
 -375700.0     0.537
 -375600.0     0.543
 -375500.0     0.549
 -375400.0     0.555
 -375300.0     0.561
 -375200.0     0.567
 -375100.0     0.573
 -375000.0     0.579
 -374900.0     0.585
 -374800.0     0.590
 -374700.0     0.596
 -374600.0     0.601
 -374500.0     0.607
 -374400.0     0.612
 -374300.0     0.617
 -374200.0     0.622
 -374100.0     0.627
 -374000.0     0.632
 -373900.0     0.636
 -373800.0     0.641
 -373700.0     0.645
 -373600.0     0.649
 -373500.0     0.653
 -373400.0     0.657
 -373300.0     0.660
 -373200.0     0.663
 -373100.0     0.666
 -373000.0     0.668
 -372900.0     0.671
 -372800.0     0.673
 -372700.0     0.674
 -372600.0     0.676
 -372500.0     0.676
 -372400.0     0.677
 -372300.0     0.677
 -372200.0     0.677
 -372100.0     0.677
 -372000.0     0.676
 -371900.0     0.674
 -371800.0     0.673
 -371700.0     0.671
 -371600.0     0.668
 -371500.0     0.666
 -371400.0     0.662
 -371300.0     0.659
 -371200.0     0.655
 -371100.0     0.651
 -371000.0     0.647
 -370900.0     0.643
 -370800.0     0.638
 -370700.0     0.633
 -370600.0     0.628
 -370500.0     0.623
 -370400.0     0.618
 -370300.0     0.613
 -370200.0     0.608
 -370100.0     0.603
 -370000.0     0.598
 -369900.0     0.593
 -369800.0     0.588
 -369700.0     0.584
 -369600.0     0.579
 -369500.0     0.575
 -369400.0     0.571
 -369300.0     0.568
 -369200.0     0.564
 -369100.0     0.561
 -369000.0     0.558
 -368900.0     0.556
 -368800.0     0.554
 -368700.0     0.552
 -368600.0     0.551
 -368500.0     0.550
 -368400.0     0.549
 -368300.0     0.549
 -368200.0     0.549
 -368100.0     0.549
 -368000.0     0.550
 -367900.0     0.551
 -367800.0     0.552
 -367700.0     0.553
 -367600.0     0.555
 -367500.0     0.557
 -367400.0     0.559
 -367300.0     0.562
 -367200.0     0.564
 -367100.0     0.567
 -367000.0     0.570
 -366900.0     0.573
 -366800.0     0.577
 -366700.0     0.580
 -366600.0     0.584
 -366500.0     0.587
 -366400.0     0.591
 -366300.0     0.594
 -366200.0     0.598
 -366100.0     0.602
 -366000.0     0.606
 -365900.0     0.609
 -365800.0     0.613
 -365700.0     0.617
 -365600.0     0.620
 -365500.0     0.624
 -365400.0     0.627
 -365300.0     0.631
 -365200.0     0.634
 -365100.0     0.637
 -365000.0     0.640
 -364900.0     0.643
 -364800.0     0.646
 -364700.0     0.648
 -364600.0     0.651
 -364500.0     0.653
 -364400.0     0.655
 -364300.0     0.657
 -364200.0     0.659
 -364100.0     0.661
 -364000.0     0.662
 -363900.0     0.664
 -363800.0     0.665
 -363700.0     0.667
 -363600.0     0.668
 -363500.0     0.669
 -363400.0     0.670
 -363300.0     0.671
 -363200.0     0.672
 -363100.0     0.672
 -363000.0     0.673
 -362900.0     0.674
 -362800.0     0.674
 -362700.0     0.675
 -362600.0     0.676
 -362500.0     0.676
 -362400.0     0.677
 -362300.0     0.677
 -362200.0     0.678
 -362100.0     0.678
 -362000.0     0.679
 -361900.0     0.680
 -361800.0     0.680
 -361700.0     0.681
 -361600.0     0.681
 -361500.0     0.682
 -361400.0     0.683
 -361300.0     0.684
 -361200.0     0.684
 -361100.0     0.685
 -361000.0     0.686
 -360900.0     0.687
 -360800.0     0.688
 -360700.0     0.690
 -360600.0     0.691
 -360500.0     0.692
 -360400.0     0.694
 -360300.0     0.695
 -360200.0     0.697
 -360100.0     0.699
 -360000.0     0.701
 -359900.0     0.703
 -359800.0     0.705
 -359700.0     0.707
 -359600.0     0.709
 -359500.0     0.711
 -359400.0     0.714
 -359300.0     0.716
 -359200.0     0.719
 -359100.0     0.721
 -359000.0     0.724
 -358900.0     0.726
 -358800.0     0.729
 -358700.0     0.732
 -358600.0     0.735
 -358500.0     0.738
 -358400.0     0.741
 -358300.0     0.743
 -358200.0     0.746
 -358100.0     0.749
 -358000.0     0.752
 -357900.0     0.755
 -357800.0     0.758
 -357700.0     0.761
 -357600.0     0.764
 -357500.0     0.767
 -357400.0     0.770
 -357300.0     0.773
 -357200.0     0.775
 -357100.0     0.778
 -357000.0     0.781
 -356900.0     0.784
 -356800.0     0.786
 -356700.0     0.789
 -356600.0     0.792
 -356500.0     0.794
 -356400.0     0.797
 -356300.0     0.800
 -356200.0     0.802
 -356100.0     0.805
 -356000.0     0.807
 -355900.0     0.810
 -355800.0     0.812
 -355700.0     0.815
 -355600.0     0.817
 -355500.0     0.820
 -355400.0     0.822
 -355300.0     0.824
 -355200.0     0.827
 -355100.0     0.829
 -355000.0     0.831
 -354900.0     0.833
 -354800.0     0.836
 -354700.0     0.838
 -354600.0     0.840
 -354500.0     0.842
 -354400.0     0.844
 -354300.0     0.846
 -354200.0     0.848
 -354100.0     0.849
 -354000.0     0.851
 -353900.0     0.853
 -353800.0     0.854
 -353700.0     0.856
 -353600.0     0.857
 -353500.0     0.858
 -353400.0     0.859
 -353300.0     0.860
 -353200.0     0.861
 -353100.0     0.862
 -353000.0     0.863
 -352900.0     0.863
 -352800.0     0.864
 -352700.0     0.864
 -352600.0     0.864
 -352500.0     0.864
 -352400.0     0.864
 -352300.0     0.864
 -352200.0     0.864
 -352100.0     0.864
 -352000.0     0.864
 -351900.0     0.864
 -351800.0     0.863
 -351700.0     0.863
 -351600.0     0.862
 -351500.0     0.861
 -351400.0     0.860
 -351300.0     0.860
 -351200.0     0.859
 -351100.0     0.858
 -351000.0     0.856
 -350900.0     0.855
 -350800.0     0.854
 -350700.0     0.852
 -350600.0     0.851
 -350500.0     0.849
 -350400.0     0.848
 -350300.0     0.846
 -350200.0     0.844
 -350100.0     0.842
 -350000.0     0.840
 -349900.0     0.838
 -349800.0     0.836
 -349700.0     0.834
 -349600.0     0.832
 -349500.0     0.829
 -349400.0     0.827
 -349300.0     0.825
 -349200.0     0.823
 -349100.0     0.820
 -349000.0     0.818
 -348900.0     0.815
 -348800.0     0.813
 -348700.0     0.811
 -348600.0     0.808
 -348500.0     0.806
 -348400.0     0.804
 -348300.0     0.802
 -348200.0     0.799
 -348100.0     0.797
 -348000.0     0.795
 -347900.0     0.793
 -347800.0     0.791
 -347700.0     0.789
 -347600.0     0.787
 -347500.0     0.785
 -347400.0     0.783
 -347300.0     0.782
 -347200.0     0.780
 -347100.0     0.778
 -347000.0     0.777
 -346900.0     0.775
 -346800.0     0.774
 -346700.0     0.772
 -346600.0     0.771
 -346500.0     0.770
 -346400.0     0.768
 -346300.0     0.767
 -346200.0     0.766
 -346100.0     0.765
 -346000.0     0.764
 -345900.0     0.763
 -345800.0     0.762
 -345700.0     0.761
 -345600.0     0.760
 -345500.0     0.759
 -345400.0     0.758
 -345300.0     0.758
 -345200.0     0.757
 -345100.0     0.756
 -345000.0     0.756
 -344900.0     0.755
 -344800.0     0.755
 -344700.0     0.754
 -344600.0     0.754
 -344500.0     0.753
 -344400.0     0.753
 -344300.0     0.752
 -344200.0     0.752
 -344100.0     0.751
 -344000.0     0.751
 -343900.0     0.750
 -343800.0     0.750
 -343700.0     0.749
 -343600.0     0.749
 -343500.0     0.749
 -343400.0     0.749
 -343300.0     0.748
 -343200.0     0.748
 -343100.0     0.748
 -343000.0     0.748
 -342900.0     0.748
 -342800.0     0.748
 -342700.0     0.749
 -342600.0     0.749
 -342500.0     0.750
 -342400.0     0.750
 -342300.0     0.751
 -342200.0     0.752
 -342100.0     0.753
 -342000.0     0.754
 -341900.0     0.756
 -341800.0     0.757
 -341700.0     0.759
 -341600.0     0.761
 -341500.0     0.763
 -341400.0     0.765
 -341300.0     0.767
 -341200.0     0.769
 -341100.0     0.771
 -341000.0     0.774
 -340900.0     0.776
 -340800.0     0.779
 -340700.0     0.781
 -340600.0     0.783
 -340500.0     0.786
 -340400.0     0.788
 -340300.0     0.791
 -340200.0     0.793
 -340100.0     0.795
 -340000.0     0.797
 -339900.0     0.799
 -339800.0     0.801
 -339700.0     0.803
 -339600.0     0.805
 -339500.0     0.807
 -339400.0     0.809
 -339300.0     0.811
 -339200.0     0.812
 -339100.0     0.814
 -339000.0     0.815
 -338900.0     0.817
 -338800.0     0.818
 -338700.0     0.819
 -338600.0     0.820
 -338500.0     0.822
 -338400.0     0.823
 -338300.0     0.824
 -338200.0     0.825
 -338100.0     0.826
 -338000.0     0.827
 -337900.0     0.829
 -337800.0     0.830
 -337700.0     0.831
 -337600.0     0.832
 -337500.0     0.833
 -337400.0     0.834
 -337300.0     0.836
 -337200.0     0.837
 -337100.0     0.838
 -337000.0     0.840
 -336900.0     0.841
 -336800.0     0.842
 -336700.0     0.844
 -336600.0     0.845
 -336500.0     0.847
 -336400.0     0.849
 -336300.0     0.850
 -336200.0     0.852
 -336100.0     0.853
 -336000.0     0.855
 -335900.0     0.857
 -335800.0     0.858
 -335700.0     0.860
 -335600.0     0.861
 -335500.0     0.862
 -335400.0     0.864
 -335300.0     0.865
 -335200.0     0.866
 -335100.0     0.867
 -335000.0     0.867
 -334900.0     0.868
 -334800.0     0.868
 -334700.0     0.868
 -334600.0     0.867
 -334500.0     0.867
 -334400.0     0.866
 -334300.0     0.864
 -334200.0     0.863
 -334100.0     0.861
 -334000.0     0.858
 -333900.0     0.856
 -333800.0     0.853
 -333700.0     0.849
 -333600.0     0.845
 -333500.0     0.841
 -333400.0     0.836
 -333300.0     0.831
 -333200.0     0.826
 -333100.0     0.820
 -333000.0     0.814
 -332900.0     0.807
 -332800.0     0.800
 -332700.0     0.793
 -332600.0     0.785
 -332500.0     0.777
 -332400.0     0.769
 -332300.0     0.761
 -332200.0     0.752
 -332100.0     0.744
 -332000.0     0.735
 -331900.0     0.725
 -331800.0     0.716
 -331700.0     0.707
 -331600.0     0.697
 -331500.0     0.687
 -331400.0     0.678
 -331300.0     0.668
 -331200.0     0.658
 -331100.0     0.648
 -331000.0     0.638
 -330900.0     0.628
 -330800.0     0.618
 -330700.0     0.608
 -330600.0     0.598
 -330500.0     0.588
 -330400.0     0.577
 -330300.0     0.567
 -330200.0     0.557
 -330100.0     0.547
 -330000.0     0.536
 -329900.0     0.526
 -329800.0     0.515
 -329700.0     0.505
 -329600.0     0.495
 -329500.0     0.484
 -329400.0     0.473
 -329300.0     0.463
 -329200.0     0.452
 -329100.0     0.441
 -329000.0     0.430
 -328900.0     0.419
 -328800.0     0.408
 -328700.0     0.397
 -328600.0     0.386
 -328500.0     0.374
 -328400.0     0.363
 -328300.0     0.351
 -328200.0     0.339
 -328100.0     0.327
 -328000.0     0.315
 -327900.0     0.302
 -327800.0     0.290
 -327700.0     0.277
 -327600.0     0.264
 -327500.0     0.250
 -327400.0     0.236
 -327300.0     0.223
 -327200.0     0.208
 -327100.0     0.194
 -327000.0     0.179
 -326900.0     0.164
 -326800.0     0.149
 -326700.0     0.133
 -326600.0     0.118
 -326500.0     0.102
 -326400.0     0.086
 -326300.0     0.070
 -326200.0     0.054
 -326100.0     0.038
 -326000.0     0.021
 -325900.0     0.005
 -325800.0    -0.011
 -325700.0    -0.027
 -325600.0    -0.043
 -325500.0    -0.059
 -325400.0    -0.074
 -325300.0    -0.089
 -325200.0    -0.104
 -325100.0    -0.118
 -325000.0    -0.132
 -324900.0    -0.145
 -324800.0    -0.158
 -324700.0    -0.170
 -324600.0    -0.181
 -324500.0    -0.192
 -324400.0    -0.202
 -324300.0    -0.212
 -324200.0    -0.221
 -324100.0    -0.229
 -324000.0    -0.236
 -323900.0    -0.242
 -323800.0    -0.248
 -323700.0    -0.253
 -323600.0    -0.257
 -323500.0    -0.260
 -323400.0    -0.262
 -323300.0    -0.264
 -323200.0    -0.264
 -323100.0    -0.264
 -323000.0    -0.263
 -322900.0    -0.261
 -322800.0    -0.259
 -322700.0    -0.256
 -322600.0    -0.252
 -322500.0    -0.247
 -322400.0    -0.242
 -322300.0    -0.237
 -322200.0    -0.230
 -322100.0    -0.224
 -322000.0    -0.216
 -321900.0    -0.209
 -321800.0    -0.201
 -321700.0    -0.193
 -321600.0    -0.184
 -321500.0    -0.176
 -321400.0    -0.167
 -321300.0    -0.158
 -321200.0    -0.150
 -321100.0    -0.141
 -321000.0    -0.132
 -320900.0    -0.124
 -320800.0    -0.115
 -320700.0    -0.107
 -320600.0    -0.099
 -320500.0    -0.092
 -320400.0    -0.084
 -320300.0    -0.077
 -320200.0    -0.070
 -320100.0    -0.064
 -320000.0    -0.058
 -319900.0    -0.052
 -319800.0    -0.046
 -319700.0    -0.041
 -319600.0    -0.036
 -319500.0    -0.032
 -319400.0    -0.027
 -319300.0    -0.023
 -319200.0    -0.019
 -319100.0    -0.016
 -319000.0    -0.012
 -318900.0    -0.009
 -318800.0    -0.006
 -318700.0    -0.003
 -318600.0    -0.000
 -318500.0     0.002
 -318400.0     0.005
 -318300.0     0.007
 -318200.0     0.010
 -318100.0     0.012
 -318000.0     0.014
 -317900.0     0.017
 -317800.0     0.019
 -317700.0     0.021
 -317600.0     0.024
 -317500.0     0.026
 -317400.0     0.028
 -317300.0     0.031
 -317200.0     0.033
 -317100.0     0.036
 -317000.0     0.039
 -316900.0     0.041
 -316800.0     0.044
 -316700.0     0.047
 -316600.0     0.050
 -316500.0     0.053
 -316400.0     0.056
 -316300.0     0.059
 -316200.0     0.063
 -316100.0     0.066
 -316000.0     0.070
 -315900.0     0.073
 -315800.0     0.077
 -315700.0     0.081
 -315600.0     0.085
 -315500.0     0.089
 -315400.0     0.094
 -315300.0     0.098
 -315200.0     0.102
 -315100.0     0.107
 -315000.0     0.111
 -314900.0     0.116
 -314800.0     0.121
 -314700.0     0.125
 -314600.0     0.130
 -314500.0     0.135
 -314400.0     0.140
 -314300.0     0.145
 -314200.0     0.150
 -314100.0     0.155
 -314000.0     0.160
 -313900.0     0.165
 -313800.0     0.170
 -313700.0     0.175
 -313600.0     0.180
 -313500.0     0.185
 -313400.0     0.191
 -313300.0     0.196
 -313200.0     0.201
 -313100.0     0.206
 -313000.0     0.211
 -312900.0     0.216
 -312800.0     0.222
 -312700.0     0.227
 -312600.0     0.232
 -312500.0     0.237
 -312400.0     0.242
 -312300.0     0.247
 -312200.0     0.253
 -312100.0     0.258
 -312000.0     0.263
 -311900.0     0.269
 -311800.0     0.274
 -311700.0     0.279
 -311600.0     0.285
 -311500.0     0.290
 -311400.0     0.296
 -311300.0     0.302
 -311200.0     0.307
 -311100.0     0.313
 -311000.0     0.319
 -310900.0     0.325
 -310800.0     0.331
 -310700.0     0.337
 -310600.0     0.343
 -310500.0     0.349
 -310400.0     0.355
 -310300.0     0.361
 -310200.0     0.367
 -310100.0     0.374
 -310000.0     0.380
 -309900.0     0.386
 -309800.0     0.392
 -309700.0     0.399
 -309600.0     0.405
 -309500.0     0.411
 -309400.0     0.418
 -309300.0     0.424
 -309200.0     0.430
 -309100.0     0.436
 -309000.0     0.442
 -308900.0     0.448
 -308800.0     0.454
 -308700.0     0.460
 -308600.0     0.465
 -308500.0     0.471
 -308400.0     0.476
 -308300.0     0.482
 -308200.0     0.487
 -308100.0     0.492
 -308000.0     0.496
 -307900.0     0.501
 -307800.0     0.505
 -307700.0     0.509
 -307600.0     0.513
 -307500.0     0.516
 -307400.0     0.519
 -307300.0     0.521
 -307200.0     0.524
 -307100.0     0.525
 -307000.0     0.527
 -306900.0     0.528
 -306800.0     0.528
 -306700.0     0.528
 -306600.0     0.528
 -306500.0     0.527
 -306400.0     0.526
 -306300.0     0.524
 -306200.0     0.521
 -306100.0     0.518
 -306000.0     0.515
 -305900.0     0.511
 -305800.0     0.507
 -305700.0     0.502
 -305600.0     0.497
 -305500.0     0.491
 -305400.0     0.485
 -305300.0     0.479
 -305200.0     0.472
 -305100.0     0.465
 -305000.0     0.458
 -304900.0     0.451
 -304800.0     0.444
 -304700.0     0.437
 -304600.0     0.430
 -304500.0     0.422
 -304400.0     0.415
 -304300.0     0.408
 -304200.0     0.401
 -304100.0     0.395
 -304000.0     0.388
 -303900.0     0.382
 -303800.0     0.376
 -303700.0     0.371
 -303600.0     0.366
 -303500.0     0.361
 -303400.0     0.357
 -303300.0     0.353
 -303200.0     0.349
 -303100.0     0.346
 -303000.0     0.343
 -302900.0     0.341
 -302800.0     0.339
 -302700.0     0.338
 -302600.0     0.337
 -302500.0     0.336
 -302400.0     0.335
 -302300.0     0.335
 -302200.0     0.336
 -302100.0     0.336
 -302000.0     0.337
 -301900.0     0.338
 -301800.0     0.339
 -301700.0     0.341
 -301600.0     0.342
 -301500.0     0.344
 -301400.0     0.346
 -301300.0     0.349
 -301200.0     0.351
 -301100.0     0.354
 -301000.0     0.357
 -300900.0     0.360
 -300800.0     0.363
 -300700.0     0.366
 -300600.0     0.369
 -300500.0     0.373
 -300400.0     0.377
 -300300.0     0.380
 -300200.0     0.384
 -300100.0     0.388
 -300000.0     0.393
 -299900.0     0.397
 -299800.0     0.401
 -299700.0     0.406
 -299600.0     0.411
 -299500.0     0.416
 -299400.0     0.420
 -299300.0     0.425
 -299200.0     0.430
 -299100.0     0.436
 -299000.0     0.441
 -298900.0     0.446
 -298800.0     0.451
 -298700.0     0.456
 -298600.0     0.461
 -298500.0     0.466
 -298400.0     0.471
 -298300.0     0.476
 -298200.0     0.481
 -298100.0     0.486
 -298000.0     0.490
 -297900.0     0.495
 -297800.0     0.499
 -297700.0     0.504
 -297600.0     0.508
 -297500.0     0.512
 -297400.0     0.516
 -297300.0     0.520
 -297200.0     0.524
 -297100.0     0.527
 -297000.0     0.531
 -296900.0     0.534
 -296800.0     0.537
 -296700.0     0.540
 -296600.0     0.543
 -296500.0     0.546
 -296400.0     0.549
 -296300.0     0.551
 -296200.0     0.554
 -296100.0     0.556
 -296000.0     0.558
 -295900.0     0.560
 -295800.0     0.562
 -295700.0     0.564
 -295600.0     0.566
 -295500.0     0.567
 -295400.0     0.568
 -295300.0     0.569
 -295200.0     0.570
 -295100.0     0.571
 -295000.0     0.571
 -294900.0     0.571
 -294800.0     0.571
 -294700.0     0.571
 -294600.0     0.570
 -294500.0     0.570
 -294400.0     0.569
 -294300.0     0.567
 -294200.0     0.566
 -294100.0     0.564
 -294000.0     0.563
 -293900.0     0.561
 -293800.0     0.559
 -293700.0     0.557
 -293600.0     0.555
 -293500.0     0.553
 -293400.0     0.551
 -293300.0     0.549
 -293200.0     0.548
 -293100.0     0.546
 -293000.0     0.545
 -292900.0     0.544
 -292800.0     0.543
 -292700.0     0.543
 -292600.0     0.543
 -292500.0     0.543
 -292400.0     0.544
 -292300.0     0.545
 -292200.0     0.546
 -292100.0     0.548
 -292000.0     0.550
 -291900.0     0.552
 -291800.0     0.555
 -291700.0     0.558
 -291600.0     0.561
 -291500.0     0.564
 -291400.0     0.568
 -291300.0     0.572
 -291200.0     0.576
 -291100.0     0.580
 -291000.0     0.585
 -290900.0     0.589
 -290800.0     0.593
 -290700.0     0.598
 -290600.0     0.602
 -290500.0     0.606
 -290400.0     0.611
 -290300.0     0.615
 -290200.0     0.619
 -290100.0     0.623
 -290000.0     0.626
 -289900.0     0.630
 -289800.0     0.633
 -289700.0     0.636
 -289600.0     0.639
 -289500.0     0.642
 -289400.0     0.644
 -289300.0     0.647
 -289200.0     0.649
 -289100.0     0.651
 -289000.0     0.653
 -288900.0     0.655
 -288800.0     0.657
 -288700.0     0.658
 -288600.0     0.660
 -288500.0     0.662
 -288400.0     0.663
 -288300.0     0.665
 -288200.0     0.666
 -288100.0     0.668
 -288000.0     0.669
 -287900.0     0.671
 -287800.0     0.673
 -287700.0     0.675
 -287600.0     0.677
 -287500.0     0.679
 -287400.0     0.681
 -287300.0     0.684
 -287200.0     0.686
 -287100.0     0.689
 -287000.0     0.691
 -286900.0     0.694
 -286800.0     0.697
 -286700.0     0.700
 -286600.0     0.703
 -286500.0     0.706
 -286400.0     0.708
 -286300.0     0.711
 -286200.0     0.714
 -286100.0     0.716
 -286000.0     0.719
 -285900.0     0.721
 -285800.0     0.723
 -285700.0     0.725
 -285600.0     0.726
 -285500.0     0.727
 -285400.0     0.728
 -285300.0     0.728
 -285200.0     0.728
 -285100.0     0.728
 -285000.0     0.727
 -284900.0     0.726
 -284800.0     0.725
 -284700.0     0.723
 -284600.0     0.722
 -284500.0     0.719
 -284400.0     0.717
 -284300.0     0.714
 -284200.0     0.711
 -284100.0     0.708
 -284000.0     0.705
 -283900.0     0.702
 -283800.0     0.699
 -283700.0     0.696
 -283600.0     0.693
 -283500.0     0.689
 -283400.0     0.686
 -283300.0     0.683
 -283200.0     0.681
 -283100.0     0.678
 -283000.0     0.675
 -282900.0     0.673
 -282800.0     0.671
 -282700.0     0.668
 -282600.0     0.666
 -282500.0     0.665
 -282400.0     0.663
 -282300.0     0.661
 -282200.0     0.660
 -282100.0     0.658
 -282000.0     0.657
 -281900.0     0.656
 -281800.0     0.654
 -281700.0     0.653
 -281600.0     0.651
 -281500.0     0.649
 -281400.0     0.648
 -281300.0     0.646
 -281200.0     0.643
 -281100.0     0.641
 -281000.0     0.638
 -280900.0     0.635
 -280800.0     0.632
 -280700.0     0.629
 -280600.0     0.625
 -280500.0     0.621
 -280400.0     0.617
 -280300.0     0.613
 -280200.0     0.608
 -280100.0     0.603
 -280000.0     0.598
 -279900.0     0.593
 -279800.0     0.587
 -279700.0     0.581
 -279600.0     0.576
 -279500.0     0.569
 -279400.0     0.563
 -279300.0     0.557
 -279200.0     0.551
 -279100.0     0.544
 -279000.0     0.538
 -278900.0     0.531
 -278800.0     0.524
 -278700.0     0.518
 -278600.0     0.511
 -278500.0     0.505
 -278400.0     0.499
 -278300.0     0.493
 -278200.0     0.486
 -278100.0     0.481
 -278000.0     0.475
 -277900.0     0.469
 -277800.0     0.464
 -277700.0     0.459
 -277600.0     0.455
 -277500.0     0.450
 -277400.0     0.446
 -277300.0     0.442
 -277200.0     0.439
 -277100.0     0.436
 -277000.0     0.433
 -276900.0     0.431
 -276800.0     0.429
 -276700.0     0.427
 -276600.0     0.426
 -276500.0     0.424
 -276400.0     0.424
 -276300.0     0.423
 -276200.0     0.423
 -276100.0     0.423
 -276000.0     0.424
 -275900.0     0.425
 -275800.0     0.426
 -275700.0     0.427
 -275600.0     0.429
 -275500.0     0.431
 -275400.0     0.433
 -275300.0     0.435
 -275200.0     0.438
 -275100.0     0.440
 -275000.0     0.443
 -274900.0     0.446
 -274800.0     0.449
 -274700.0     0.453
 -274600.0     0.456
 -274500.0     0.460
 -274400.0     0.463
 -274300.0     0.467
 -274200.0     0.471
 -274100.0     0.475
 -274000.0     0.479
 -273900.0     0.483
 -273800.0     0.488
 -273700.0     0.492
 -273600.0     0.497
 -273500.0     0.501
 -273400.0     0.506
 -273300.0     0.511
 -273200.0     0.516
 -273100.0     0.521
 -273000.0     0.526
 -272900.0     0.531
 -272800.0     0.537
 -272700.0     0.542
 -272600.0     0.547
 -272500.0     0.553
 -272400.0     0.558
 -272300.0     0.564
 -272200.0     0.570
 -272100.0     0.575
 -272000.0     0.581
 -271900.0     0.587
 -271800.0     0.593
 -271700.0     0.599
 -271600.0     0.605
 -271500.0     0.610
 -271400.0     0.616
 -271300.0     0.622
 -271200.0     0.628
 -271100.0     0.634
 -271000.0     0.640
 -270900.0     0.646
 -270800.0     0.651
 -270700.0     0.657
 -270600.0     0.663
 -270500.0     0.668
 -270400.0     0.674
 -270300.0     0.680
 -270200.0     0.685
 -270100.0     0.690
 -270000.0     0.696
 -269900.0     0.701
 -269800.0     0.706
 -269700.0     0.711
 -269600.0     0.717
 -269500.0     0.722
 -269400.0     0.727
 -269300.0     0.732
 -269200.0     0.737
 -269100.0     0.741
 -269000.0     0.746
 -268900.0     0.751
 -268800.0     0.756
 -268700.0     0.761
 -268600.0     0.765
 -268500.0     0.770
 -268400.0     0.775
 -268300.0     0.779
 -268200.0     0.784
 -268100.0     0.789
 -268000.0     0.793
 -267900.0     0.798
 -267800.0     0.802
 -267700.0     0.807
 -267600.0     0.811
 -267500.0     0.816
 -267400.0     0.820
 -267300.0     0.825
 -267200.0     0.829
 -267100.0     0.833
 -267000.0     0.837
 -266900.0     0.841
 -266800.0     0.845
 -266700.0     0.849
 -266600.0     0.853
 -266500.0     0.856
 -266400.0     0.860
 -266300.0     0.863
 -266200.0     0.867
 -266100.0     0.870
 -266000.0     0.873
 -265900.0     0.876
 -265800.0     0.879
 -265700.0     0.881
 -265600.0     0.884
 -265500.0     0.887
 -265400.0     0.889
 -265300.0     0.892
 -265200.0     0.894
 -265100.0     0.896
 -265000.0     0.898
 -264900.0     0.900
 -264800.0     0.902
 -264700.0     0.904
 -264600.0     0.906
 -264500.0     0.908
 -264400.0     0.910
 -264300.0     0.912
 -264200.0     0.914
 -264100.0     0.915
 -264000.0     0.917
 -263900.0     0.918
 -263800.0     0.920
 -263700.0     0.921
 -263600.0     0.923
 -263500.0     0.924
 -263400.0     0.925
 -263300.0     0.926
 -263200.0     0.927
 -263100.0     0.929
 -263000.0     0.930
 -262900.0     0.931
 -262800.0     0.932
 -262700.0     0.932
 -262600.0     0.933
 -262500.0     0.934
 -262400.0     0.935
 -262300.0     0.935
 -262200.0     0.936
 -262100.0     0.936
 -262000.0     0.936
 -261900.0     0.937
 -261800.0     0.937
 -261700.0     0.937
 -261600.0     0.937
 -261500.0     0.936
 -261400.0     0.936
 -261300.0     0.936
 -261200.0     0.935
 -261100.0     0.935
 -261000.0     0.934
 -260900.0     0.933
 -260800.0     0.932
 -260700.0     0.931
 -260600.0     0.930
 -260500.0     0.929
 -260400.0     0.927
 -260300.0     0.926
 -260200.0     0.924
 -260100.0     0.922
 -260000.0     0.920
 -259900.0     0.918
 -259800.0     0.916
 -259700.0     0.914
 -259600.0     0.911
 -259500.0     0.909
 -259400.0     0.906
 -259300.0     0.903
 -259200.0     0.900
 -259100.0     0.897
 -259000.0     0.894
 -258900.0     0.890
 -258800.0     0.887
 -258700.0     0.883
 -258600.0     0.879
 -258500.0     0.875
 -258400.0     0.871
 -258300.0     0.867
 -258200.0     0.863
 -258100.0     0.859
 -258000.0     0.854
 -257900.0     0.849
 -257800.0     0.845
 -257700.0     0.840
 -257600.0     0.835
 -257500.0     0.830
 -257400.0     0.825
 -257300.0     0.820
 -257200.0     0.815
 -257100.0     0.809
 -257000.0     0.804
 -256900.0     0.799
 -256800.0     0.793
 -256700.0     0.788
 -256600.0     0.783
 -256500.0     0.778
 -256400.0     0.773
 -256300.0     0.768
 -256200.0     0.764
 -256100.0     0.759
 -256000.0     0.755
 -255900.0     0.751
 -255800.0     0.747
 -255700.0     0.744
 -255600.0     0.741
 -255500.0     0.738
 -255400.0     0.735
 -255300.0     0.733
 -255200.0     0.731
 -255100.0     0.729
 -255000.0     0.728
 -254900.0     0.726
 -254800.0     0.726
 -254700.0     0.725
 -254600.0     0.724
 -254500.0     0.724
 -254400.0     0.724
 -254300.0     0.725
 -254200.0     0.725
 -254100.0     0.725
 -254000.0     0.726
 -253900.0     0.727
 -253800.0     0.727
 -253700.0     0.728
 -253600.0     0.729
 -253500.0     0.729
 -253400.0     0.730
 -253300.0     0.730
 -253200.0     0.730
 -253100.0     0.731
 -253000.0     0.731
 -252900.0     0.731
 -252800.0     0.731
 -252700.0     0.731
 -252600.0     0.730
 -252500.0     0.730
 -252400.0     0.729
 -252300.0     0.729
 -252200.0     0.728
 -252100.0     0.727
 -252000.0     0.727
 -251900.0     0.726
 -251800.0     0.725
 -251700.0     0.724
 -251600.0     0.724
 -251500.0     0.723
 -251400.0     0.723
 -251300.0     0.722
 -251200.0     0.722
 -251100.0     0.722
 -251000.0     0.722
 -250900.0     0.722
 -250800.0     0.723
 -250700.0     0.724
 -250600.0     0.725
 -250500.0     0.726
 -250400.0     0.727
 -250300.0     0.729
 -250200.0     0.730
 -250100.0     0.732
 -250000.0     0.734
 -249900.0     0.737
 -249800.0     0.739
 -249700.0     0.741
 -249600.0     0.744
 -249500.0     0.747
 -249400.0     0.749
 -249300.0     0.752
 -249200.0     0.754
 -249100.0     0.757
 -249000.0     0.760
 -248900.0     0.762
 -248800.0     0.764
 -248700.0     0.767
 -248600.0     0.769
 -248500.0     0.771
 -248400.0     0.773
 -248300.0     0.775
 -248200.0     0.776
 -248100.0     0.777
 -248000.0     0.779
 -247900.0     0.780
 -247800.0     0.781
 -247700.0     0.782
 -247600.0     0.782
 -247500.0     0.783
 -247400.0     0.783
 -247300.0     0.783
 -247200.0     0.783
 -247100.0     0.783
 -247000.0     0.782
 -246900.0     0.782
 -246800.0     0.782
 -246700.0     0.781
 -246600.0     0.780
 -246500.0     0.779
 -246400.0     0.778
 -246300.0     0.777
 -246200.0     0.776
 -246100.0     0.774
 -246000.0     0.773
 -245900.0     0.771
 -245800.0     0.769
 -245700.0     0.767
 -245600.0     0.765
 -245500.0     0.763
 -245400.0     0.760
 -245300.0     0.758
 -245200.0     0.755
 -245100.0     0.751
 -245000.0     0.748
 -244900.0     0.745
 -244800.0     0.741
 -244700.0     0.737
 -244600.0     0.733
 -244500.0     0.729
 -244400.0     0.724
 -244300.0     0.720
 -244200.0     0.715
 -244100.0     0.710
 -244000.0     0.705
 -243900.0     0.700
 -243800.0     0.695
 -243700.0     0.689
 -243600.0     0.684
 -243500.0     0.678
 -243400.0     0.672
 -243300.0     0.666
 -243200.0     0.659
 -243100.0     0.652
 -243000.0     0.646
 -242900.0     0.638
 -242800.0     0.631
 -242700.0     0.623
 -242600.0     0.615
 -242500.0     0.606
 -242400.0     0.597
 -242300.0     0.588
 -242200.0     0.578
 -242100.0     0.567
 -242000.0     0.556
 -241900.0     0.545
 -241800.0     0.532
 -241700.0     0.520
 -241600.0     0.506
 -241500.0     0.492
 -241400.0     0.477
 -241300.0     0.462
 -241200.0     0.446
 -241100.0     0.430
 -241000.0     0.413
 -240900.0     0.396
 -240800.0     0.378
 -240700.0     0.360
 -240600.0     0.341
 -240500.0     0.323
 -240400.0     0.304
 -240300.0     0.285
 -240200.0     0.265
 -240100.0     0.246
 -240000.0     0.227
 -239900.0     0.209
 -239800.0     0.190
 -239700.0     0.172
 -239600.0     0.155
 -239500.0     0.138
 -239400.0     0.122
 -239300.0     0.106
 -239200.0     0.092
 -239100.0     0.078
 -239000.0     0.065
 -238900.0     0.053
 -238800.0     0.042
 -238700.0     0.033
 -238600.0     0.024
 -238500.0     0.017
 -238400.0     0.011
 -238300.0     0.006
 -238200.0     0.002
 -238100.0     0.000
 -238000.0    -0.001
 -237900.0    -0.001
 -237800.0    -0.000
 -237700.0     0.002
 -237600.0     0.005
 -237500.0     0.010
 -237400.0     0.015
 -237300.0     0.021
 -237200.0     0.028
 -237100.0     0.035
 -237000.0     0.043
 -236900.0     0.052
 -236800.0     0.061
 -236700.0     0.071
 -236600.0     0.081
 -236500.0     0.091
 -236400.0     0.101
 -236300.0     0.112
 -236200.0     0.122
 -236100.0     0.133
 -236000.0     0.144
 -235900.0     0.154
 -235800.0     0.165
 -235700.0     0.175
 -235600.0     0.186
 -235500.0     0.196
 -235400.0     0.206
 -235300.0     0.216
 -235200.0     0.225
 -235100.0     0.235
 -235000.0     0.245
 -234900.0     0.254
 -234800.0     0.263
 -234700.0     0.272
 -234600.0     0.281
 -234500.0     0.290
 -234400.0     0.299
 -234300.0     0.308
 -234200.0     0.317
 -234100.0     0.326
 -234000.0     0.335
 -233900.0     0.344
 -233800.0     0.353
 -233700.0     0.362
 -233600.0     0.371
 -233500.0     0.380
 -233400.0     0.389
 -233300.0     0.399
 -233200.0     0.408
 -233100.0     0.418
 -233000.0     0.427
 -232900.0     0.437
 -232800.0     0.446
 -232700.0     0.456
 -232600.0     0.466
 -232500.0     0.476
 -232400.0     0.485
 -232300.0     0.495
 -232200.0     0.505
 -232100.0     0.515
 -232000.0     0.525
 -231900.0     0.535
 -231800.0     0.544
 -231700.0     0.554
 -231600.0     0.564
 -231500.0     0.573
 -231400.0     0.583
 -231300.0     0.592
 -231200.0     0.601
 -231100.0     0.611
 -231000.0     0.619
 -230900.0     0.628
 -230800.0     0.637
 -230700.0     0.645
 -230600.0     0.653
 -230500.0     0.661
 -230400.0     0.669
 -230300.0     0.676
 -230200.0     0.683
 -230100.0     0.690
 -230000.0     0.697
 -229900.0     0.703
 -229800.0     0.709
 -229700.0     0.714
 -229600.0     0.720
 -229500.0     0.725
 -229400.0     0.729
 -229300.0     0.733
 -229200.0     0.737
 -229100.0     0.741
 -229000.0     0.744
 -228900.0     0.747
 -228800.0     0.750
 -228700.0     0.752
 -228600.0     0.754
 -228500.0     0.755
 -228400.0     0.757
 -228300.0     0.758
 -228200.0     0.759
 -228100.0     0.759
 -228000.0     0.759
 -227900.0     0.759
 -227800.0     0.759
 -227700.0     0.759
 -227600.0     0.758
 -227500.0     0.757
 -227400.0     0.756
 -227300.0     0.755
 -227200.0     0.754
 -227100.0     0.753
 -227000.0     0.752
 -226900.0     0.750
 -226800.0     0.749
 -226700.0     0.748
 -226600.0     0.747
 -226500.0     0.746
 -226400.0     0.745
 -226300.0     0.744
 -226200.0     0.743
 -226100.0     0.743
 -226000.0     0.743
 -225900.0     0.743
 -225800.0     0.743
 -225700.0     0.743
 -225600.0     0.744
 -225500.0     0.745
 -225400.0     0.746
 -225300.0     0.747
 -225200.0     0.748
 -225100.0     0.750
 -225000.0     0.751
 -224900.0     0.753
 -224800.0     0.754
 -224700.0     0.756
 -224600.0     0.757
 -224500.0     0.758
 -224400.0     0.760
 -224300.0     0.761
 -224200.0     0.762
 -224100.0     0.762
 -224000.0     0.762
 -223900.0     0.762
 -223800.0     0.762
 -223700.0     0.760
 -223600.0     0.759
 -223500.0     0.757
 -223400.0     0.755
 -223300.0     0.752
 -223200.0     0.748
 -223100.0     0.744
 -223000.0     0.740
 -222900.0     0.735
 -222800.0     0.730
 -222700.0     0.724
 -222600.0     0.717
 -222500.0     0.711
 -222400.0     0.703
 -222300.0     0.696
 -222200.0     0.688
 -222100.0     0.679
 -222000.0     0.670
 -221900.0     0.661
 -221800.0     0.652
 -221700.0     0.642
 -221600.0     0.632
 -221500.0     0.622
 -221400.0     0.611
 -221300.0     0.601
 -221200.0     0.590
 -221100.0     0.579
 -221000.0     0.568
 -220900.0     0.557
 -220800.0     0.545
 -220700.0     0.534
 -220600.0     0.523
 -220500.0     0.511
 -220400.0     0.500
 -220300.0     0.488
 -220200.0     0.477
 -220100.0     0.465
 -220000.0     0.454
 -219900.0     0.443
 -219800.0     0.432
 -219700.0     0.420
 -219600.0     0.409
 -219500.0     0.398
 -219400.0     0.387
 -219300.0     0.377
 -219200.0     0.366
 -219100.0     0.356
 -219000.0     0.346
 -218900.0     0.336
 -218800.0     0.326
 -218700.0     0.316
 -218600.0     0.307
 -218500.0     0.298
 -218400.0     0.289
 -218300.0     0.281
 -218200.0     0.273
 -218100.0     0.265
 -218000.0     0.258
 -217900.0     0.251
 -217800.0     0.244
 -217700.0     0.238
 -217600.0     0.232
 -217500.0     0.226
 -217400.0     0.221
 -217300.0     0.216
 -217200.0     0.212
 -217100.0     0.208
 -217000.0     0.204
 -216900.0     0.201
 -216800.0     0.197
 -216700.0     0.195
 -216600.0     0.192
 -216500.0     0.190
 -216400.0     0.188
 -216300.0     0.186
 -216200.0     0.184
 -216100.0     0.183
 -216000.0     0.182
 -215900.0     0.181
 -215800.0     0.180
 -215700.0     0.179
 -215600.0     0.179
 -215500.0     0.178
 -215400.0     0.178
 -215300.0     0.178
 -215200.0     0.178
 -215100.0     0.179
 -215000.0     0.179
 -214900.0     0.179
 -214800.0     0.180
 -214700.0     0.181
 -214600.0     0.182
 -214500.0     0.183
 -214400.0     0.184
 -214300.0     0.185
 -214200.0     0.187
 -214100.0     0.189
 -214000.0     0.190
 -213900.0     0.192
 -213800.0     0.194
 -213700.0     0.197
 -213600.0     0.199
 -213500.0     0.202
 -213400.0     0.204
 -213300.0     0.207
 -213200.0     0.210
 -213100.0     0.213
 -213000.0     0.216
 -212900.0     0.219
 -212800.0     0.222
 -212700.0     0.226
 -212600.0     0.229
 -212500.0     0.233
 -212400.0     0.237
 -212300.0     0.240
 -212200.0     0.244
 -212100.0     0.248
 -212000.0     0.252
 -211900.0     0.256
 -211800.0     0.261
 -211700.0     0.265
 -211600.0     0.269
 -211500.0     0.274
 -211400.0     0.278
 -211300.0     0.283
 -211200.0     0.288
 -211100.0     0.293
 -211000.0     0.297
 -210900.0     0.302
 -210800.0     0.307
 -210700.0     0.312
 -210600.0     0.317
 -210500.0     0.322
 -210400.0     0.327
 -210300.0     0.332
 -210200.0     0.338
 -210100.0     0.343
 -210000.0     0.348
 -209900.0     0.354
 -209800.0     0.359
 -209700.0     0.364
 -209600.0     0.370
 -209500.0     0.375
 -209400.0     0.380
 -209300.0     0.385
 -209200.0     0.391
 -209100.0     0.396
 -209000.0     0.401
 -208900.0     0.406
 -208800.0     0.411
 -208700.0     0.416
 -208600.0     0.420
 -208500.0     0.425
 -208400.0     0.429
 -208300.0     0.433
 -208200.0     0.437
 -208100.0     0.441
 -208000.0     0.445
 -207900.0     0.448
 -207800.0     0.451
 -207700.0     0.454
 -207600.0     0.456
 -207500.0     0.458
 -207400.0     0.460
 -207300.0     0.461
 -207200.0     0.462
 -207100.0     0.463
 -207000.0     0.463
 -206900.0     0.463
 -206800.0     0.463
 -206700.0     0.462
 -206600.0     0.460
 -206500.0     0.458
 -206400.0     0.456
 -206300.0     0.454
 -206200.0     0.451
 -206100.0     0.447
 -206000.0     0.444
 -205900.0     0.440
 -205800.0     0.435
 -205700.0     0.431
 -205600.0     0.426
 -205500.0     0.421
 -205400.0     0.415
 -205300.0     0.410
 -205200.0     0.404
 -205100.0     0.399
 -205000.0     0.393
 -204900.0     0.387
 -204800.0     0.381
 -204700.0     0.375
 -204600.0     0.369
 -204500.0     0.363
 -204400.0     0.357
 -204300.0     0.351
 -204200.0     0.346
 -204100.0     0.340
 -204000.0     0.335
 -203900.0     0.330
 -203800.0     0.325
 -203700.0     0.320
 -203600.0     0.315
 -203500.0     0.311
 -203400.0     0.307
 -203300.0     0.303
 -203200.0     0.300
 -203100.0     0.296
 -203000.0     0.293
 -202900.0     0.290
 -202800.0     0.288
 -202700.0     0.286
 -202600.0     0.284
 -202500.0     0.282
 -202400.0     0.281
 -202300.0     0.280
 -202200.0     0.279
 -202100.0     0.279
 -202000.0     0.279
 -201900.0     0.279
 -201800.0     0.280
 -201700.0     0.280
 -201600.0     0.282
 -201500.0     0.283
 -201400.0     0.285
 -201300.0     0.287
 -201200.0     0.290
 -201100.0     0.292
 -201000.0     0.295
 -200900.0     0.299
 -200800.0     0.302
 -200700.0     0.306
 -200600.0     0.310
 -200500.0     0.314
 -200400.0     0.319
 -200300.0     0.324
 -200200.0     0.329
 -200100.0     0.334
 -200000.0     0.339
 -199900.0     0.345
 -199800.0     0.351
 -199700.0     0.357
 -199600.0     0.363
 -199500.0     0.369
 -199400.0     0.376
 -199300.0     0.382
 -199200.0     0.389
 -199100.0     0.396
 -199000.0     0.403
 -198900.0     0.410
 -198800.0     0.417
 -198700.0     0.424
 -198600.0     0.431
 -198500.0     0.438
 -198400.0     0.445
 -198300.0     0.453
 -198200.0     0.460
 -198100.0     0.467
 -198000.0     0.474
 -197900.0     0.481
 -197800.0     0.488
 -197700.0     0.495
 -197600.0     0.501
 -197500.0     0.508
 -197400.0     0.514
 -197300.0     0.521
 -197200.0     0.527
 -197100.0     0.533
 -197000.0     0.538
 -196900.0     0.543
 -196800.0     0.548
 -196700.0     0.553
 -196600.0     0.558
 -196500.0     0.562
 -196400.0     0.566
 -196300.0     0.570
 -196200.0     0.574
 -196100.0     0.577
 -196000.0     0.580
 -195900.0     0.583
 -195800.0     0.586
 -195700.0     0.588
 -195600.0     0.591
 -195500.0     0.593
 -195400.0     0.595
 -195300.0     0.597
 -195200.0     0.599
 -195100.0     0.601
 -195000.0     0.603
 -194900.0     0.604
 -194800.0     0.606
 -194700.0     0.608
 -194600.0     0.609
 -194500.0     0.611
 -194400.0     0.612
 -194300.0     0.614
 -194200.0     0.615
 -194100.0     0.616
 -194000.0     0.617
 -193900.0     0.618
 -193800.0     0.619
 -193700.0     0.620
 -193600.0     0.621
 -193500.0     0.622
 -193400.0     0.622
 -193300.0     0.622
 -193200.0     0.623
 -193100.0     0.623
 -193000.0     0.623
 -192900.0     0.623
 -192800.0     0.622
 -192700.0     0.622
 -192600.0     0.622
 -192500.0     0.622
 -192400.0     0.621
 -192300.0     0.621
 -192200.0     0.621
 -192100.0     0.621
 -192000.0     0.621
 -191900.0     0.622
 -191800.0     0.622
 -191700.0     0.623
 -191600.0     0.625
 -191500.0     0.626
 -191400.0     0.628
 -191300.0     0.631
 -191200.0     0.633
 -191100.0     0.637
 -191000.0     0.640
 -190900.0     0.644
 -190800.0     0.649
 -190700.0     0.653
 -190600.0     0.659
 -190500.0     0.664
 -190400.0     0.670
 -190300.0     0.677
 -190200.0     0.683
 -190100.0     0.690
 -190000.0     0.697
 -189900.0     0.704
 -189800.0     0.712
 -189700.0     0.719
 -189600.0     0.727
 -189500.0     0.735
 -189400.0     0.742
 -189300.0     0.750
 -189200.0     0.757
 -189100.0     0.765
 -189000.0     0.772
 -188900.0     0.779
 -188800.0     0.786
 -188700.0     0.793
 -188600.0     0.800
 -188500.0     0.806
 -188400.0     0.812
 -188300.0     0.818
 -188200.0     0.824
 -188100.0     0.829
 -188000.0     0.834
 -187900.0     0.839
 -187800.0     0.844
 -187700.0     0.848
 -187600.0     0.853
 -187500.0     0.857
 -187400.0     0.860
 -187300.0     0.864
 -187200.0     0.867
 -187100.0     0.871
 -187000.0     0.874
 -186900.0     0.876
 -186800.0     0.879
 -186700.0     0.882
 -186600.0     0.884
 -186500.0     0.886
 -186400.0     0.888
 -186300.0     0.890
 -186200.0     0.891
 -186100.0     0.893
 -186000.0     0.894
 -185900.0     0.895
 -185800.0     0.896
 -185700.0     0.897
 -185600.0     0.898
 -185500.0     0.898
 -185400.0     0.899
 -185300.0     0.899
 -185200.0     0.899
 -185100.0     0.899
 -185000.0     0.899
 -184900.0     0.899
 -184800.0     0.898
 -184700.0     0.897
 -184600.0     0.896
 -184500.0     0.895
 -184400.0     0.894
 -184300.0     0.892
 -184200.0     0.891
 -184100.0     0.889
 -184000.0     0.887
 -183900.0     0.885
 -183800.0     0.882
 -183700.0     0.879
 -183600.0     0.876
 -183500.0     0.873
 -183400.0     0.870
 -183300.0     0.866
 -183200.0     0.862
 -183100.0     0.858
 -183000.0     0.854
 -182900.0     0.849
 -182800.0     0.845
 -182700.0     0.840
 -182600.0     0.835
 -182500.0     0.830
 -182400.0     0.825
 -182300.0     0.820
 -182200.0     0.815
 -182100.0     0.809
 -182000.0     0.804
 -181900.0     0.799
 -181800.0     0.794
 -181700.0     0.789
 -181600.0     0.785
 -181500.0     0.780
 -181400.0     0.776
 -181300.0     0.772
 -181200.0     0.769
 -181100.0     0.766
 -181000.0     0.763
 -180900.0     0.761
 -180800.0     0.759
 -180700.0     0.757
 -180600.0     0.756
 -180500.0     0.756
 -180400.0     0.756
 -180300.0     0.756
 -180200.0     0.757
 -180100.0     0.758
 -180000.0     0.759
 -179900.0     0.761
 -179800.0     0.763
 -179700.0     0.765
 -179600.0     0.768
 -179500.0     0.771
 -179400.0     0.774
 -179300.0     0.777
 -179200.0     0.780
 -179100.0     0.783
 -179000.0     0.786
 -178900.0     0.789
 -178800.0     0.792
 -178700.0     0.794
 -178600.0     0.797
 -178500.0     0.799
 -178400.0     0.802
 -178300.0     0.804
 -178200.0     0.805
 -178100.0     0.807
 -178000.0     0.808
 -177900.0     0.809
 -177800.0     0.810
 -177700.0     0.810
 -177600.0     0.810
 -177500.0     0.810
 -177400.0     0.809
 -177300.0     0.809
 -177200.0     0.808
 -177100.0     0.806
 -177000.0     0.805
 -176900.0     0.803
 -176800.0     0.802
 -176700.0     0.800
 -176600.0     0.797
 -176500.0     0.795
 -176400.0     0.793
 -176300.0     0.790
 -176200.0     0.788
 -176100.0     0.786
 -176000.0     0.783
 -175900.0     0.781
 -175800.0     0.778
 -175700.0     0.776
 -175600.0     0.774
 -175500.0     0.772
 -175400.0     0.770
 -175300.0     0.769
 -175200.0     0.767
 -175100.0     0.766
 -175000.0     0.766
 -174900.0     0.765
 -174800.0     0.765
 -174700.0     0.765
 -174600.0     0.765
 -174500.0     0.765
 -174400.0     0.766
 -174300.0     0.767
 -174200.0     0.769
 -174100.0     0.770
 -174000.0     0.772
 -173900.0     0.774
 -173800.0     0.776
 -173700.0     0.778
 -173600.0     0.780
 -173500.0     0.783
 -173400.0     0.785
 -173300.0     0.787
 -173200.0     0.789
 -173100.0     0.791
 -173000.0     0.793
 -172900.0     0.795
 -172800.0     0.796
 -172700.0     0.798
 -172600.0     0.799
 -172500.0     0.800
 -172400.0     0.800
 -172300.0     0.801
 -172200.0     0.801
 -172100.0     0.801
 -172000.0     0.800
 -171900.0     0.800
 -171800.0     0.799
 -171700.0     0.798
 -171600.0     0.797
 -171500.0     0.795
 -171400.0     0.794
 -171300.0     0.792
 -171200.0     0.790
 -171100.0     0.789
 -171000.0     0.787
 -170900.0     0.785
 -170800.0     0.784
 -170700.0     0.782
 -170600.0     0.780
 -170500.0     0.779
 -170400.0     0.778
 -170300.0     0.777
 -170200.0     0.776
 -170100.0     0.776
 -170000.0     0.775
 -169900.0     0.776
 -169800.0     0.776
 -169700.0     0.777
 -169600.0     0.778
 -169500.0     0.779
 -169400.0     0.781
 -169300.0     0.783
 -169200.0     0.786
 -169100.0     0.788
 -169000.0     0.791
 -168900.0     0.795
 -168800.0     0.798
 -168700.0     0.802
 -168600.0     0.806
 -168500.0     0.811
 -168400.0     0.815
 -168300.0     0.820
 -168200.0     0.825
 -168100.0     0.830
 -168000.0     0.835
 -167900.0     0.840
 -167800.0     0.845
 -167700.0     0.850
 -167600.0     0.855
 -167500.0     0.860
 -167400.0     0.864
 -167300.0     0.869
 -167200.0     0.873
 -167100.0     0.878
 -167000.0     0.881
 -166900.0     0.885
 -166800.0     0.889
 -166700.0     0.892
 -166600.0     0.895
 -166500.0     0.897
 -166400.0     0.900
 -166300.0     0.902
 -166200.0     0.903
 -166100.0     0.904
 -166000.0     0.905
 -165900.0     0.906
 -165800.0     0.906
 -165700.0     0.906
 -165600.0     0.906
 -165500.0     0.905
 -165400.0     0.904
 -165300.0     0.902
 -165200.0     0.901
 -165100.0     0.899
 -165000.0     0.896
 -164900.0     0.893
 -164800.0     0.890
 -164700.0     0.887
 -164600.0     0.883
 -164500.0     0.880
 -164400.0     0.876
 -164300.0     0.872
 -164200.0     0.867
 -164100.0     0.863
 -164000.0     0.858
 -163900.0     0.854
 -163800.0     0.849
 -163700.0     0.845
 -163600.0     0.840
 -163500.0     0.836
 -163400.0     0.831
 -163300.0     0.827
 -163200.0     0.823
 -163100.0     0.819
 -163000.0     0.815
 -162900.0     0.812
 -162800.0     0.808
 -162700.0     0.805
 -162600.0     0.802
 -162500.0     0.800
 -162400.0     0.797
 -162300.0     0.795
 -162200.0     0.793
 -162100.0     0.791
 -162000.0     0.789
 -161900.0     0.787
 -161800.0     0.786
 -161700.0     0.784
 -161600.0     0.783
 -161500.0     0.782
 -161400.0     0.781
 -161300.0     0.779
 -161200.0     0.778
 -161100.0     0.778
 -161000.0     0.777
 -160900.0     0.776
 -160800.0     0.775
 -160700.0     0.775
 -160600.0     0.774
 -160500.0     0.774
 -160400.0     0.774
 -160300.0     0.774
 -160200.0     0.774
 -160100.0     0.775
 -160000.0     0.776
 -159900.0     0.777
 -159800.0     0.778
 -159700.0     0.780
 -159600.0     0.782
 -159500.0     0.784
 -159400.0     0.787
 -159300.0     0.790
 -159200.0     0.793
 -159100.0     0.796
 -159000.0     0.800
 -158900.0     0.804
 -158800.0     0.809
 -158700.0     0.814
 -158600.0     0.819
 -158500.0     0.824
 -158400.0     0.829
 -158300.0     0.835
 -158200.0     0.840
 -158100.0     0.846
 -158000.0     0.851
 -157900.0     0.857
 -157800.0     0.863
 -157700.0     0.868
 -157600.0     0.874
 -157500.0     0.879
 -157400.0     0.884
 -157300.0     0.889
 -157200.0     0.893
 -157100.0     0.898
 -157000.0     0.902
 -156900.0     0.906
 -156800.0     0.910
 -156700.0     0.913
 -156600.0     0.916
 -156500.0     0.918
 -156400.0     0.921
 -156300.0     0.923
 -156200.0     0.924
 -156100.0     0.926
 -156000.0     0.927
 -155900.0     0.928
 -155800.0     0.928
 -155700.0     0.928
 -155600.0     0.928
 -155500.0     0.928
 -155400.0     0.927
 -155300.0     0.926
 -155200.0     0.925
 -155100.0     0.924
 -155000.0     0.922
 -154900.0     0.920
 -154800.0     0.919
 -154700.0     0.917
 -154600.0     0.915
 -154500.0     0.912
 -154400.0     0.910
 -154300.0     0.908
 -154200.0     0.906
 -154100.0     0.904
 -154000.0     0.901
 -153900.0     0.899
 -153800.0     0.896
 -153700.0     0.894
 -153600.0     0.892
 -153500.0     0.889
 -153400.0     0.887
 -153300.0     0.885
 -153200.0     0.882
 -153100.0     0.880
 -153000.0     0.878
 -152900.0     0.876
 -152800.0     0.873
 -152700.0     0.871
 -152600.0     0.869
 -152500.0     0.867
 -152400.0     0.865
 -152300.0     0.863
 -152200.0     0.861
 -152100.0     0.859
 -152000.0     0.857
 -151900.0     0.856
 -151800.0     0.854
 -151700.0     0.853
 -151600.0     0.851
 -151500.0     0.850
 -151400.0     0.849
 -151300.0     0.848
 -151200.0     0.848
 -151100.0     0.847
 -151000.0     0.846
 -150900.0     0.846
 -150800.0     0.846
 -150700.0     0.846
 -150600.0     0.846
 -150500.0     0.847
 -150400.0     0.848
 -150300.0     0.849
 -150200.0     0.850
 -150100.0     0.851
 -150000.0     0.852
 -149900.0     0.854
 -149800.0     0.855
 -149700.0     0.857
 -149600.0     0.859
 -149500.0     0.861
 -149400.0     0.863
 -149300.0     0.865
 -149200.0     0.867
 -149100.0     0.869
 -149000.0     0.871
 -148900.0     0.874
 -148800.0     0.876
 -148700.0     0.878
 -148600.0     0.880
 -148500.0     0.883
 -148400.0     0.885
 -148300.0     0.887
 -148200.0     0.889
 -148100.0     0.891
 -148000.0     0.893
 -147900.0     0.895
 -147800.0     0.896
 -147700.0     0.898
 -147600.0     0.900
 -147500.0     0.901
 -147400.0     0.903
 -147300.0     0.904
 -147200.0     0.906
 -147100.0     0.907
 -147000.0     0.908
 -146900.0     0.910
 -146800.0     0.911
 -146700.0     0.912
 -146600.0     0.913
 -146500.0     0.914
 -146400.0     0.915
 -146300.0     0.916
 -146200.0     0.917
 -146100.0     0.918
 -146000.0     0.919
 -145900.0     0.919
 -145800.0     0.920
 -145700.0     0.921
 -145600.0     0.922
 -145500.0     0.923
 -145400.0     0.924
 -145300.0     0.924
 -145200.0     0.925
 -145100.0     0.926
 -145000.0     0.927
 -144900.0     0.928
 -144800.0     0.929
 -144700.0     0.930
 -144600.0     0.930
 -144500.0     0.931
 -144400.0     0.932
 -144300.0     0.933
 -144200.0     0.934
 -144100.0     0.935
 -144000.0     0.936
 -143900.0     0.937
 -143800.0     0.938
 -143700.0     0.939
 -143600.0     0.941
 -143500.0     0.942
 -143400.0     0.943
 -143300.0     0.944
 -143200.0     0.945
 -143100.0     0.946
 -143000.0     0.947
 -142900.0     0.948
 -142800.0     0.949
 -142700.0     0.950
 -142600.0     0.951
 -142500.0     0.952
 -142400.0     0.953
 -142300.0     0.954
 -142200.0     0.955
 -142100.0     0.956
 -142000.0     0.957
 -141900.0     0.958
 -141800.0     0.958
 -141700.0     0.959
 -141600.0     0.960
 -141500.0     0.961
 -141400.0     0.961
 -141300.0     0.962
 -141200.0     0.962
 -141100.0     0.963
 -141000.0     0.963
 -140900.0     0.964
 -140800.0     0.964
 -140700.0     0.964
 -140600.0     0.965
 -140500.0     0.965
 -140400.0     0.965
 -140300.0     0.965
 -140200.0     0.965
 -140100.0     0.964
 -140000.0     0.964
 -139900.0     0.963
 -139800.0     0.963
 -139700.0     0.962
 -139600.0     0.961
 -139500.0     0.960
 -139400.0     0.959
 -139300.0     0.957
 -139200.0     0.955
 -139100.0     0.954
 -139000.0     0.952
 -138900.0     0.949
 -138800.0     0.947
 -138700.0     0.944
 -138600.0     0.942
 -138500.0     0.939
 -138400.0     0.936
 -138300.0     0.932
 -138200.0     0.929
 -138100.0     0.925
 -138000.0     0.921
 -137900.0     0.917
 -137800.0     0.913
 -137700.0     0.908
 -137600.0     0.903
 -137500.0     0.898
 -137400.0     0.893
 -137300.0     0.888
 -137200.0     0.883
 -137100.0     0.877
 -137000.0     0.871
 -136900.0     0.865
 -136800.0     0.859
 -136700.0     0.853
 -136600.0     0.846
 -136500.0     0.839
 -136400.0     0.832
 -136300.0     0.824
 -136200.0     0.816
 -136100.0     0.808
 -136000.0     0.800
 -135900.0     0.791
 -135800.0     0.782
 -135700.0     0.772
 -135600.0     0.762
 -135500.0     0.752
 -135400.0     0.741
 -135300.0     0.730
 -135200.0     0.718
 -135100.0     0.706
 -135000.0     0.694
 -134900.0     0.681
 -134800.0     0.668
 -134700.0     0.654
 -134600.0     0.640
 -134500.0     0.626
 -134400.0     0.612
 -134300.0     0.597
 -134200.0     0.582
 -134100.0     0.566
 -134000.0     0.551
 -133900.0     0.535
 -133800.0     0.519
 -133700.0     0.503
 -133600.0     0.487
 -133500.0     0.471
 -133400.0     0.454
 -133300.0     0.438
 -133200.0     0.421
 -133100.0     0.405
 -133000.0     0.388
 -132900.0     0.371
 -132800.0     0.355
 -132700.0     0.338
 -132600.0     0.322
 -132500.0     0.305
 -132400.0     0.288
 -132300.0     0.272
 -132200.0     0.255
 -132100.0     0.238
 -132000.0     0.222
 -131900.0     0.205
 -131800.0     0.189
 -131700.0     0.172
 -131600.0     0.156
 -131500.0     0.140
 -131400.0     0.124
 -131300.0     0.108
 -131200.0     0.092
 -131100.0     0.076
 -131000.0     0.060
 -130900.0     0.045
 -130800.0     0.030
 -130700.0     0.015
 -130600.0     0.000
 -130500.0    -0.014
 -130400.0    -0.028
 -130300.0    -0.041
 -130200.0    -0.054
 -130100.0    -0.067
 -130000.0    -0.079
 -129900.0    -0.091
 -129800.0    -0.102
 -129700.0    -0.113
 -129600.0    -0.123
 -129500.0    -0.133
 -129400.0    -0.142
 -129300.0    -0.151
 -129200.0    -0.159
 -129100.0    -0.167
 -129000.0    -0.173
 -128900.0    -0.180
 -128800.0    -0.185
 -128700.0    -0.190
 -128600.0    -0.194
 -128500.0    -0.198
 -128400.0    -0.201
 -128300.0    -0.203
 -128200.0    -0.205
 -128100.0    -0.206
 -128000.0    -0.207
 -127900.0    -0.207
 -127800.0    -0.206
 -127700.0    -0.205
 -127600.0    -0.203
 -127500.0    -0.201
 -127400.0    -0.198
 -127300.0    -0.195
 -127200.0    -0.192
 -127100.0    -0.188
 -127000.0    -0.184
 -126900.0    -0.179
 -126800.0    -0.174
 -126700.0    -0.170
 -126600.0    -0.164
 -126500.0    -0.159
 -126400.0    -0.154
 -126300.0    -0.149
 -126200.0    -0.143
 -126100.0    -0.138
 -126000.0    -0.133
 -125900.0    -0.127
 -125800.0    -0.122
 -125700.0    -0.117
 -125600.0    -0.112
 -125500.0    -0.107
 -125400.0    -0.102
 -125300.0    -0.098
 -125200.0    -0.093
 -125100.0    -0.089
 -125000.0    -0.085
 -124900.0    -0.081
 -124800.0    -0.077
 -124700.0    -0.073
 -124600.0    -0.069
 -124500.0    -0.066
 -124400.0    -0.062
 -124300.0    -0.058
 -124200.0    -0.055
 -124100.0    -0.052
 -124000.0    -0.048
 -123900.0    -0.045
 -123800.0    -0.042
 -123700.0    -0.039
 -123600.0    -0.035
 -123500.0    -0.032
 -123400.0    -0.029
 -123300.0    -0.026
 -123200.0    -0.023
 -123100.0    -0.019
 -123000.0    -0.016
 -122900.0    -0.013
 -122800.0    -0.010
 -122700.0    -0.006
 -122600.0    -0.003
 -122500.0     0.000
 -122400.0     0.004
 -122300.0     0.007
 -122200.0     0.011
 -122100.0     0.014
 -122000.0     0.018
 -121900.0     0.021
 -121800.0     0.025
 -121700.0     0.029
 -121600.0     0.033
 -121500.0     0.036
 -121400.0     0.040
 -121300.0     0.044
 -121200.0     0.048
 -121100.0     0.052
 -121000.0     0.055
 -120900.0     0.059
 -120800.0     0.063
 -120700.0     0.067
 -120600.0     0.071
 -120500.0     0.075
 -120400.0     0.079
 -120300.0     0.083
 -120200.0     0.087
 -120100.0     0.090
 -120000.0     0.094
 -119900.0     0.098
 -119800.0     0.102
 -119700.0     0.106
 -119600.0     0.110
 -119500.0     0.114
 -119400.0     0.117
 -119300.0     0.121
 -119200.0     0.125
 -119100.0     0.129
 -119000.0     0.133
 -118900.0     0.137
 -118800.0     0.142
 -118700.0     0.146
 -118600.0     0.151
 -118500.0     0.155
 -118400.0     0.160
 -118300.0     0.165
 -118200.0     0.170
 -118100.0     0.175
 -118000.0     0.181
 -117900.0     0.186
 -117800.0     0.192
 -117700.0     0.198
 -117600.0     0.204
 -117500.0     0.211
 -117400.0     0.217
 -117300.0     0.224
 -117200.0     0.231
 -117100.0     0.238
 -117000.0     0.246
 -116900.0     0.253
 -116800.0     0.261
 -116700.0     0.269
 -116600.0     0.277
 -116500.0     0.285
 -116400.0     0.294
 -116300.0     0.302
 -116200.0     0.311
 -116100.0     0.320
 -116000.0     0.329
 -115900.0     0.338
 -115800.0     0.347
 -115700.0     0.357
 -115600.0     0.366
 -115500.0     0.376
 -115400.0     0.385
 -115300.0     0.395
 -115200.0     0.404
 -115100.0     0.414
 -115000.0     0.424
 -114900.0     0.433
 -114800.0     0.443
 -114700.0     0.452
 -114600.0     0.462
 -114500.0     0.471
 -114400.0     0.480
 -114300.0     0.490
 -114200.0     0.499
 -114100.0     0.508
 -114000.0     0.516
 -113900.0     0.525
 -113800.0     0.533
 -113700.0     0.541
 -113600.0     0.549
 -113500.0     0.557
 -113400.0     0.564
 -113300.0     0.572
 -113200.0     0.578
 -113100.0     0.585
 -113000.0     0.592
 -112900.0     0.598
 -112800.0     0.603
 -112700.0     0.609
 -112600.0     0.614
 -112500.0     0.619
 -112400.0     0.624
 -112300.0     0.628
 -112200.0     0.632
 -112100.0     0.636
 -112000.0     0.640
 -111900.0     0.643
 -111800.0     0.647
 -111700.0     0.650
 -111600.0     0.652
 -111500.0     0.655
 -111400.0     0.658
 -111300.0     0.660
 -111200.0     0.663
 -111100.0     0.665
 -111000.0     0.667
 -110900.0     0.669
 -110800.0     0.671
 -110700.0     0.673
 -110600.0     0.674
 -110500.0     0.676
 -110400.0     0.678
 -110300.0     0.679
 -110200.0     0.681
 -110100.0     0.682
 -110000.0     0.684
 -109900.0     0.685
 -109800.0     0.686
 -109700.0     0.687
 -109600.0     0.688
 -109500.0     0.688
 -109400.0     0.688
 -109300.0     0.688
 -109200.0     0.688
 -109100.0     0.688
 -109000.0     0.687
 -108900.0     0.685
 -108800.0     0.684
 -108700.0     0.682
 -108600.0     0.679
 -108500.0     0.676
 -108400.0     0.673
 -108300.0     0.669
 -108200.0     0.665
 -108100.0     0.660
 -108000.0     0.655
 -107900.0     0.650
 -107800.0     0.644
 -107700.0     0.638
 -107600.0     0.632
 -107500.0     0.626
 -107400.0     0.619
 -107300.0     0.612
 -107200.0     0.605
 -107100.0     0.598
 -107000.0     0.591
 -106900.0     0.583
 -106800.0     0.576
 -106700.0     0.569
 -106600.0     0.562
 -106500.0     0.556
 -106400.0     0.549
 -106300.0     0.543
 -106200.0     0.536
 -106100.0     0.530
 -106000.0     0.525
 -105900.0     0.519
 -105800.0     0.514
 -105700.0     0.509
 -105600.0     0.504
 -105500.0     0.499
 -105400.0     0.495
 -105300.0     0.490
 -105200.0     0.486
 -105100.0     0.482
 -105000.0     0.478
 -104900.0     0.386
 -104800.0     0.333
 -104700.0     0.283
 -104600.0     0.207
 -104500.0     0.137
 -104400.0     0.224
 -104300.0     0.323
 -104200.0     0.337
 -104100.0     0.351
 -104000.0     0.288
 -103900.0     0.229
 -103800.0     0.288
 -103700.0     0.351
 -103600.0     0.232
 -103500.0     0.129
 -103400.0     0.104
 -103300.0     0.080
 -103200.0     0.062
 -103100.0     0.045
 -103000.0     0.059
 -102900.0     0.074
 -102800.0     0.098
 -102700.0     0.122
 -102600.0     0.095
 -102500.0     0.069
 -102400.0     0.064
 -102300.0     0.058
 -102200.0     0.065
 -102100.0     0.072
 -102000.0     0.083
 -101900.0     0.095
 -101800.0     0.100
 -101700.0     0.106
 -101600.0     0.114
 -101500.0     0.123
 -101400.0     0.125
 -101300.0     0.127
 -101200.0     0.135
 -101100.0     0.143
 -101000.0     0.144
 -100900.0     0.144
 -100800.0     0.134
 -100700.0     0.124
 -100600.0     0.137
 -100500.0     0.151
 -100400.0     0.142
 -100300.0     0.132
 -100200.0     0.157
 -100100.0     0.182
 -100000.0     0.184
  -99900.0     0.185
  -99800.0     0.185
  -99700.0     0.185
  -99600.0     0.194
  -99500.0     0.203
  -99400.0     0.217
  -99300.0     0.231
  -99200.0     0.234
  -99100.0     0.238
  -99000.0     0.244
  -98900.0     0.250
  -98800.0     0.243
  -98700.0     0.236
  -98600.0     0.236
  -98500.0     0.236
  -98400.0     0.222
  -98300.0     0.208
  -98200.0     0.223
  -98100.0     0.238
  -98000.0     0.244
  -97900.0     0.249
  -97800.0     0.259
  -97700.0     0.268
  -97600.0     0.262
  -97500.0     0.256
  -97400.0     0.282
  -97300.0     0.309
  -97200.0     0.304
  -97100.0     0.299
  -97000.0     0.307
  -96900.0     0.314
  -96800.0     0.313
  -96700.0     0.313
  -96600.0     0.318
  -96500.0     0.323
  -96400.0     0.314
  -96300.0     0.305
  -96200.0     0.311
  -96100.0     0.318
  -96000.0     0.346
  -95900.0     0.374
  -95800.0     0.373
  -95700.0     0.373
  -95600.0     0.371
  -95500.0     0.369
  -95400.0     0.383
  -95300.0     0.398
  -95200.0     0.355
  -95100.0     0.313
  -95000.0     0.346
  -94900.0     0.379
  -94800.0     0.373
  -94700.0     0.366
  -94600.0     0.377
  -94500.0     0.387
  -94400.0     0.380
  -94300.0     0.373
  -94200.0     0.370
  -94100.0     0.366
  -94000.0     0.373
  -93900.0     0.379
  -93800.0     0.368
  -93700.0     0.356
  -93600.0     0.377
  -93500.0     0.399
  -93400.0     0.417
  -93300.0     0.435
  -93200.0     0.423
  -93100.0     0.410
  -93000.0     0.422
  -92900.0     0.434
  -92800.0     0.431
  -92700.0     0.428
  -92600.0     0.422
  -92500.0     0.416
  -92400.0     0.412
  -92300.0     0.408
  -92200.0     0.432
  -92100.0     0.458
  -92000.0     0.446
  -91900.0     0.434
  -91800.0     0.455
  -91700.0     0.476
  -91600.0     0.478
  -91500.0     0.479
  -91400.0     0.463
  -91300.0     0.448
  -91200.0     0.457
  -91100.0     0.466
  -91000.0     0.486
  -90900.0     0.505
  -90800.0     0.483
  -90700.0     0.462
  -90600.0     0.449
  -90500.0     0.437
  -90400.0     0.434
  -90300.0     0.431
  -90200.0     0.456
  -90100.0     0.481
  -90000.0     0.461
  -89900.0     0.442
  -89800.0     0.460
  -89700.0     0.478
  -89600.0     0.478
  -89500.0     0.478
  -89400.0     0.500
  -89300.0     0.522
  -89200.0     0.490
  -89100.0     0.459
  -89000.0     0.445
  -88900.0     0.431
  -88800.0     0.418
  -88700.0     0.405
  -88600.0     0.420
  -88500.0     0.435
  -88400.0     0.437
  -88300.0     0.439
  -88200.0     0.425
  -88100.0     0.412
  -88000.0     0.402
  -87900.0     0.391
  -87800.0     0.396
  -87700.0     0.401
  -87600.0     0.335
  -87500.0     0.274
  -87400.0     0.269
  -87300.0     0.264
  -87200.0     0.248
  -87100.0     0.231
  -87000.0     0.234
  -86900.0     0.237
  -86800.0     0.247
  -86700.0     0.257
  -86600.0     0.246
  -86500.0     0.236
  -86400.0     0.274
  -86300.0     0.314
  -86200.0     0.320
  -86100.0     0.325
  -86000.0     0.294
  -85900.0     0.264
  -85800.0     0.278
  -85700.0     0.292
  -85600.0     0.312
  -85500.0     0.333
  -85400.0     0.345
  -85300.0     0.357
  -85200.0     0.370
  -85100.0     0.383
  -85000.0     0.414
  -84900.0     0.446
  -84800.0     0.530
  -84700.0     0.619
  -84600.0     0.633
  -84500.0     0.648
  -84400.0     0.609
  -84300.0     0.572
  -84200.0     0.573
  -84100.0     0.575
  -84000.0     0.553
  -83900.0     0.531
  -83800.0     0.539
  -83700.0     0.547
  -83600.0     0.502
  -83500.0     0.459
  -83400.0     0.462
  -83300.0     0.465
  -83200.0     0.456
  -83100.0     0.446
  -83000.0     0.428
  -82900.0     0.410
  -82800.0     0.385
  -82700.0     0.361
  -82600.0     0.355
  -82500.0     0.349
  -82400.0     0.371
  -82300.0     0.393
  -82200.0     0.327
  -82100.0     0.266
  -82000.0     0.287
  -81900.0     0.309
  -81800.0     0.224
  -81700.0     0.148
  -81600.0     0.101
  -81500.0     0.058
  -81400.0     0.079
  -81300.0     0.100
  -81200.0     0.110
  -81100.0     0.120
  -81000.0     0.104
  -80900.0     0.089
  -80800.0     0.097
  -80700.0     0.104
  -80600.0     0.095
  -80500.0     0.086
  -80400.0     0.113
  -80300.0     0.142
  -80200.0     0.156
  -80100.0     0.171
  -80000.0     0.136
  -79900.0     0.104
  -79800.0     0.136
  -79700.0     0.171
  -79600.0     0.164
  -79500.0     0.157
  -79400.0     0.158
  -79300.0     0.158
  -79200.0     0.176
  -79100.0     0.194
  -79000.0     0.199
  -78900.0     0.204
  -78800.0     0.185
  -78700.0     0.166
  -78600.0     0.175
  -78500.0     0.183
  -78400.0     0.174
  -78300.0     0.164
  -78200.0     0.172
  -78100.0     0.180
  -78000.0     0.187
  -77900.0     0.195
  -77800.0     0.205
  -77700.0     0.215
  -77600.0     0.228
  -77500.0     0.240
  -77400.0     0.243
  -77300.0     0.246
  -77200.0     0.236
  -77100.0     0.227
  -77000.0     0.264
  -76900.0     0.303
  -76800.0     0.308
  -76700.0     0.313
  -76600.0     0.323
  -76500.0     0.333
  -76400.0     0.330
  -76300.0     0.326
  -76200.0     0.349
  -76100.0     0.371
  -76000.0     0.390
  -75900.0     0.409
  -75800.0     0.432
  -75700.0     0.456
  -75600.0     0.390
  -75500.0     0.328
  -75400.0     0.325
  -75300.0     0.321
  -75200.0     0.296
  -75100.0     0.271
  -75000.0     0.312
  -74900.0     0.355
  -74800.0     0.380
  -74700.0     0.406
  -74600.0     0.437
  -74500.0     0.469
  -74400.0     0.478
  -74300.0     0.488
  -74200.0     0.402
  -74100.0     0.323
  -74000.0     0.404
  -73900.0     0.491
  -73800.0     0.615
  -73700.0     0.750
  -73600.0     0.822
  -73500.0     0.897
  -73400.0     0.916
  -73300.0     0.935
  -73200.0     0.944
  -73100.0     0.954
  -73000.0     0.898
  -72900.0     0.844
  -72800.0     0.825
  -72700.0     0.806
  -72600.0     0.595
  -72500.0     0.410
  -72400.0     0.264
  -72300.0     0.139
  -72200.0     0.148
  -72100.0     0.157
  -72000.0     0.176
  -71900.0     0.195
  -71800.0     0.201
  -71700.0     0.208
  -71600.0     0.206
  -71500.0     0.204
  -71400.0     0.231
  -71300.0     0.259
  -71200.0     0.269
  -71100.0     0.279
  -71000.0     0.283
  -70900.0     0.288
  -70800.0     0.310
  -70700.0     0.331
  -70600.0     0.350
  -70500.0     0.369
  -70400.0     0.397
  -70300.0     0.425
  -70200.0     0.433
  -70100.0     0.441
  -70000.0     0.641
  -69900.0     0.871
  -69800.0     0.945
  -69700.0     1.022
  -69600.0     1.013
  -69500.0     1.004
  -69400.0     1.031
  -69300.0     1.059
  -69200.0     1.040
  -69100.0     1.022
  -69000.0     1.020
  -68900.0     1.018
  -68800.0     1.009
  -68700.0     1.000
  -68600.0     0.978
  -68500.0     0.956
  -68400.0     0.516
  -68300.0     0.186
  -68200.0     0.152
  -68100.0     0.120
  -68000.0     0.135
  -67900.0     0.151
  -67800.0     0.187
  -67700.0     0.225
  -67600.0     0.218
  -67500.0     0.210
  -67400.0     0.244
  -67300.0     0.280
  -67200.0     0.289
  -67100.0     0.298
  -67000.0     0.305
  -66900.0     0.313
  -66800.0     0.391
  -66700.0     0.476
  -66600.0     0.522
  -66500.0     0.570
  -66400.0     0.641
  -66300.0     0.716
  -66200.0     0.815
  -66100.0     0.920
  -66000.0     0.884
  -65900.0     0.849
  -65800.0     0.743
  -65700.0     0.643
  -65600.0     0.529
  -65500.0     0.424
  -65400.0     0.584
  -65300.0     0.764
  -65200.0     0.781
  -65100.0     0.797
  -65000.0     0.759
  -64900.0     0.721
  -64800.0     0.762
  -64700.0     0.804
  -64600.0     0.845
  -64500.0     0.886
  -64400.0     0.844
  -64300.0     0.803
  -64200.0     0.791
  -64100.0     0.780
  -64000.0     0.826
  -63900.0     0.873
  -63800.0     0.856
  -63700.0     0.838
  -63600.0     0.803
  -63500.0     0.767
  -63400.0     0.774
  -63300.0     0.780
  -63200.0     0.765
  -63100.0     0.750
  -63000.0     0.764
  -62900.0     0.778
  -62800.0     0.768
  -62700.0     0.759
  -62600.0     0.766
  -62500.0     0.773
  -62400.0     0.827
  -62300.0     0.882
  -62200.0     0.887
  -62100.0     0.892
  -62000.0     0.896
  -61900.0     0.901
  -61800.0     0.826
  -61700.0     0.754
  -61600.0     0.712
  -61500.0     0.671
  -61400.0     0.730
  -61300.0     0.792
  -61200.0     0.821
  -61100.0     0.851
  -61000.0     0.830
  -60900.0     0.810
  -60800.0     0.614
  -60700.0     0.441
  -60600.0     0.375
  -60500.0     0.313
  -60400.0     0.453
  -60300.0     0.613
  -60200.0     0.617
  -60100.0     0.621
  -60000.0     0.639
  -59900.0     0.658
  -59800.0     0.742
  -59700.0     0.829
  -59600.0     0.803
  -59500.0     0.776
  -59400.0     0.803
  -59300.0     0.829
  -59200.0     0.812
  -59100.0     0.796
  -59000.0     0.763
  -58900.0     0.731
  -58800.0     0.727
  -58700.0     0.723
  -58600.0     0.761
  -58500.0     0.801
  -58400.0     0.775
  -58300.0     0.750
  -58200.0     0.723
  -58100.0     0.696
  -58000.0     0.650
  -57900.0     0.605
  -57800.0     0.564
  -57700.0     0.525
  -57600.0     0.579
  -57500.0     0.635
  -57400.0     0.600
  -57300.0     0.566
  -57200.0     0.594
  -57100.0     0.624
  -57000.0     0.669
  -56900.0     0.716
  -56800.0     0.718
  -56700.0     0.719
  -56600.0     0.681
  -56500.0     0.643
  -56400.0     0.437
  -56300.0     0.261
  -56200.0     0.382
  -56100.0     0.519
  -56000.0     0.353
  -55900.0     0.210
  -55800.0     0.228
  -55700.0     0.246
  -55600.0     0.238
  -55500.0     0.231
  -55400.0     0.375
  -55300.0     0.541
  -55200.0     0.459
  -55100.0     0.382
  -55000.0     0.372
  -54900.0     0.362
  -54800.0     0.279
  -54700.0     0.203
  -54600.0     0.208
  -54500.0     0.212
  -54400.0     0.256
  -54300.0     0.302
  -54200.0     0.308
  -54100.0     0.315
  -54000.0     0.307
  -53900.0     0.298
  -53800.0     0.316
  -53700.0     0.334
  -53600.0     0.344
  -53500.0     0.355
  -53400.0     0.355
  -53300.0     0.356
  -53200.0     0.489
  -53100.0     0.637
  -53000.0     0.604
  -52900.0     0.572
  -52800.0     0.618
  -52700.0     0.666
  -52600.0     0.484
  -52500.0     0.325
  -52400.0     0.294
  -52300.0     0.264
  -52200.0     0.404
  -52100.0     0.564
  -52000.0     0.625
  -51900.0     0.687
  -51800.0     0.538
  -51700.0     0.404
  -51600.0     0.514
  -51500.0     0.633
  -51400.0     0.669
  -51300.0     0.706
  -51200.0     0.683
  -51100.0     0.661
  -51000.0     0.402
  -50900.0     0.192
  -50800.0     0.224
  -50700.0     0.259
  -50600.0     0.229
  -50500.0     0.201
  -50400.0     0.207
  -50300.0     0.212
  -50200.0     0.214
  -50100.0     0.217
  -50000.0     0.225
  -49900.0     0.234
  -49800.0     0.244
  -49700.0     0.254
  -49600.0     0.246
  -49500.0     0.238
  -49400.0     0.261
  -49300.0     0.286
  -49200.0     0.261
  -49100.0     0.237
  -49000.0     0.270
  -48900.0     0.304
  -48800.0     0.286
  -48700.0     0.268
  -48600.0     0.299
  -48500.0     0.331
  -48400.0     0.318
  -48300.0     0.304
  -48200.0     0.341
  -48100.0     0.379
  -48000.0     0.397
  -47900.0     0.416
  -47800.0     0.414
  -47700.0     0.413
  -47600.0     0.423
  -47500.0     0.432
  -47400.0     0.429
  -47300.0     0.425
  -47200.0     0.439
  -47100.0     0.452
  -47000.0     0.434
  -46900.0     0.417
  -46800.0     0.434
  -46700.0     0.451
  -46600.0     0.465
  -46500.0     0.481
  -46400.0     0.480
  -46300.0     0.479
  -46200.0     0.462
  -46100.0     0.445
  -46000.0     0.461
  -45900.0     0.478
  -45800.0     0.549
  -45700.0     0.624
  -45600.0     0.476
  -45500.0     0.343
  -45400.0     0.362
  -45300.0     0.382
  -45200.0     0.387
  -45100.0     0.391
  -45000.0     0.451
  -44900.0     0.513
  -44800.0     0.529
  -44700.0     0.546
  -44600.0     0.625
  -44500.0     0.708
  -44400.0     0.742
  -44300.0     0.778
  -44200.0     0.736
  -44100.0     0.696
  -44000.0     0.690
  -43900.0     0.684
  -43800.0     0.659
  -43700.0     0.635
  -43600.0     0.677
  -43500.0     0.721
  -43400.0     0.573
  -43300.0     0.439
  -43200.0     0.270
  -43100.0     0.129
  -43000.0     0.159
  -42900.0     0.192
  -42800.0     0.190
  -42700.0     0.188
  -42600.0     0.188
  -42500.0     0.188
  -42400.0     0.213
  -42300.0     0.238
  -42200.0     0.260
  -42100.0     0.282
  -42000.0     0.279
  -41900.0     0.275
  -41800.0     0.329
  -41700.0     0.386
  -41600.0     0.397
  -41500.0     0.408
  -41400.0     0.437
  -41300.0     0.466
  -41200.0     0.461
  -41100.0     0.456
  -41000.0     0.460
  -40900.0     0.463
  -40800.0     0.469
  -40700.0     0.475
  -40600.0     0.608
  -40500.0     0.754
  -40400.0     0.748
  -40300.0     0.742
  -40200.0     0.784
  -40100.0     0.828
  -40000.0     0.850
  -39900.0     0.873
  -39800.0     0.651
  -39700.0     0.456
  -39600.0     0.355
  -39500.0     0.263
  -39400.0     0.283
  -39300.0     0.303
  -39200.0     0.329
  -39100.0     0.356
  -39000.0     0.428
  -38900.0     0.504
  -38800.0     0.497
  -38700.0     0.491
  -38600.0     0.630
  -38500.0     0.783
  -38400.0     0.792
  -38300.0     0.801
  -38200.0     0.774
  -38100.0     0.748
  -38000.0     0.586
  -37900.0     0.439
  -37800.0     0.384
  -37700.0     0.331
  -37600.0     0.366
  -37500.0     0.401
  -37400.0     0.471
  -37300.0     0.546
  -37200.0     0.652
  -37100.0     0.766
  -37000.0     0.736
  -36900.0     0.708
  -36800.0     0.686
  -36700.0     0.664
  -36600.0     0.576
  -36500.0     0.494
  -36400.0     0.607
  -36300.0     0.730
  -36200.0     0.743
  -36100.0     0.757
  -36000.0     0.838
  -35900.0     0.923
  -35800.0     0.871
  -35700.0     0.820
  -35600.0     0.804
  -35500.0     0.788
  -35400.0     0.834
  -35300.0     0.880
  -35200.0     0.821
  -35100.0     0.764
  -35000.0     0.694
  -34900.0     0.627
  -34800.0     0.419
  -34700.0     0.242
  -34600.0     0.236
  -34500.0     0.230
  -34400.0     0.236
  -34300.0     0.242
  -34200.0     0.280
  -34100.0     0.320
  -34000.0     0.311
  -33900.0     0.302
  -33800.0     0.320
  -33700.0     0.339
  -33600.0     0.371
  -33500.0     0.404
  -33400.0     0.465
  -33300.0     0.531
  -33200.0     0.471
  -33100.0     0.413
  -33000.0     0.533
  -32900.0     0.664
  -32800.0     0.736
  -32700.0     0.810
  -32600.0     0.808
  -32500.0     0.806
  -32400.0     0.806
  -32300.0     0.806
  -32200.0     0.777
  -32100.0     0.748
  -32000.0     0.508
  -31900.0     0.304
  -31800.0     0.301
  -31700.0     0.298
  -31600.0     0.344
  -31500.0     0.393
  -31400.0     0.434
  -31300.0     0.478
  -31200.0     0.582
  -31100.0     0.694
  -31000.0     0.719
  -30900.0     0.745
  -30800.0     0.731
  -30700.0     0.718
  -30600.0     0.727
  -30500.0     0.736
  -30400.0     0.583
  -30300.0     0.445
  -30200.0     0.428
  -30100.0     0.412
  -30000.0     0.550
  -29900.0     0.704
  -29800.0     0.796
  -29700.0     0.893
  -29600.0     0.859
  -29500.0     0.826
  -29400.0     0.787
  -29300.0     0.748
  -29200.0     0.540
  -29100.0     0.360
  -29000.0     0.373
  -28900.0     0.387
  -28800.0     0.511
  -28700.0     0.646
  -28600.0     0.716
  -28500.0     0.788
  -28400.0     0.863
  -28300.0     0.940
  -28200.0     0.887
  -28100.0     0.835
  -28000.0     0.819
  -27900.0     0.803
  -27800.0     0.836
  -27700.0     0.869
  -27600.0     0.764
  -27500.0     0.664
  -27400.0     0.754
  -27300.0     0.849
  -27200.0     0.865
  -27100.0     0.880
  -27000.0     0.907
  -26900.0     0.935
  -26800.0     0.925
  -26700.0     0.916
  -26600.0     0.884
  -26500.0     0.853
  -26400.0     0.781
  -26300.0     0.711
  -26200.0     0.627
  -26100.0     0.547
  -26000.0     0.414
  -25900.0     0.296
  -25800.0     0.510
  -25700.0     0.766
  -25600.0     0.761
  -25500.0     0.755
  -25400.0     0.786
  -25300.0     0.817
  -25200.0     0.622
  -25100.0     0.449
  -25000.0     0.406
  -24900.0     0.364
  -24800.0     0.560
  -24700.0     0.787
  -24600.0     0.725
  -24500.0     0.666
  -24400.0     0.702
  -24300.0     0.738
  -24200.0     0.754
  -24100.0     0.769
  -24000.0     0.747
  -23900.0     0.724
  -23800.0     0.705
  -23700.0     0.686
  -23600.0     0.727
  -23500.0     0.769
  -23400.0     0.864
  -23300.0     0.963
  -23200.0     0.860
  -23100.0     0.762
  -23000.0     0.738
  -22900.0     0.714
  -22800.0     0.719
  -22700.0     0.723
  -22600.0     0.731
  -22500.0     0.740
  -22400.0     0.717
  -22300.0     0.694
  -22200.0     0.801
  -22100.0     0.914
  -22000.0     0.957
  -21900.0     1.000
  -21800.0     0.970
  -21700.0     0.940
  -21600.0     0.858
  -21500.0     0.778
  -21400.0     0.612
  -21300.0     0.462
  -21200.0     0.587
  -21100.0     0.724
  -21000.0     0.635
  -20900.0     0.550
  -20800.0     0.625
  -20700.0     0.702
  -20600.0     0.728
  -20500.0     0.754
  -20400.0     0.700
  -20300.0     0.648
  -20200.0     0.682
  -20100.0     0.716
  -20000.0     0.726
  -19900.0     0.736
  -19800.0     0.738
  -19700.0     0.740
  -19600.0     0.734
  -19500.0     0.728
  -19400.0     0.705
  -19300.0     0.682
  -19200.0     0.658
  -19100.0     0.633
  -19000.0     0.583
  -18900.0     0.535
  -18800.0     0.596
  -18700.0     0.659
  -18600.0     0.606
  -18500.0     0.555
  -18400.0     0.560
  -18300.0     0.566
  -18200.0     0.544
  -18100.0     0.522
  -18000.0     0.476
  -17900.0     0.431
  -17800.0     0.423
  -17700.0     0.416
  -17600.0     0.440
  -17500.0     0.465
  -17400.0     0.423
  -17300.0     0.382
  -17200.0     0.386
  -17100.0     0.390
  -17000.0     0.408
  -16900.0     0.425
  -16800.0     0.404
  -16700.0     0.382
  -16600.0     0.459
  -16500.0     0.541
  -16400.0     0.544
  -16300.0     0.546
  -16200.0     0.540
  -16100.0     0.534
  -16000.0     0.514
  -15900.0     0.494
  -15800.0     0.484
  -15700.0     0.475
  -15600.0     0.550
  -15500.0     0.629
  -15400.0     0.587
  -15300.0     0.546
  -15200.0     0.539
  -15100.0     0.532
  -15000.0     0.486
  -14900.0     0.441
  -14800.0     0.468
  -14700.0     0.497
  -14600.0     0.425
  -14500.0     0.357
  -14400.0     0.174
  -14300.0     0.031
  -14200.0     0.057
  -14100.0     0.085
  -14000.0     0.166
  -13900.0     0.260
  -13800.0     0.251
  -13700.0     0.242
  -13600.0     0.230
  -13500.0     0.218
  -13400.0     0.223
  -13300.0     0.228
  -13200.0     0.277
  -13100.0     0.329
  -13000.0     0.404
  -12900.0     0.485
  -12800.0     0.409
  -12700.0     0.338
  -12600.0     0.528
  -12500.0     0.748
  -12400.0     0.708
  -12300.0     0.668
  -12200.0     0.650
  -12100.0     0.633
  -12000.0     0.605
  -11900.0     0.578
  -11800.0     0.598
  -11700.0     0.617
  -11600.0     0.413
  -11500.0     0.240
  -11400.0     0.220
  -11300.0     0.201
  -11200.0     0.164
  -11100.0     0.129
  -11000.0     0.123
  -10900.0     0.117
  -10800.0     0.114
  -10700.0     0.111
  -10600.0     0.081
  -10500.0     0.053
  -10400.0     0.047
  -10300.0     0.042
  -10200.0     0.032
  -10100.0     0.023
  -10000.0     0.006
   -9900.0    -0.010
   -9800.0    -0.018
   -9700.0    -0.027
   -9600.0    -0.029
   -9500.0    -0.032
   -9400.0    -0.038
   -9300.0    -0.045
   -9200.0    -0.036
   -9100.0    -0.028
   -9000.0    -0.034
   -8900.0    -0.039
   -8800.0    -0.029
   -8700.0    -0.019
   -8600.0    -0.023
   -8500.0    -0.027
   -8400.0    -0.016
   -8300.0    -0.005
   -8200.0     0.006
   -8100.0     0.018
   -8000.0    -0.011
   -7900.0    -0.037
   -7800.0    -0.037
   -7700.0    -0.038
   -7600.0    -0.038
   -7500.0    -0.039
   -7400.0    -0.040
   -7300.0    -0.042
   -7200.0    -0.032
   -7100.0    -0.022
   -7000.0    -0.025
   -6900.0    -0.028
   -6800.0    -0.026
   -6700.0    -0.023
   -6600.0    -0.019
   -6500.0    -0.015
   -6400.0    -0.018
   -6300.0    -0.021
   -6200.0    -0.018
   -6100.0    -0.015
   -6000.0    -0.020
   -5900.0    -0.026
   -5800.0    -0.025
   -5700.0    -0.025
   -5600.0    -0.021
   -5500.0    -0.017
   -5400.0    -0.015
   -5300.0    -0.013
   -5200.0    -0.021
   -5100.0    -0.029
   -5000.0    -0.020
   -4900.0    -0.010
   -4800.0    -0.014
   -4700.0    -0.018
   -4600.0    -0.019
   -4500.0    -0.019
   -4400.0    -0.022
   -4300.0    -0.024
   -4200.0    -0.025
   -4100.0    -0.026
   -4000.0    -0.027
   -3900.0    -0.029
   -3800.0    -0.026
   -3700.0    -0.023
   -3600.0    -0.029
   -3500.0    -0.034
   -3400.0    -0.028
   -3300.0    -0.021
   -3200.0    -0.022
   -3100.0    -0.023
   -3000.0    -0.021
   -2900.0    -0.018
   -2800.0    -0.025
   -2700.0    -0.031
   -2600.0    -0.025
   -2500.0    -0.019
   -2400.0    -0.019
   -2300.0    -0.019
   -2200.0    -0.019
   -2100.0    -0.019
   -2000.0    -0.012
   -1900.0    -0.006
   -1800.0    -0.010
   -1700.0    -0.014
   -1600.0    -0.005
   -1500.0     0.004
   -1400.0    -0.007
   -1300.0    -0.017
   -1200.0    -0.012
   -1100.0    -0.006
   -1000.0    -0.000
    -900.0     0.006
    -800.0     0.007
    -700.0     0.009
    -600.0     0.001
    -500.0    -0.006
    -400.0    -0.002
    -300.0     0.002
    -200.0     0.001
    -100.0    -0.000
       0.0    -0.000
