#  -250000  100  0
 -250000.0     0.339
 -249900.0     0.339
 -249800.0     0.338
 -249700.0     0.337
 -249600.0     0.337
 -249500.0     0.336
 -249400.0     0.335
 -249300.0     0.334
 -249200.0     0.332
 -249100.0     0.331
 -249000.0     0.330
 -248900.0     0.328
 -248800.0     0.327
 -248700.0     0.325
 -248600.0     0.323
 -248500.0     0.321
 -248400.0     0.319
 -248300.0     0.317
 -248200.0     0.315
 -248100.0     0.313
 -248000.0     0.310
 -247900.0     0.308
 -247800.0     0.305
 -247700.0     0.303
 -247600.0     0.300
 -247500.0     0.297
 -247400.0     0.295
 -247300.0     0.292
 -247200.0     0.289
 -247100.0     0.286
 -247000.0     0.283
 -246900.0     0.280
 -246800.0     0.278
 -246700.0     0.275
 -246600.0     0.272
 -246500.0     0.269
 -246400.0     0.266
 -246300.0     0.263
 -246200.0     0.260
 -246100.0     0.257
 -246000.0     0.254
 -245900.0     0.251
 -245800.0     0.249
 -245700.0     0.246
 -245600.0     0.243
 -245500.0     0.240
 -245400.0     0.237
 -245300.0     0.234
 -245200.0     0.231
 -245100.0     0.229
 -245000.0     0.226
 -244900.0     0.223
 -244800.0     0.220
 -244700.0     0.217
 -244600.0     0.214
 -244500.0     0.212
 -244400.0     0.209
 -244300.0     0.206
 -244200.0     0.204
 -244100.0     0.201
 -244000.0     0.199
 -243900.0     0.196
 -243800.0     0.194
 -243700.0     0.191
 -243600.0     0.189
 -243500.0     0.187
 -243400.0     0.185
 -243300.0     0.183
 -243200.0     0.182
 -243100.0     0.180
 -243000.0     0.179
 -242900.0     0.178
 -242800.0     0.177
 -242700.0     0.176
 -242600.0     0.176
 -242500.0     0.176
 -242400.0     0.175
 -242300.0     0.176
 -242200.0     0.176
 -242100.0     0.176
 -242000.0     0.177
 -241900.0     0.178
 -241800.0     0.179
 -241700.0     0.180
 -241600.0     0.181
 -241500.0     0.183
 -241400.0     0.184
 -241300.0     0.186
 -241200.0     0.187
 -241100.0     0.189
 -241000.0     0.190
 -240900.0     0.192
 -240800.0     0.194
 -240700.0     0.195
 -240600.0     0.197
 -240500.0     0.198
 -240400.0     0.200
 -240300.0     0.201
 -240200.0     0.202
 -240100.0     0.203
 -240000.0     0.204
 -239900.0     0.205
 -239800.0     0.206
 -239700.0     0.207
 -239600.0     0.207
 -239500.0     0.208
 -239400.0     0.208
 -239300.0     0.208
 -239200.0     0.209
 -239100.0     0.209
 -239000.0     0.209
 -238900.0     0.209
 -238800.0     0.209
 -238700.0     0.209
 -238600.0     0.209
 -238500.0     0.209
 -238400.0     0.209
 -238300.0     0.209
 -238200.0     0.209
 -238100.0     0.209
 -238000.0     0.209
 -237900.0     0.209
 -237800.0     0.209
 -237700.0     0.209
 -237600.0     0.210
 -237500.0     0.210
 -237400.0     0.210
 -237300.0     0.211
 -237200.0     0.211
 -237100.0     0.211
 -237000.0     0.212
 -236900.0     0.212
 -236800.0     0.213
 -236700.0     0.213
 -236600.0     0.213
 -236500.0     0.214
 -236400.0     0.214
 -236300.0     0.215
 -236200.0     0.215
 -236100.0     0.216
 -236000.0     0.216
 -235900.0     0.216
 -235800.0     0.217
 -235700.0     0.217
 -235600.0     0.217
 -235500.0     0.217
 -235400.0     0.217
 -235300.0     0.218
 -235200.0     0.218
 -235100.0     0.218
 -235000.0     0.218
 -234900.0     0.218
 -234800.0     0.218
 -234700.0     0.218
 -234600.0     0.219
 -234500.0     0.219
 -234400.0     0.219
 -234300.0     0.219
 -234200.0     0.219
 -234100.0     0.219
 -234000.0     0.220
 -233900.0     0.220
 -233800.0     0.220
 -233700.0     0.220
 -233600.0     0.221
 -233500.0     0.221
 -233400.0     0.221
 -233300.0     0.221
 -233200.0     0.222
 -233100.0     0.222
 -233000.0     0.222
 -232900.0     0.222
 -232800.0     0.222
 -232700.0     0.222
 -232600.0     0.221
 -232500.0     0.221
 -232400.0     0.221
 -232300.0     0.220
 -232200.0     0.219
 -232100.0     0.218
 -232000.0     0.217
 -231900.0     0.215
 -231800.0     0.213
 -231700.0     0.211
 -231600.0     0.209
 -231500.0     0.207
 -231400.0     0.204
 -231300.0     0.201
 -231200.0     0.198
 -231100.0     0.194
 -231000.0     0.191
 -230900.0     0.187
 -230800.0     0.183
 -230700.0     0.179
 -230600.0     0.175
 -230500.0     0.171
 -230400.0     0.166
 -230300.0     0.162
 -230200.0     0.158
 -230100.0     0.153
 -230000.0     0.149
 -229900.0     0.145
 -229800.0     0.141
 -229700.0     0.137
 -229600.0     0.133
 -229500.0     0.129
 -229400.0     0.125
 -229300.0     0.122
 -229200.0     0.118
 -229100.0     0.115
 -229000.0     0.112
 -228900.0     0.109
 -228800.0     0.107
 -228700.0     0.104
 -228600.0     0.102
 -228500.0     0.100
 -228400.0     0.099
 -228300.0     0.097
 -228200.0     0.096
 -228100.0     0.094
 -228000.0     0.093
 -227900.0     0.093
 -227800.0     0.092
 -227700.0     0.092
 -227600.0     0.091
 -227500.0     0.091
 -227400.0     0.092
 -227300.0     0.092
 -227200.0     0.092
 -227100.0     0.093
 -227000.0     0.093
 -226900.0     0.094
 -226800.0     0.094
 -226700.0     0.095
 -226600.0     0.096
 -226500.0     0.096
 -226400.0     0.097
 -226300.0     0.097
 -226200.0     0.098
 -226100.0     0.098
 -226000.0     0.098
 -225900.0     0.098
 -225800.0     0.098
 -225700.0     0.098
 -225600.0     0.098
 -225500.0     0.097
 -225400.0     0.097
 -225300.0     0.096
 -225200.0     0.095
 -225100.0     0.094
 -225000.0     0.094
 -224900.0     0.093
 -224800.0     0.092
 -224700.0     0.091
 -224600.0     0.090
 -224500.0     0.089
 -224400.0     0.088
 -224300.0     0.088
 -224200.0     0.087
 -224100.0     0.086
 -224000.0     0.086
 -223900.0     0.086
 -223800.0     0.085
 -223700.0     0.085
 -223600.0     0.085
 -223500.0     0.085
 -223400.0     0.085
 -223300.0     0.085
 -223200.0     0.085
 -223100.0     0.086
 -223000.0     0.086
 -222900.0     0.086
 -222800.0     0.087
 -222700.0     0.087
 -222600.0     0.087
 -222500.0     0.088
 -222400.0     0.089
 -222300.0     0.089
 -222200.0     0.090
 -222100.0     0.091
 -222000.0     0.092
 -221900.0     0.093
 -221800.0     0.094
 -221700.0     0.095
 -221600.0     0.096
 -221500.0     0.097
 -221400.0     0.098
 -221300.0     0.100
 -221200.0     0.101
 -221100.0     0.103
 -221000.0     0.104
 -220900.0     0.106
 -220800.0     0.107
 -220700.0     0.109
 -220600.0     0.111
 -220500.0     0.112
 -220400.0     0.114
 -220300.0     0.116
 -220200.0     0.118
 -220100.0     0.119
 -220000.0     0.121
 -219900.0     0.123
 -219800.0     0.124
 -219700.0     0.126
 -219600.0     0.128
 -219500.0     0.129
 -219400.0     0.131
 -219300.0     0.132
 -219200.0     0.134
 -219100.0     0.136
 -219000.0     0.137
 -218900.0     0.139
 -218800.0     0.141
 -218700.0     0.142
 -218600.0     0.144
 -218500.0     0.145
 -218400.0     0.147
 -218300.0     0.149
 -218200.0     0.150
 -218100.0     0.152
 -218000.0     0.153
 -217900.0     0.155
 -217800.0     0.157
 -217700.0     0.158
 -217600.0     0.159
 -217500.0     0.161
 -217400.0     0.162
 -217300.0     0.163
 -217200.0     0.165
 -217100.0     0.166
 -217000.0     0.167
 -216900.0     0.168
 -216800.0     0.169
 -216700.0     0.170
 -216600.0     0.172
 -216500.0     0.173
 -216400.0     0.174
 -216300.0     0.175
 -216200.0     0.177
 -216100.0     0.178
 -216000.0     0.180
 -215900.0     0.181
 -215800.0     0.183
 -215700.0     0.185
 -215600.0     0.187
 -215500.0     0.189
 -215400.0     0.191
 -215300.0     0.194
 -215200.0     0.196
 -215100.0     0.199
 -215000.0     0.202
 -214900.0     0.205
 -214800.0     0.209
 -214700.0     0.212
 -214600.0     0.215
 -214500.0     0.219
 -214400.0     0.222
 -214300.0     0.226
 -214200.0     0.230
 -214100.0     0.234
 -214000.0     0.238
 -213900.0     0.241
 -213800.0     0.245
 -213700.0     0.249
 -213600.0     0.253
 -213500.0     0.257
 -213400.0     0.261
 -213300.0     0.265
 -213200.0     0.269
 -213100.0     0.273
 -213000.0     0.276
 -212900.0     0.280
 -212800.0     0.284
 -212700.0     0.288
 -212600.0     0.291
 -212500.0     0.295
 -212400.0     0.299
 -212300.0     0.302
 -212200.0     0.306
 -212100.0     0.310
 -212000.0     0.313
 -211900.0     0.317
 -211800.0     0.321
 -211700.0     0.324
 -211600.0     0.328
 -211500.0     0.332
 -211400.0     0.336
 -211300.0     0.339
 -211200.0     0.343
 -211100.0     0.347
 -211000.0     0.351
 -210900.0     0.355
 -210800.0     0.359
 -210700.0     0.362
 -210600.0     0.366
 -210500.0     0.370
 -210400.0     0.373
 -210300.0     0.377
 -210200.0     0.380
 -210100.0     0.384
 -210000.0     0.387
 -209900.0     0.389
 -209800.0     0.392
 -209700.0     0.394
 -209600.0     0.396
 -209500.0     0.398
 -209400.0     0.400
 -209300.0     0.401
 -209200.0     0.402
 -209100.0     0.402
 -209000.0     0.402
 -208900.0     0.402
 -208800.0     0.401
 -208700.0     0.400
 -208600.0     0.399
 -208500.0     0.397
 -208400.0     0.395
 -208300.0     0.392
 -208200.0     0.389
 -208100.0     0.386
 -208000.0     0.383
 -207900.0     0.380
 -207800.0     0.376
 -207700.0     0.372
 -207600.0     0.368
 -207500.0     0.364
 -207400.0     0.360
 -207300.0     0.356
 -207200.0     0.352
 -207100.0     0.348
 -207000.0     0.344
 -206900.0     0.341
 -206800.0     0.337
 -206700.0     0.334
 -206600.0     0.331
 -206500.0     0.328
 -206400.0     0.325
 -206300.0     0.322
 -206200.0     0.320
 -206100.0     0.318
 -206000.0     0.316
 -205900.0     0.314
 -205800.0     0.312
 -205700.0     0.310
 -205600.0     0.309
 -205500.0     0.307
 -205400.0     0.306
 -205300.0     0.305
 -205200.0     0.303
 -205100.0     0.302
 -205000.0     0.301
 -204900.0     0.299
 -204800.0     0.298
 -204700.0     0.297
 -204600.0     0.295
 -204500.0     0.294
 -204400.0     0.293
 -204300.0     0.291
 -204200.0     0.290
 -204100.0     0.289
 -204000.0     0.288
 -203900.0     0.287
 -203800.0     0.286
 -203700.0     0.286
 -203600.0     0.285
 -203500.0     0.285
 -203400.0     0.285
 -203300.0     0.285
 -203200.0     0.285
 -203100.0     0.286
 -203000.0     0.286
 -202900.0     0.287
 -202800.0     0.288
 -202700.0     0.289
 -202600.0     0.290
 -202500.0     0.291
 -202400.0     0.292
 -202300.0     0.294
 -202200.0     0.295
 -202100.0     0.296
 -202000.0     0.297
 -201900.0     0.298
 -201800.0     0.298
 -201700.0     0.299
 -201600.0     0.299
 -201500.0     0.299
 -201400.0     0.299
 -201300.0     0.298
 -201200.0     0.297
 -201100.0     0.296
 -201000.0     0.295
 -200900.0     0.293
 -200800.0     0.291
 -200700.0     0.289
 -200600.0     0.287
 -200500.0     0.284
 -200400.0     0.281
 -200300.0     0.279
 -200200.0     0.276
 -200100.0     0.273
 -200000.0     0.270
 -199900.0     0.267
 -199800.0     0.264
 -199700.0     0.261
 -199600.0     0.258
 -199500.0     0.255
 -199400.0     0.253
 -199300.0     0.251
 -199200.0     0.249
 -199100.0     0.247
 -199000.0     0.245
 -198900.0     0.244
 -198800.0     0.243
 -198700.0     0.243
 -198600.0     0.242
 -198500.0     0.242
 -198400.0     0.243
 -198300.0     0.243
 -198200.0     0.244
 -198100.0     0.245
 -198000.0     0.246
 -197900.0     0.248
 -197800.0     0.249
 -197700.0     0.251
 -197600.0     0.253
 -197500.0     0.255
 -197400.0     0.258
 -197300.0     0.260
 -197200.0     0.263
 -197100.0     0.265
 -197000.0     0.268
 -196900.0     0.271
 -196800.0     0.274
 -196700.0     0.277
 -196600.0     0.280
 -196500.0     0.283
 -196400.0     0.286
 -196300.0     0.290
 -196200.0     0.293
 -196100.0     0.297
 -196000.0     0.300
 -195900.0     0.303
 -195800.0     0.307
 -195700.0     0.310
 -195600.0     0.314
 -195500.0     0.317
 -195400.0     0.321
 -195300.0     0.324
 -195200.0     0.327
 -195100.0     0.331
 -195000.0     0.334
 -194900.0     0.337
 -194800.0     0.340
 -194700.0     0.342
 -194600.0     0.345
 -194500.0     0.347
 -194400.0     0.349
 -194300.0     0.351
 -194200.0     0.353
 -194100.0     0.355
 -194000.0     0.356
 -193900.0     0.357
 -193800.0     0.357
 -193700.0     0.358
 -193600.0     0.358
 -193500.0     0.357
 -193400.0     0.357
 -193300.0     0.356
 -193200.0     0.355
 -193100.0     0.354
 -193000.0     0.353
 -192900.0     0.351
 -192800.0     0.349
 -192700.0     0.347
 -192600.0     0.345
 -192500.0     0.343
 -192400.0     0.340
 -192300.0     0.338
 -192200.0     0.335
 -192100.0     0.333
 -192000.0     0.330
 -191900.0     0.327
 -191800.0     0.324
 -191700.0     0.321
 -191600.0     0.319
 -191500.0     0.316
 -191400.0     0.313
 -191300.0     0.311
 -191200.0     0.308
 -191100.0     0.305
 -191000.0     0.303
 -190900.0     0.300
 -190800.0     0.298
 -190700.0     0.295
 -190600.0     0.293
 -190500.0     0.290
 -190400.0     0.288
 -190300.0     0.285
 -190200.0     0.283
 -190100.0     0.281
 -190000.0     0.279
 -189900.0     0.277
 -189800.0     0.275
 -189700.0     0.273
 -189600.0     0.271
 -189500.0     0.269
 -189400.0     0.267
 -189300.0     0.265
 -189200.0     0.263
 -189100.0     0.262
 -189000.0     0.261
 -188900.0     0.259
 -188800.0     0.258
 -188700.0     0.257
 -188600.0     0.255
 -188500.0     0.254
 -188400.0     0.253
 -188300.0     0.252
 -188200.0     0.251
 -188100.0     0.250
 -188000.0     0.248
 -187900.0     0.247
 -187800.0     0.246
 -187700.0     0.245
 -187600.0     0.244
 -187500.0     0.243
 -187400.0     0.241
 -187300.0     0.240
 -187200.0     0.238
 -187100.0     0.237
 -187000.0     0.235
 -186900.0     0.234
 -186800.0     0.232
 -186700.0     0.230
 -186600.0     0.229
 -186500.0     0.227
 -186400.0     0.226
 -186300.0     0.225
 -186200.0     0.223
 -186100.0     0.222
 -186000.0     0.222
 -185900.0     0.221
 -185800.0     0.221
 -185700.0     0.222
 -185600.0     0.222
 -185500.0     0.224
 -185400.0     0.225
 -185300.0     0.227
 -185200.0     0.230
 -185100.0     0.233
 -185000.0     0.236
 -184900.0     0.240
 -184800.0     0.245
 -184700.0     0.250
 -184600.0     0.255
 -184500.0     0.261
 -184400.0     0.267
 -184300.0     0.274
 -184200.0     0.281
 -184100.0     0.288
 -184000.0     0.296
 -183900.0     0.304
 -183800.0     0.313
 -183700.0     0.321
 -183600.0     0.330
 -183500.0     0.339
 -183400.0     0.348
 -183300.0     0.357
 -183200.0     0.367
 -183100.0     0.376
 -183000.0     0.385
 -182900.0     0.394
 -182800.0     0.403
 -182700.0     0.412
 -182600.0     0.421
 -182500.0     0.430
 -182400.0     0.438
 -182300.0     0.447
 -182200.0     0.455
 -182100.0     0.462
 -182000.0     0.470
 -181900.0     0.477
 -181800.0     0.484
 -181700.0     0.490
 -181600.0     0.496
 -181500.0     0.502
 -181400.0     0.507
 -181300.0     0.512
 -181200.0     0.517
 -181100.0     0.521
 -181000.0     0.524
 -180900.0     0.528
 -180800.0     0.531
 -180700.0     0.533
 -180600.0     0.536
 -180500.0     0.538
 -180400.0     0.539
 -180300.0     0.541
 -180200.0     0.542
 -180100.0     0.543
 -180000.0     0.543
 -179900.0     0.543
 -179800.0     0.543
 -179700.0     0.543
 -179600.0     0.543
 -179500.0     0.542
 -179400.0     0.542
 -179300.0     0.541
 -179200.0     0.540
 -179100.0     0.540
 -179000.0     0.539
 -178900.0     0.538
 -178800.0     0.537
 -178700.0     0.536
 -178600.0     0.534
 -178500.0     0.533
 -178400.0     0.531
 -178300.0     0.529
 -178200.0     0.527
 -178100.0     0.525
 -178000.0     0.523
 -177900.0     0.520
 -177800.0     0.518
 -177700.0     0.515
 -177600.0     0.511
 -177500.0     0.508
 -177400.0     0.504
 -177300.0     0.500
 -177200.0     0.495
 -177100.0     0.491
 -177000.0     0.485
 -176900.0     0.480
 -176800.0     0.473
 -176700.0     0.467
 -176600.0     0.459
 -176500.0     0.452
 -176400.0     0.444
 -176300.0     0.436
 -176200.0     0.428
 -176100.0     0.419
 -176000.0     0.410
 -175900.0     0.401
 -175800.0     0.392
 -175700.0     0.382
 -175600.0     0.372
 -175500.0     0.362
 -175400.0     0.352
 -175300.0     0.342
 -175200.0     0.332
 -175100.0     0.322
 -175000.0     0.312
 -174900.0     0.302
 -174800.0     0.293
 -174700.0     0.283
 -174600.0     0.274
 -174500.0     0.266
 -174400.0     0.257
 -174300.0     0.249
 -174200.0     0.242
 -174100.0     0.235
 -174000.0     0.229
 -173900.0     0.223
 -173800.0     0.217
 -173700.0     0.213
 -173600.0     0.209
 -173500.0     0.206
 -173400.0     0.203
 -173300.0     0.202
 -173200.0     0.201
 -173100.0     0.201
 -173000.0     0.201
 -172900.0     0.202
 -172800.0     0.204
 -172700.0     0.207
 -172600.0     0.210
 -172500.0     0.214
 -172400.0     0.218
 -172300.0     0.223
 -172200.0     0.228
 -172100.0     0.234
 -172000.0     0.240
 -171900.0     0.246
 -171800.0     0.252
 -171700.0     0.258
 -171600.0     0.265
 -171500.0     0.271
 -171400.0     0.277
 -171300.0     0.283
 -171200.0     0.289
 -171100.0     0.295
 -171000.0     0.300
 -170900.0     0.305
 -170800.0     0.310
 -170700.0     0.314
 -170600.0     0.318
 -170500.0     0.322
 -170400.0     0.326
 -170300.0     0.329
 -170200.0     0.332
 -170100.0     0.334
 -170000.0     0.336
 -169900.0     0.338
 -169800.0     0.339
 -169700.0     0.340
 -169600.0     0.341
 -169500.0     0.342
 -169400.0     0.343
 -169300.0     0.344
 -169200.0     0.344
 -169100.0     0.344
 -169000.0     0.345
 -168900.0     0.345
 -168800.0     0.346
 -168700.0     0.346
 -168600.0     0.347
 -168500.0     0.347
 -168400.0     0.348
 -168300.0     0.348
 -168200.0     0.349
 -168100.0     0.349
 -168000.0     0.349
 -167900.0     0.350
 -167800.0     0.350
 -167700.0     0.351
 -167600.0     0.352
 -167500.0     0.353
 -167400.0     0.354
 -167300.0     0.355
 -167200.0     0.357
 -167100.0     0.358
 -167000.0     0.359
 -166900.0     0.361
 -166800.0     0.363
 -166700.0     0.365
 -166600.0     0.367
 -166500.0     0.369
 -166400.0     0.371
 -166300.0     0.374
 -166200.0     0.376
 -166100.0     0.379
 -166000.0     0.383
 -165900.0     0.386
 -165800.0     0.389
 -165700.0     0.393
 -165600.0     0.397
 -165500.0     0.402
 -165400.0     0.406
 -165300.0     0.411
 -165200.0     0.415
 -165100.0     0.420
 -165000.0     0.425
 -164900.0     0.430
 -164800.0     0.436
 -164700.0     0.441
 -164600.0     0.446
 -164500.0     0.452
 -164400.0     0.457
 -164300.0     0.463
 -164200.0     0.468
 -164100.0     0.473
 -164000.0     0.479
 -163900.0     0.484
 -163800.0     0.489
 -163700.0     0.494
 -163600.0     0.499
 -163500.0     0.504
 -163400.0     0.509
 -163300.0     0.514
 -163200.0     0.519
 -163100.0     0.523
 -163000.0     0.528
 -162900.0     0.532
 -162800.0     0.536
 -162700.0     0.540
 -162600.0     0.544
 -162500.0     0.548
 -162400.0     0.552
 -162300.0     0.556
 -162200.0     0.560
 -162100.0     0.563
 -162000.0     0.567
 -161900.0     0.570
 -161800.0     0.573
 -161700.0     0.576
 -161600.0     0.579
 -161500.0     0.581
 -161400.0     0.583
 -161300.0     0.586
 -161200.0     0.587
 -161100.0     0.589
 -161000.0     0.590
 -160900.0     0.591
 -160800.0     0.592
 -160700.0     0.593
 -160600.0     0.593
 -160500.0     0.593
 -160400.0     0.593
 -160300.0     0.593
 -160200.0     0.592
 -160100.0     0.592
 -160000.0     0.591
 -159900.0     0.591
 -159800.0     0.590
 -159700.0     0.589
 -159600.0     0.589
 -159500.0     0.588
 -159400.0     0.587
 -159300.0     0.587
 -159200.0     0.587
 -159100.0     0.587
 -159000.0     0.586
 -158900.0     0.587
 -158800.0     0.587
 -158700.0     0.587
 -158600.0     0.588
 -158500.0     0.588
 -158400.0     0.589
 -158300.0     0.590
 -158200.0     0.591
 -158100.0     0.592
 -158000.0     0.593
 -157900.0     0.594
 -157800.0     0.595
 -157700.0     0.596
 -157600.0     0.596
 -157500.0     0.597
 -157400.0     0.598
 -157300.0     0.599
 -157200.0     0.600
 -157100.0     0.600
 -157000.0     0.601
 -156900.0     0.601
 -156800.0     0.601
 -156700.0     0.601
 -156600.0     0.601
 -156500.0     0.601
 -156400.0     0.600
 -156300.0     0.600
 -156200.0     0.599
 -156100.0     0.598
 -156000.0     0.597
 -155900.0     0.596
 -155800.0     0.595
 -155700.0     0.594
 -155600.0     0.593
 -155500.0     0.591
 -155400.0     0.590
 -155300.0     0.588
 -155200.0     0.587
 -155100.0     0.585
 -155000.0     0.584
 -154900.0     0.582
 -154800.0     0.580
 -154700.0     0.579
 -154600.0     0.578
 -154500.0     0.576
 -154400.0     0.575
 -154300.0     0.573
 -154200.0     0.572
 -154100.0     0.571
 -154000.0     0.570
 -153900.0     0.569
 -153800.0     0.569
 -153700.0     0.568
 -153600.0     0.568
 -153500.0     0.568
 -153400.0     0.568
 -153300.0     0.568
 -153200.0     0.569
 -153100.0     0.569
 -153000.0     0.570
 -152900.0     0.571
 -152800.0     0.573
 -152700.0     0.574
 -152600.0     0.576
 -152500.0     0.578
 -152400.0     0.579
 -152300.0     0.581
 -152200.0     0.584
 -152100.0     0.586
 -152000.0     0.588
 -151900.0     0.591
 -151800.0     0.593
 -151700.0     0.596
 -151600.0     0.599
 -151500.0     0.601
 -151400.0     0.604
 -151300.0     0.607
 -151200.0     0.610
 -151100.0     0.612
 -151000.0     0.615
 -150900.0     0.618
 -150800.0     0.621
 -150700.0     0.624
 -150600.0     0.627
 -150500.0     0.630
 -150400.0     0.633
 -150300.0     0.636
 -150200.0     0.639
 -150100.0     0.642
 -150000.0     0.645
 -149900.0     0.647
 -149800.0     0.650
 -149700.0     0.653
 -149600.0     0.656
 -149500.0     0.658
 -149400.0     0.660
 -149300.0     0.663
 -149200.0     0.665
 -149100.0     0.667
 -149000.0     0.669
 -148900.0     0.671
 -148800.0     0.673
 -148700.0     0.675
 -148600.0     0.676
 -148500.0     0.678
 -148400.0     0.680
 -148300.0     0.682
 -148200.0     0.683
 -148100.0     0.685
 -148000.0     0.686
 -147900.0     0.688
 -147800.0     0.689
 -147700.0     0.690
 -147600.0     0.691
 -147500.0     0.693
 -147400.0     0.694
 -147300.0     0.695
 -147200.0     0.696
 -147100.0     0.696
 -147000.0     0.697
 -146900.0     0.698
 -146800.0     0.698
 -146700.0     0.699
 -146600.0     0.699
 -146500.0     0.699
 -146400.0     0.699
 -146300.0     0.698
 -146200.0     0.698
 -146100.0     0.697
 -146000.0     0.696
 -145900.0     0.694
 -145800.0     0.693
 -145700.0     0.691
 -145600.0     0.689
 -145500.0     0.686
 -145400.0     0.684
 -145300.0     0.681
 -145200.0     0.678
 -145100.0     0.675
 -145000.0     0.671
 -144900.0     0.667
 -144800.0     0.663
 -144700.0     0.659
 -144600.0     0.655
 -144500.0     0.651
 -144400.0     0.646
 -144300.0     0.642
 -144200.0     0.637
 -144100.0     0.633
 -144000.0     0.628
 -143900.0     0.624
 -143800.0     0.620
 -143700.0     0.616
 -143600.0     0.612
 -143500.0     0.608
 -143400.0     0.605
 -143300.0     0.602
 -143200.0     0.599
 -143100.0     0.596
 -143000.0     0.594
 -142900.0     0.592
 -142800.0     0.590
 -142700.0     0.588
 -142600.0     0.587
 -142500.0     0.586
 -142400.0     0.585
 -142300.0     0.585
 -142200.0     0.584
 -142100.0     0.584
 -142000.0     0.584
 -141900.0     0.584
 -141800.0     0.584
 -141700.0     0.584
 -141600.0     0.584
 -141500.0     0.584
 -141400.0     0.584
 -141300.0     0.583
 -141200.0     0.582
 -141100.0     0.581
 -141000.0     0.580
 -140900.0     0.579
 -140800.0     0.577
 -140700.0     0.575
 -140600.0     0.572
 -140500.0     0.570
 -140400.0     0.566
 -140300.0     0.563
 -140200.0     0.559
 -140100.0     0.555
 -140000.0     0.550
 -139900.0     0.545
 -139800.0     0.540
 -139700.0     0.535
 -139600.0     0.529
 -139500.0     0.522
 -139400.0     0.516
 -139300.0     0.509
 -139200.0     0.501
 -139100.0     0.494
 -139000.0     0.487
 -138900.0     0.479
 -138800.0     0.471
 -138700.0     0.464
 -138600.0     0.456
 -138500.0     0.448
 -138400.0     0.441
 -138300.0     0.434
 -138200.0     0.426
 -138100.0     0.420
 -138000.0     0.413
 -137900.0     0.407
 -137800.0     0.401
 -137700.0     0.395
 -137600.0     0.390
 -137500.0     0.385
 -137400.0     0.381
 -137300.0     0.377
 -137200.0     0.373
 -137100.0     0.370
 -137000.0     0.367
 -136900.0     0.364
 -136800.0     0.362
 -136700.0     0.360
 -136600.0     0.358
 -136500.0     0.356
 -136400.0     0.353
 -136300.0     0.351
 -136200.0     0.349
 -136100.0     0.347
 -136000.0     0.345
 -135900.0     0.343
 -135800.0     0.340
 -135700.0     0.337
 -135600.0     0.334
 -135500.0     0.331
 -135400.0     0.328
 -135300.0     0.324
 -135200.0     0.319
 -135100.0     0.314
 -135000.0     0.309
 -134900.0     0.303
 -134800.0     0.297
 -134700.0     0.291
 -134600.0     0.285
 -134500.0     0.278
 -134400.0     0.271
 -134300.0     0.263
 -134200.0     0.256
 -134100.0     0.247
 -134000.0     0.239
 -133900.0     0.231
 -133800.0     0.222
 -133700.0     0.213
 -133600.0     0.204
 -133500.0     0.194
 -133400.0     0.185
 -133300.0     0.175
 -133200.0     0.165
 -133100.0     0.155
 -133000.0     0.145
 -132900.0     0.135
 -132800.0     0.125
 -132700.0     0.115
 -132600.0     0.105
 -132500.0     0.094
 -132400.0     0.084
 -132300.0     0.073
 -132200.0     0.063
 -132100.0     0.053
 -132000.0     0.042
 -131900.0     0.032
 -131800.0     0.021
 -131700.0     0.011
 -131600.0     0.001
 -131500.0    -0.010
 -131400.0    -0.020
 -131300.0    -0.030
 -131200.0    -0.040
 -131100.0    -0.050
 -131000.0    -0.060
 -130900.0    -0.070
 -130800.0    -0.081
 -130700.0    -0.091
 -130600.0    -0.100
 -130500.0    -0.110
 -130400.0    -0.120
 -130300.0    -0.129
 -130200.0    -0.138
 -130100.0    -0.147
 -130000.0    -0.156
 -129900.0    -0.164
 -129800.0    -0.172
 -129700.0    -0.180
 -129600.0    -0.188
 -129500.0    -0.195
 -129400.0    -0.201
 -129300.0    -0.207
 -129200.0    -0.213
 -129100.0    -0.217
 -129000.0    -0.221
 -128900.0    -0.224
 -128800.0    -0.226
 -128700.0    -0.228
 -128600.0    -0.228
 -128500.0    -0.228
 -128400.0    -0.226
 -128300.0    -0.223
 -128200.0    -0.220
 -128100.0    -0.215
 -128000.0    -0.209
 -127900.0    -0.203
 -127800.0    -0.195
 -127700.0    -0.186
 -127600.0    -0.176
 -127500.0    -0.165
 -127400.0    -0.153
 -127300.0    -0.141
 -127200.0    -0.127
 -127100.0    -0.112
 -127000.0    -0.097
 -126900.0    -0.082
 -126800.0    -0.066
 -126700.0    -0.050
 -126600.0    -0.034
 -126500.0    -0.018
 -126400.0    -0.002
 -126300.0     0.014
 -126200.0     0.030
 -126100.0     0.045
 -126000.0     0.060
 -125900.0     0.074
 -125800.0     0.088
 -125700.0     0.101
 -125600.0     0.114
 -125500.0     0.125
 -125400.0     0.136
 -125300.0     0.146
 -125200.0     0.155
 -125100.0     0.164
 -125000.0     0.171
 -124900.0     0.178
 -124800.0     0.183
 -124700.0     0.188
 -124600.0     0.192
 -124500.0     0.196
 -124400.0     0.198
 -124300.0     0.201
 -124200.0     0.202
 -124100.0     0.203
 -124000.0     0.204
 -123900.0     0.204
 -123800.0     0.203
 -123700.0     0.203
 -123600.0     0.201
 -123500.0     0.199
 -123400.0     0.197
 -123300.0     0.195
 -123200.0     0.192
 -123100.0     0.188
 -123000.0     0.185
 -122900.0     0.181
 -122800.0     0.177
 -122700.0     0.172
 -122600.0     0.168
 -122500.0     0.163
 -122400.0     0.157
 -122300.0     0.152
 -122200.0     0.146
 -122100.0     0.140
 -122000.0     0.133
 -121900.0     0.127
 -121800.0     0.120
 -121700.0     0.113
 -121600.0     0.106
 -121500.0     0.099
 -121400.0     0.092
 -121300.0     0.084
 -121200.0     0.077
 -121100.0     0.070
 -121000.0     0.063
 -120900.0     0.056
 -120800.0     0.050
 -120700.0     0.044
 -120600.0     0.038
 -120500.0     0.033
 -120400.0     0.028
 -120300.0     0.024
 -120200.0     0.020
 -120100.0     0.018
 -120000.0     0.016
 -119900.0     0.014
 -119800.0     0.014
 -119700.0     0.014
 -119600.0     0.014
 -119500.0     0.016
 -119400.0     0.017
 -119300.0     0.020
 -119200.0     0.023
 -119100.0     0.027
 -119000.0     0.031
 -118900.0     0.035
 -118800.0     0.039
 -118700.0     0.043
 -118600.0     0.047
 -118500.0     0.051
 -118400.0     0.055
 -118300.0     0.058
 -118200.0     0.061
 -118100.0     0.063
 -118000.0     0.065
 -117900.0     0.067
 -117800.0     0.067
 -117700.0     0.067
 -117600.0     0.066
 -117500.0     0.065
 -117400.0     0.062
 -117300.0     0.060
 -117200.0     0.056
 -117100.0     0.052
 -117000.0     0.048
 -116900.0     0.044
 -116800.0     0.039
 -116700.0     0.034
 -116600.0     0.029
 -116500.0     0.024
 -116400.0     0.020
 -116300.0     0.016
 -116200.0     0.012
 -116100.0     0.008
 -116000.0     0.006
 -115900.0     0.004
 -115800.0     0.003
 -115700.0     0.003
 -115600.0     0.003
 -115500.0     0.005
 -115400.0     0.008
 -115300.0     0.012
 -115200.0     0.017
 -115100.0     0.023
 -115000.0     0.031
 -114900.0     0.039
 -114800.0     0.048
 -114700.0     0.058
 -114600.0     0.069
 -114500.0     0.081
 -114400.0     0.094
 -114300.0     0.107
 -114200.0     0.121
 -114100.0     0.136
 -114000.0     0.150
 -113900.0     0.166
 -113800.0     0.181
 -113700.0     0.197
 -113600.0     0.212
 -113500.0     0.227
 -113400.0     0.243
 -113300.0     0.258
 -113200.0     0.272
 -113100.0     0.287
 -113000.0     0.300
 -112900.0     0.314
 -112800.0     0.326
 -112700.0     0.339
 -112600.0     0.350
 -112500.0     0.361
 -112400.0     0.371
 -112300.0     0.380
 -112200.0     0.389
 -112100.0     0.397
 -112000.0     0.405
 -111900.0     0.412
 -111800.0     0.418
 -111700.0     0.424
 -111600.0     0.429
 -111500.0     0.433
 -111400.0     0.437
 -111300.0     0.441
 -111200.0     0.444
 -111100.0     0.446
 -111000.0     0.448
 -110900.0     0.450
 -110800.0     0.451
 -110700.0     0.452
 -110600.0     0.452
 -110500.0     0.452
 -110400.0     0.452
 -110300.0     0.452
 -110200.0     0.451
 -110100.0     0.449
 -110000.0     0.448
 -109900.0     0.446
 -109800.0     0.443
 -109700.0     0.441
 -109600.0     0.438
 -109500.0     0.435
 -109400.0     0.432
 -109300.0     0.428
 -109200.0     0.425
 -109100.0     0.421
 -109000.0     0.418
 -108900.0     0.414
 -108800.0     0.410
 -108700.0     0.406
 -108600.0     0.402
 -108500.0     0.398
 -108400.0     0.394
 -108300.0     0.390
 -108200.0     0.387
 -108100.0     0.383
 -108000.0     0.379
 -107900.0     0.375
 -107800.0     0.371
 -107700.0     0.368
 -107600.0     0.364
 -107500.0     0.361
 -107400.0     0.357
 -107300.0     0.354
 -107200.0     0.351
 -107100.0     0.347
 -107000.0     0.344
 -106900.0     0.341
 -106800.0     0.338
 -106700.0     0.336
 -106600.0     0.333
 -106500.0     0.331
 -106400.0     0.328
 -106300.0     0.326
 -106200.0     0.324
 -106100.0     0.322
 -106000.0     0.320
 -105900.0     0.318
 -105800.0     0.316
 -105700.0     0.315
 -105600.0     0.313
 -105500.0     0.311
 -105400.0     0.310
 -105300.0     0.308
 -105200.0     0.306
 -105100.0     0.304
 -105000.0     0.302
 -104900.0     0.300
 -104800.0     0.298
 -104700.0     0.295
 -104600.0     0.293
 -104500.0     0.290
 -104400.0     0.287
 -104300.0     0.283
 -104200.0     0.280
 -104100.0     0.276
 -104000.0     0.272
 -103900.0     0.268
 -103800.0     0.264
 -103700.0     0.260
 -103600.0     0.255
 -103500.0     0.251
 -103400.0     0.247
 -103300.0     0.242
 -103200.0     0.238
 -103100.0     0.234
 -103000.0     0.230
 -102900.0     0.226
 -102800.0     0.223
 -102700.0     0.220
 -102600.0     0.217
 -102500.0     0.214
 -102400.0     0.212
 -102300.0     0.210
 -102200.0     0.209
 -102100.0     0.208
 -102000.0     0.208
 -101900.0     0.207
 -101800.0     0.208
 -101700.0     0.209
 -101600.0     0.210
 -101500.0     0.211
 -101400.0     0.213
 -101300.0     0.216
 -101200.0     0.218
 -101100.0     0.221
 -101000.0     0.224
 -100900.0     0.227
 -100800.0     0.231
 -100700.0     0.235
 -100600.0     0.239
 -100500.0     0.243
 -100400.0     0.248
 -100300.0     0.252
 -100200.0     0.257
 -100100.0     0.262
 -100000.0     0.266
  -99900.0     0.278
  -99800.0     0.278
  -99700.0     0.278
  -99600.0     0.290
  -99500.0     0.301
  -99400.0     0.318
  -99300.0     0.334
  -99200.0     0.338
  -99100.0     0.342
  -99000.0     0.350
  -98900.0     0.357
  -98800.0     0.348
  -98700.0     0.340
  -98600.0     0.340
  -98500.0     0.340
  -98400.0     0.323
  -98300.0     0.306
  -98200.0     0.324
  -98100.0     0.342
  -98000.0     0.349
  -97900.0     0.356
  -97800.0     0.366
  -97700.0     0.377
  -97600.0     0.370
  -97500.0     0.364
  -97400.0     0.393
  -97300.0     0.422
  -97200.0     0.417
  -97100.0     0.411
  -97000.0     0.419
  -96900.0     0.427
  -96800.0     0.427
  -96700.0     0.426
  -96600.0     0.431
  -96500.0     0.437
  -96400.0     0.427
  -96300.0     0.418
  -96200.0     0.425
  -96100.0     0.431
  -96000.0     0.461
  -95900.0     0.490
  -95800.0     0.489
  -95700.0     0.489
  -95600.0     0.487
  -95500.0     0.485
  -95400.0     0.499
  -95300.0     0.514
  -95200.0     0.470
  -95100.0     0.426
  -95000.0     0.461
  -94900.0     0.495
  -94800.0     0.489
  -94700.0     0.482
  -94600.0     0.493
  -94500.0     0.503
  -94400.0     0.496
  -94300.0     0.489
  -94200.0     0.485
  -94100.0     0.482
  -94000.0     0.489
  -93900.0     0.495
  -93800.0     0.483
  -93700.0     0.471
  -93600.0     0.493
  -93500.0     0.515
  -93400.0     0.533
  -93300.0     0.550
  -93200.0     0.538
  -93100.0     0.526
  -93000.0     0.537
  -92900.0     0.549
  -92800.0     0.546
  -92700.0     0.543
  -92600.0     0.537
  -92500.0     0.531
  -92400.0     0.527
  -92300.0     0.523
  -92200.0     0.547
  -92100.0     0.571
  -92000.0     0.560
  -91900.0     0.549
  -91800.0     0.569
  -91700.0     0.589
  -91600.0     0.590
  -91500.0     0.591
  -91400.0     0.577
  -91300.0     0.562
  -91200.0     0.571
  -91100.0     0.579
  -91000.0     0.597
  -90900.0     0.615
  -90800.0     0.595
  -90700.0     0.575
  -90600.0     0.563
  -90500.0     0.551
  -90400.0     0.549
  -90300.0     0.546
  -90200.0     0.569
  -90100.0     0.593
  -90000.0     0.575
  -89900.0     0.557
  -89800.0     0.573
  -89700.0     0.590
  -89600.0     0.590
  -89500.0     0.590
  -89400.0     0.610
  -89300.0     0.630
  -89200.0     0.601
  -89100.0     0.573
  -89000.0     0.559
  -88900.0     0.546
  -88800.0     0.533
  -88700.0     0.521
  -88600.0     0.535
  -88500.0     0.550
  -88400.0     0.552
  -88300.0     0.554
  -88200.0     0.541
  -88100.0     0.527
  -88000.0     0.517
  -87900.0     0.507
  -87800.0     0.512
  -87700.0     0.517
  -87600.0     0.450
  -87500.0     0.383
  -87400.0     0.378
  -87300.0     0.373
  -87200.0     0.354
  -87100.0     0.334
  -87000.0     0.338
  -86900.0     0.341
  -86800.0     0.353
  -86700.0     0.365
  -86600.0     0.352
  -86500.0     0.340
  -86400.0     0.383
  -86300.0     0.427
  -86200.0     0.433
  -86100.0     0.439
  -86000.0     0.406
  -85900.0     0.373
  -85800.0     0.388
  -85700.0     0.403
  -85600.0     0.425
  -85500.0     0.447
  -85400.0     0.460
  -85300.0     0.473
  -85200.0     0.486
  -85100.0     0.499
  -85000.0     0.530
  -84900.0     0.561
  -84800.0     0.637
  -84700.0     0.714
  -84600.0     0.726
  -84500.0     0.738
  -84400.0     0.706
  -84300.0     0.674
  -84200.0     0.675
  -84100.0     0.676
  -84000.0     0.657
  -83900.0     0.638
  -83800.0     0.645
  -83700.0     0.652
  -83600.0     0.613
  -83500.0     0.573
  -83400.0     0.575
  -83300.0     0.578
  -83200.0     0.569
  -83100.0     0.561
  -83000.0     0.543
  -82900.0     0.526
  -82800.0     0.501
  -82700.0     0.477
  -82600.0     0.471
  -82500.0     0.465
  -82400.0     0.487
  -82300.0     0.509
  -82200.0     0.441
  -82100.0     0.374
  -82000.0     0.398
  -81900.0     0.422
  -81800.0     0.326
  -81700.0     0.230
  -81600.0     0.165
  -81500.0     0.100
  -81400.0     0.132
  -81300.0     0.164
  -81200.0     0.178
  -81100.0     0.192
  -81000.0     0.170
  -80900.0     0.148
  -80800.0     0.158
  -80700.0     0.169
  -80600.0     0.156
  -80500.0     0.142
  -80400.0     0.182
  -80300.0     0.222
  -80200.0     0.241
  -80100.0     0.260
  -80000.0     0.214
  -79900.0     0.169
  -79800.0     0.214
  -79700.0     0.260
  -79600.0     0.251
  -79500.0     0.242
  -79400.0     0.243
  -79300.0     0.244
  -79200.0     0.266
  -79100.0     0.289
  -79000.0     0.296
  -78900.0     0.302
  -78800.0     0.278
  -78700.0     0.254
  -78600.0     0.265
  -78500.0     0.276
  -78400.0     0.264
  -78300.0     0.252
  -78200.0     0.262
  -78100.0     0.272
  -78000.0     0.281
  -77900.0     0.290
  -77800.0     0.303
  -77700.0     0.316
  -77600.0     0.330
  -77500.0     0.345
  -77400.0     0.348
  -77300.0     0.352
  -77200.0     0.340
  -77100.0     0.329
  -77000.0     0.372
  -76900.0     0.415
  -76800.0     0.421
  -76700.0     0.426
  -76600.0     0.437
  -76500.0     0.447
  -76400.0     0.444
  -76300.0     0.441
  -76200.0     0.464
  -76100.0     0.487
  -76000.0     0.506
  -75900.0     0.525
  -75800.0     0.547
  -75700.0     0.570
  -75600.0     0.506
  -75500.0     0.442
  -75400.0     0.439
  -75300.0     0.435
  -75200.0     0.408
  -75100.0     0.381
  -75000.0     0.425
  -74900.0     0.470
  -74800.0     0.496
  -74700.0     0.522
  -74600.0     0.552
  -74500.0     0.582
  -74400.0     0.591
  -74300.0     0.599
  -74200.0     0.518
  -74100.0     0.437
  -74000.0     0.519
  -73900.0     0.602
  -73800.0     0.710
  -73700.0     0.819
  -73600.0     0.874
  -73500.0     0.928
  -73400.0     0.941
  -73300.0     0.955
  -73200.0     0.961
  -73100.0     0.968
  -73000.0     0.929
  -72900.0     0.889
  -72800.0     0.875
  -72700.0     0.862
  -72600.0     0.694
  -72500.0     0.526
  -72400.0     0.372
  -72300.0     0.218
  -72200.0     0.230
  -72100.0     0.242
  -72000.0     0.266
  -71900.0     0.290
  -71800.0     0.298
  -71700.0     0.306
  -71600.0     0.304
  -71500.0     0.302
  -71400.0     0.334
  -71300.0     0.366
  -71200.0     0.377
  -71100.0     0.389
  -71000.0     0.394
  -70900.0     0.399
  -70800.0     0.423
  -70700.0     0.446
  -70600.0     0.465
  -70500.0     0.485
  -70400.0     0.513
  -70300.0     0.541
  -70200.0     0.548
  -70100.0     0.555
  -70000.0     0.732
  -69900.0     0.909
  -69800.0     0.962
  -69700.0     1.015
  -69600.0     1.009
  -69500.0     1.003
  -69400.0     1.021
  -69300.0     1.040
  -69200.0     1.027
  -69100.0     1.015
  -69000.0     1.013
  -68900.0     1.012
  -68800.0     1.006
  -68700.0     1.000
  -68600.0     0.985
  -68500.0     0.969
  -68400.0     0.625
  -68300.0     0.280
  -68200.0     0.236
  -68100.0     0.192
  -68000.0     0.213
  -67900.0     0.234
  -67800.0     0.281
  -67700.0     0.328
  -67600.0     0.318
  -67500.0     0.309
  -67400.0     0.350
  -67300.0     0.390
  -67200.0     0.400
  -67100.0     0.410
  -67000.0     0.418
  -66900.0     0.426
  -66800.0     0.507
  -66700.0     0.589
  -66600.0     0.630
  -66500.0     0.672
  -66400.0     0.732
  -66300.0     0.792
  -66200.0     0.868
  -66100.0     0.944
  -66000.0     0.919
  -65900.0     0.893
  -65800.0     0.814
  -65700.0     0.734
  -65600.0     0.636
  -65500.0     0.539
  -65400.0     0.684
  -65300.0     0.830
  -65200.0     0.842
  -65100.0     0.855
  -65000.0     0.826
  -64900.0     0.796
  -64800.0     0.828
  -64700.0     0.860
  -64600.0     0.890
  -64500.0     0.920
  -64400.0     0.889
  -64300.0     0.859
  -64200.0     0.850
  -64100.0     0.842
  -64000.0     0.876
  -63900.0     0.911
  -63800.0     0.898
  -63700.0     0.885
  -63600.0     0.859
  -63500.0     0.832
  -63400.0     0.837
  -63300.0     0.842
  -63200.0     0.830
  -63100.0     0.819
  -63000.0     0.830
  -62900.0     0.840
  -62800.0     0.833
  -62700.0     0.826
  -62600.0     0.831
  -62500.0     0.836
  -62400.0     0.877
  -62300.0     0.917
  -62200.0     0.921
  -62100.0     0.924
  -62000.0     0.927
  -61900.0     0.931
  -61800.0     0.876
  -61700.0     0.822
  -61600.0     0.789
  -61500.0     0.756
  -61400.0     0.804
  -61300.0     0.851
  -61200.0     0.873
  -61100.0     0.895
  -61000.0     0.879
  -60900.0     0.864
  -60800.0     0.710
  -60700.0     0.555
  -60600.0     0.491
  -60500.0     0.426
  -60400.0     0.567
  -60300.0     0.708
  -60200.0     0.712
  -60100.0     0.715
  -60000.0     0.730
  -59900.0     0.746
  -59800.0     0.812
  -59700.0     0.879
  -59600.0     0.859
  -59500.0     0.839
  -59400.0     0.859
  -59300.0     0.879
  -59200.0     0.866
  -59100.0     0.854
  -59000.0     0.829
  -58900.0     0.804
  -58800.0     0.801
  -58700.0     0.798
  -58600.0     0.828
  -58500.0     0.858
  -58400.0     0.838
  -58300.0     0.819
  -58200.0     0.798
  -58100.0     0.776
  -58000.0     0.739
  -57900.0     0.702
  -57800.0     0.667
  -57700.0     0.632
  -57600.0     0.680
  -57500.0     0.727
  -57400.0     0.698
  -57300.0     0.668
  -57200.0     0.693
  -57100.0     0.718
  -57000.0     0.755
  -56900.0     0.792
  -56800.0     0.794
  -56700.0     0.795
  -56600.0     0.764
  -56500.0     0.734
  -56400.0     0.551
  -56300.0     0.369
  -56200.0     0.498
  -56100.0     0.627
  -56000.0     0.468
  -55900.0     0.309
  -55800.0     0.330
  -55700.0     0.352
  -55600.0     0.343
  -55500.0     0.334
  -55400.0     0.491
  -55300.0     0.647
  -55200.0     0.573
  -55100.0     0.498
  -55000.0     0.488
  -54900.0     0.478
  -54800.0     0.389
  -54700.0     0.301
  -54600.0     0.306
  -54500.0     0.312
  -54400.0     0.363
  -54300.0     0.414
  -54200.0     0.421
  -54100.0     0.429
  -54000.0     0.419
  -53900.0     0.410
  -53800.0     0.429
  -53700.0     0.449
  -53600.0     0.459
  -53500.0     0.470
  -53400.0     0.471
  -53300.0     0.471
  -53200.0     0.600
  -53100.0     0.728
  -53000.0     0.701
  -52900.0     0.674
  -52800.0     0.713
  -52700.0     0.752
  -52600.0     0.596
  -52500.0     0.439
  -52400.0     0.406
  -52300.0     0.373
  -52200.0     0.520
  -52100.0     0.667
  -52000.0     0.718
  -51900.0     0.770
  -51800.0     0.644
  -51700.0     0.519
  -51600.0     0.623
  -51500.0     0.726
  -51400.0     0.755
  -51300.0     0.784
  -51200.0     0.766
  -51100.0     0.748
  -51000.0     0.517
  -50900.0     0.286
  -50800.0     0.326
  -50700.0     0.366
  -50600.0     0.332
  -50500.0     0.298
  -50400.0     0.305
  -50300.0     0.312
  -50200.0     0.314
  -50100.0     0.317
  -50000.0     0.328
  -49900.0     0.338
  -49800.0     0.350
  -49700.0     0.361
  -49600.0     0.352
  -49500.0     0.342
  -49400.0     0.370
  -49300.0     0.397
  -49200.0     0.369
  -49100.0     0.341
  -49000.0     0.379
  -48900.0     0.417
  -48800.0     0.397
  -48700.0     0.377
  -48600.0     0.411
  -48500.0     0.446
  -48400.0     0.431
  -48300.0     0.417
  -48200.0     0.456
  -48100.0     0.495
  -48000.0     0.513
  -47900.0     0.531
  -47800.0     0.530
  -47700.0     0.529
  -47600.0     0.538
  -47500.0     0.547
  -47400.0     0.544
  -47300.0     0.541
  -47200.0     0.553
  -47100.0     0.566
  -47000.0     0.549
  -46900.0     0.533
  -46800.0     0.549
  -46700.0     0.565
  -46600.0     0.579
  -46500.0     0.593
  -46400.0     0.592
  -46300.0     0.591
  -46200.0     0.575
  -46100.0     0.559
  -46000.0     0.575
  -45900.0     0.590
  -45800.0     0.654
  -45700.0     0.718
  -45600.0     0.588
  -45500.0     0.458
  -45400.0     0.478
  -45300.0     0.498
  -45200.0     0.503
  -45100.0     0.507
  -45000.0     0.565
  -44900.0     0.622
  -44800.0     0.636
  -44700.0     0.651
  -44600.0     0.718
  -44500.0     0.786
  -44400.0     0.813
  -44300.0     0.840
  -44200.0     0.808
  -44100.0     0.776
  -44000.0     0.772
  -43900.0     0.767
  -43800.0     0.747
  -43700.0     0.727
  -43600.0     0.762
  -43500.0     0.796
  -43400.0     0.675
  -43300.0     0.554
  -43200.0     0.379
  -43100.0     0.204
  -43000.0     0.245
  -42900.0     0.286
  -42800.0     0.284
  -42700.0     0.282
  -42600.0     0.282
  -42500.0     0.282
  -42400.0     0.312
  -42300.0     0.342
  -42200.0     0.368
  -42100.0     0.393
  -42000.0     0.389
  -41900.0     0.385
  -41800.0     0.443
  -41700.0     0.502
  -41600.0     0.513
  -41500.0     0.523
  -41400.0     0.551
  -41300.0     0.579
  -41200.0     0.575
  -41100.0     0.570
  -41000.0     0.573
  -40900.0     0.577
  -40800.0     0.582
  -40700.0     0.587
  -40600.0     0.704
  -40500.0     0.822
  -40400.0     0.817
  -40300.0     0.812
  -40200.0     0.845
  -40100.0     0.877
  -40000.0     0.894
  -39900.0     0.911
  -39800.0     0.740
  -39700.0     0.570
  -39600.0     0.471
  -39500.0     0.372
  -39400.0     0.393
  -39300.0     0.415
  -39200.0     0.443
  -39100.0     0.471
  -39000.0     0.543
  -38900.0     0.614
  -38800.0     0.608
  -38700.0     0.602
  -38600.0     0.723
  -38500.0     0.844
  -38400.0     0.851
  -38300.0     0.858
  -38200.0     0.838
  -38100.0     0.818
  -38000.0     0.686
  -37900.0     0.554
  -37800.0     0.500
  -37700.0     0.446
  -37600.0     0.481
  -37500.0     0.517
  -37400.0     0.584
  -37300.0     0.651
  -37200.0     0.741
  -37100.0     0.831
  -37000.0     0.808
  -36900.0     0.786
  -36800.0     0.768
  -36700.0     0.751
  -36600.0     0.678
  -36500.0     0.605
  -36400.0     0.704
  -36300.0     0.803
  -36200.0     0.814
  -36100.0     0.824
  -36000.0     0.885
  -35900.0     0.947
  -35800.0     0.909
  -35700.0     0.872
  -35600.0     0.860
  -35500.0     0.848
  -35400.0     0.882
  -35300.0     0.916
  -35200.0     0.873
  -35100.0     0.830
  -35000.0     0.775
  -34900.0     0.720
  -34800.0     0.534
  -34700.0     0.348
  -34600.0     0.340
  -34500.0     0.333
  -34400.0     0.340
  -34300.0     0.348
  -34200.0     0.391
  -34100.0     0.434
  -34000.0     0.424
  -33900.0     0.414
  -33800.0     0.434
  -33700.0     0.454
  -33600.0     0.487
  -33500.0     0.519
  -33400.0     0.579
  -33300.0     0.638
  -33200.0     0.583
  -33100.0     0.529
  -33000.0     0.640
  -32900.0     0.751
  -32800.0     0.808
  -32700.0     0.864
  -32600.0     0.863
  -32500.0     0.862
  -32400.0     0.862
  -32300.0     0.862
  -32200.0     0.840
  -32100.0     0.818
  -32000.0     0.617
  -31900.0     0.417
  -31800.0     0.413
  -31700.0     0.410
  -31600.0     0.459
  -31500.0     0.509
  -31400.0     0.549
  -31300.0     0.590
  -31200.0     0.682
  -31100.0     0.775
  -31000.0     0.795
  -30900.0     0.815
  -30800.0     0.804
  -30700.0     0.794
  -30600.0     0.801
  -30500.0     0.808
  -30400.0     0.684
  -30300.0     0.559
  -30200.0     0.543
  -30100.0     0.527
  -30000.0     0.655
  -29900.0     0.783
  -29800.0     0.854
  -29700.0     0.925
  -29600.0     0.901
  -29500.0     0.876
  -29400.0     0.847
  -29300.0     0.818
  -29200.0     0.646
  -29100.0     0.475
  -29000.0     0.489
  -28900.0     0.503
  -28800.0     0.620
  -28700.0     0.736
  -28600.0     0.792
  -28500.0     0.848
  -28400.0     0.903
  -28300.0     0.959
  -28200.0     0.921
  -28100.0     0.883
  -28000.0     0.871
  -27900.0     0.859
  -27800.0     0.883
  -27700.0     0.908
  -27600.0     0.830
  -27500.0     0.751
  -27400.0     0.822
  -27300.0     0.893
  -27200.0     0.905
  -27100.0     0.916
  -27000.0     0.935
  -26900.0     0.955
  -26800.0     0.948
  -26700.0     0.941
  -26600.0     0.919
  -26500.0     0.896
  -26400.0     0.842
  -26300.0     0.788
  -26200.0     0.720
  -26100.0     0.652
  -26000.0     0.530
  -25900.0     0.407
  -25800.0     0.619
  -25700.0     0.831
  -25600.0     0.827
  -25500.0     0.823
  -25400.0     0.846
  -25300.0     0.870
  -25200.0     0.716
  -25100.0     0.563
  -25000.0     0.521
  -24900.0     0.479
  -24800.0     0.663
  -24700.0     0.847
  -24600.0     0.800
  -24500.0     0.752
  -24400.0     0.781
  -24300.0     0.810
  -24200.0     0.822
  -24100.0     0.834
  -24000.0     0.816
  -23900.0     0.799
  -23800.0     0.784
  -23700.0     0.768
  -23600.0     0.801
  -23500.0     0.834
  -23400.0     0.904
  -23300.0     0.975
  -23200.0     0.901
  -23100.0     0.828
  -23000.0     0.810
  -22900.0     0.791
  -22800.0     0.794
  -22700.0     0.798
  -22600.0     0.804
  -22500.0     0.811
  -22400.0     0.793
  -22300.0     0.775
  -22200.0     0.858
  -22100.0     0.940
  -22000.0     0.970
  -21900.0     1.000
  -21800.0     0.979
  -21700.0     0.959
  -21600.0     0.899
  -21500.0     0.840
  -21400.0     0.708
  -21300.0     0.575
  -21200.0     0.687
  -21100.0     0.799
  -21000.0     0.727
  -20900.0     0.655
  -20800.0     0.718
  -20700.0     0.782
  -20600.0     0.802
  -20500.0     0.822
  -20400.0     0.780
  -20300.0     0.738
  -20200.0     0.765
  -20100.0     0.792
  -20000.0     0.800
  -19900.0     0.808
  -19800.0     0.810
  -19700.0     0.811
  -19600.0     0.806
  -19500.0     0.802
  -19400.0     0.784
  -19300.0     0.766
  -19200.0     0.746
  -19100.0     0.726
  -19000.0     0.684
  -18900.0     0.642
  -18800.0     0.694
  -18700.0     0.747
  -18600.0     0.703
  -18500.0     0.659
  -18400.0     0.664
  -18300.0     0.668
  -18200.0     0.649
  -18100.0     0.630
  -18000.0     0.588
  -17900.0     0.546
  -17800.0     0.539
  -17700.0     0.531
  -17600.0     0.555
  -17500.0     0.578
  -17400.0     0.538
  -17300.0     0.498
  -17200.0     0.502
  -17100.0     0.506
  -17000.0     0.523
  -16900.0     0.541
  -16800.0     0.519
  -16700.0     0.498
  -16600.0     0.573
  -16500.0     0.647
  -16400.0     0.649
  -16300.0     0.651
  -16200.0     0.646
  -16100.0     0.640
  -16000.0     0.623
  -15900.0     0.605
  -15800.0     0.596
  -15700.0     0.587
  -15600.0     0.654
  -15500.0     0.722
  -15400.0     0.686
  -15300.0     0.651
  -15200.0     0.645
  -15100.0     0.639
  -15000.0     0.597
  -14900.0     0.555
  -14800.0     0.581
  -14700.0     0.607
  -14600.0     0.540
  -14500.0     0.473
  -14400.0     0.264
  -14300.0     0.055
  -14200.0     0.098
  -14100.0     0.141
  -14000.0     0.254
  -13900.0     0.368
  -13800.0     0.358
  -13700.0     0.348
  -13600.0     0.333
  -13500.0     0.318
  -13400.0     0.324
  -13300.0     0.330
  -13200.0     0.387
  -13100.0     0.443
  -13000.0     0.520
  -12900.0     0.597
  -12800.0     0.525
  -12700.0     0.453
  -12600.0     0.635
  -12500.0     0.818
  -12400.0     0.786
  -12300.0     0.754
  -12200.0     0.740
  -12100.0     0.726
  -12000.0     0.702
  -11900.0     0.679
  -11800.0     0.696
  -11700.0     0.712
  -11600.0     0.529
  -11500.0     0.345
  -11400.0     0.322
  -11300.0     0.298
  -11200.0     0.251
  -11100.0     0.204
  -11000.0     0.196
  -10900.0     0.188
  -10800.0     0.184
  -10700.0     0.180
  -10600.0     0.136
  -10500.0     0.092
  -10400.0     0.083
  -10300.0     0.073
  -10200.0     0.057
  -10100.0     0.041
  -10000.0     0.011
   -9900.0    -0.019
   -9800.0    -0.035
   -9700.0    -0.052
   -9600.0    -0.057
   -9500.0    -0.063
   -9400.0    -0.077
   -9300.0    -0.091
   -9200.0    -0.073
   -9100.0    -0.055
   -9000.0    -0.067
   -8900.0    -0.079
   -8800.0    -0.057
   -8700.0    -0.036
   -8600.0    -0.045
   -8500.0    -0.053
   -8400.0    -0.031
   -8300.0    -0.009
   -8200.0     0.012
   -8100.0     0.033
   -8000.0    -0.020
   -7900.0    -0.073
   -7800.0    -0.075
   -7700.0    -0.076
   -7600.0    -0.077
   -7500.0    -0.077
   -7400.0    -0.081
   -7300.0    -0.084
   -7200.0    -0.063
   -7100.0    -0.043
   -7000.0    -0.049
   -6900.0    -0.055
   -6800.0    -0.050
   -6700.0    -0.045
   -6600.0    -0.037
   -6500.0    -0.028
   -6400.0    -0.035
   -6300.0    -0.041
   -6200.0    -0.035
   -6100.0    -0.028
   -6000.0    -0.039
   -5900.0    -0.051
   -5800.0    -0.049
   -5700.0    -0.048
   -5600.0    -0.041
   -5500.0    -0.033
   -5400.0    -0.029
   -5300.0    -0.024
   -5200.0    -0.041
   -5100.0    -0.057
   -5000.0    -0.038
   -4900.0    -0.019
   -4800.0    -0.027
   -4700.0    -0.035
   -4600.0    -0.036
   -4500.0    -0.037
   -4400.0    -0.042
   -4300.0    -0.047
   -4200.0    -0.049
   -4100.0    -0.051
   -4000.0    -0.053
   -3900.0    -0.056
   -3800.0    -0.051
   -3700.0    -0.045
   -3600.0    -0.057
   -3500.0    -0.068
   -3400.0    -0.055
   -3300.0    -0.041
   -3200.0    -0.043
   -3100.0    -0.045
   -3000.0    -0.040
   -2900.0    -0.035
   -2800.0    -0.048
   -2700.0    -0.061
   -2600.0    -0.049
   -2500.0    -0.037
   -2400.0    -0.037
   -2300.0    -0.036
   -2200.0    -0.036
   -2100.0    -0.036
   -2000.0    -0.023
   -1900.0    -0.011
   -1800.0    -0.019
   -1700.0    -0.027
   -1600.0    -0.009
   -1500.0     0.008
   -1400.0    -0.013
   -1300.0    -0.033
   -1200.0    -0.023
   -1100.0    -0.012
   -1000.0    -0.001
    -900.0     0.011
    -800.0     0.013
    -700.0     0.016
    -600.0     0.003
    -500.0    -0.011
    -400.0    -0.003
    -300.0     0.004
    -200.0     0.002
    -100.0     0.000
       0.0     0.000
