#  -250000  100  0
 -250000.0    -5.516
 -249900.0    -5.504
 -249800.0    -5.491
 -249700.0    -5.477
 -249600.0    -5.461
 -249500.0    -5.443
 -249400.0    -5.424
 -249300.0    -5.403
 -249200.0    -5.380
 -249100.0    -5.356
 -249000.0    -5.329
 -248900.0    -5.301
 -248800.0    -5.270
 -248700.0    -5.238
 -248600.0    -5.204
 -248500.0    -5.168
 -248400.0    -5.130
 -248300.0    -5.090
 -248200.0    -5.048
 -248100.0    -5.005
 -248000.0    -4.960
 -247900.0    -4.914
 -247800.0    -4.866
 -247700.0    -4.817
 -247600.0    -4.767
 -247500.0    -4.716
 -247400.0    -4.664
 -247300.0    -4.611
 -247200.0    -4.558
 -247100.0    -4.505
 -247000.0    -4.451
 -246900.0    -4.397
 -246800.0    -4.342
 -246700.0    -4.288
 -246600.0    -4.234
 -246500.0    -4.180
 -246400.0    -4.127
 -246300.0    -4.073
 -246200.0    -4.020
 -246100.0    -3.967
 -246000.0    -3.915
 -245900.0    -3.863
 -245800.0    -3.811
 -245700.0    -3.759
 -245600.0    -3.707
 -245500.0    -3.656
 -245400.0    -3.605
 -245300.0    -3.555
 -245200.0    -3.505
 -245100.0    -3.456
 -245000.0    -3.406
 -244900.0    -3.357
 -244800.0    -3.308
 -244700.0    -3.260
 -244600.0    -3.212
 -244500.0    -3.164
 -244400.0    -3.118
 -244300.0    -3.072
 -244200.0    -3.026
 -244100.0    -2.982
 -244000.0    -2.939
 -243900.0    -2.898
 -243800.0    -2.857
 -243700.0    -2.819
 -243600.0    -2.783
 -243500.0    -2.748
 -243400.0    -2.716
 -243300.0    -2.686
 -243200.0    -2.659
 -243100.0    -2.635
 -243000.0    -2.614
 -242900.0    -2.596
 -242800.0    -2.581
 -242700.0    -2.570
 -242600.0    -2.561
 -242500.0    -2.556
 -242400.0    -2.555
 -242300.0    -2.556
 -242200.0    -2.561
 -242100.0    -2.569
 -242000.0    -2.581
 -241900.0    -2.595
 -241800.0    -2.611
 -241700.0    -2.630
 -241600.0    -2.651
 -241500.0    -2.674
 -241400.0    -2.698
 -241300.0    -2.724
 -241200.0    -2.751
 -241100.0    -2.778
 -241000.0    -2.805
 -240900.0    -2.832
 -240800.0    -2.859
 -240700.0    -2.885
 -240600.0    -2.911
 -240500.0    -2.935
 -240400.0    -2.958
 -240300.0    -2.979
 -240200.0    -2.998
 -240100.0    -3.016
 -240000.0    -3.032
 -239900.0    -3.046
 -239800.0    -3.059
 -239700.0    -3.069
 -239600.0    -3.078
 -239500.0    -3.085
 -239400.0    -3.091
 -239300.0    -3.095
 -239200.0    -3.098
 -239100.0    -3.100
 -239000.0    -3.101
 -238900.0    -3.101
 -238800.0    -3.101
 -238700.0    -3.101
 -238600.0    -3.100
 -238500.0    -3.099
 -238400.0    -3.099
 -238300.0    -3.098
 -238200.0    -3.098
 -238100.0    -3.099
 -238000.0    -3.100
 -237900.0    -3.102
 -237800.0    -3.105
 -237700.0    -3.108
 -237600.0    -3.112
 -237500.0    -3.116
 -237400.0    -3.122
 -237300.0    -3.127
 -237200.0    -3.133
 -237100.0    -3.140
 -237000.0    -3.146
 -236900.0    -3.154
 -236800.0    -3.161
 -236700.0    -3.169
 -236600.0    -3.177
 -236500.0    -3.184
 -236400.0    -3.192
 -236300.0    -3.199
 -236200.0    -3.206
 -236100.0    -3.212
 -236000.0    -3.219
 -235900.0    -3.224
 -235800.0    -3.229
 -235700.0    -3.234
 -235600.0    -3.238
 -235500.0    -3.242
 -235400.0    -3.245
 -235300.0    -3.249
 -235200.0    -3.251
 -235100.0    -3.254
 -235000.0    -3.256
 -234900.0    -3.258
 -234800.0    -3.261
 -234700.0    -3.263
 -234600.0    -3.266
 -234500.0    -3.269
 -234400.0    -3.272
 -234300.0    -3.274
 -234200.0    -3.278
 -234100.0    -3.281
 -234000.0    -3.285
 -233900.0    -3.289
 -233800.0    -3.294
 -233700.0    -3.299
 -233600.0    -3.304
 -233500.0    -3.309
 -233400.0    -3.314
 -233300.0    -3.319
 -233200.0    -3.323
 -233100.0    -3.327
 -233000.0    -3.330
 -232900.0    -3.332
 -232800.0    -3.333
 -232700.0    -3.332
 -232600.0    -3.329
 -232500.0    -3.325
 -232400.0    -3.317
 -232300.0    -3.307
 -232200.0    -3.294
 -232100.0    -3.278
 -232000.0    -3.259
 -231900.0    -3.236
 -231800.0    -3.209
 -231700.0    -3.179
 -231600.0    -3.144
 -231500.0    -3.106
 -231400.0    -3.063
 -231300.0    -3.016
 -231200.0    -2.966
 -231100.0    -2.911
 -231000.0    -2.854
 -230900.0    -2.794
 -230800.0    -2.732
 -230700.0    -2.668
 -230600.0    -2.602
 -230500.0    -2.535
 -230400.0    -2.468
 -230300.0    -2.399
 -230200.0    -2.330
 -230100.0    -2.262
 -230000.0    -2.194
 -229900.0    -2.128
 -229800.0    -2.063
 -229700.0    -1.999
 -229600.0    -1.938
 -229500.0    -1.879
 -229400.0    -1.823
 -229300.0    -1.769
 -229200.0    -1.718
 -229100.0    -1.670
 -229000.0    -1.625
 -228900.0    -1.584
 -228800.0    -1.545
 -228700.0    -1.510
 -228600.0    -1.479
 -228500.0    -1.450
 -228400.0    -1.425
 -228300.0    -1.404
 -228200.0    -1.385
 -228100.0    -1.370
 -228000.0    -1.358
 -227900.0    -1.349
 -227800.0    -1.343
 -227700.0    -1.339
 -227600.0    -1.338
 -227500.0    -1.339
 -227400.0    -1.342
 -227300.0    -1.347
 -227200.0    -1.354
 -227100.0    -1.362
 -227000.0    -1.371
 -226900.0    -1.381
 -226800.0    -1.390
 -226700.0    -1.400
 -226600.0    -1.409
 -226500.0    -1.417
 -226400.0    -1.425
 -226300.0    -1.431
 -226200.0    -1.437
 -226100.0    -1.441
 -226000.0    -1.442
 -225900.0    -1.441
 -225800.0    -1.437
 -225700.0    -1.432
 -225600.0    -1.424
 -225500.0    -1.415
 -225400.0    -1.404
 -225300.0    -1.392
 -225200.0    -1.379
 -225100.0    -1.365
 -225000.0    -1.350
 -224900.0    -1.334
 -224800.0    -1.319
 -224700.0    -1.303
 -224600.0    -1.289
 -224500.0    -1.274
 -224400.0    -1.261
 -224300.0    -1.249
 -224200.0    -1.238
 -224100.0    -1.229
 -224000.0    -1.221
 -223900.0    -1.214
 -223800.0    -1.209
 -223700.0    -1.206
 -223600.0    -1.203
 -223500.0    -1.203
 -223400.0    -1.203
 -223300.0    -1.205
 -223200.0    -1.208
 -223100.0    -1.212
 -223000.0    -1.217
 -222900.0    -1.222
 -222800.0    -1.228
 -222700.0    -1.234
 -222600.0    -1.241
 -222500.0    -1.250
 -222400.0    -1.259
 -222300.0    -1.269
 -222200.0    -1.280
 -222100.0    -1.293
 -222000.0    -1.306
 -221900.0    -1.321
 -221800.0    -1.337
 -221700.0    -1.354
 -221600.0    -1.371
 -221500.0    -1.390
 -221400.0    -1.409
 -221300.0    -1.429
 -221200.0    -1.450
 -221100.0    -1.472
 -221000.0    -1.495
 -220900.0    -1.517
 -220800.0    -1.541
 -220700.0    -1.565
 -220600.0    -1.589
 -220500.0    -1.614
 -220400.0    -1.639
 -220300.0    -1.665
 -220200.0    -1.690
 -220100.0    -1.715
 -220000.0    -1.739
 -219900.0    -1.764
 -219800.0    -1.789
 -219700.0    -1.814
 -219600.0    -1.838
 -219500.0    -1.863
 -219400.0    -1.887
 -219300.0    -1.912
 -219200.0    -1.935
 -219100.0    -1.960
 -219000.0    -1.984
 -218900.0    -2.008
 -218800.0    -2.033
 -218700.0    -2.058
 -218600.0    -2.083
 -218500.0    -2.108
 -218400.0    -2.132
 -218300.0    -2.157
 -218200.0    -2.181
 -218100.0    -2.205
 -218000.0    -2.228
 -217900.0    -2.252
 -217800.0    -2.275
 -217700.0    -2.297
 -217600.0    -2.319
 -217500.0    -2.340
 -217400.0    -2.360
 -217300.0    -2.379
 -217200.0    -2.398
 -217100.0    -2.416
 -217000.0    -2.434
 -216900.0    -2.452
 -216800.0    -2.470
 -216700.0    -2.488
 -216600.0    -2.506
 -216500.0    -2.525
 -216400.0    -2.545
 -216300.0    -2.566
 -216200.0    -2.588
 -216100.0    -2.612
 -216000.0    -2.638
 -215900.0    -2.665
 -215800.0    -2.695
 -215700.0    -2.726
 -215600.0    -2.760
 -215500.0    -2.797
 -215400.0    -2.836
 -215300.0    -2.879
 -215200.0    -2.925
 -215100.0    -2.974
 -215000.0    -3.025
 -214900.0    -3.078
 -214800.0    -3.134
 -214700.0    -3.192
 -214600.0    -3.251
 -214500.0    -3.313
 -214400.0    -3.377
 -214300.0    -3.442
 -214200.0    -3.508
 -214100.0    -3.576
 -214000.0    -3.644
 -213900.0    -3.713
 -213800.0    -3.783
 -213700.0    -3.852
 -213600.0    -3.922
 -213500.0    -3.991
 -213400.0    -4.061
 -213300.0    -4.130
 -213200.0    -4.199
 -213100.0    -4.269
 -213000.0    -4.339
 -212900.0    -4.409
 -212800.0    -4.479
 -212700.0    -4.548
 -212600.0    -4.617
 -212500.0    -4.687
 -212400.0    -4.757
 -212300.0    -4.827
 -212200.0    -4.898
 -212100.0    -4.968
 -212000.0    -5.039
 -211900.0    -5.111
 -211800.0    -5.184
 -211700.0    -5.258
 -211600.0    -5.333
 -211500.0    -5.409
 -211400.0    -5.486
 -211300.0    -5.564
 -211200.0    -5.642
 -211100.0    -5.721
 -211000.0    -5.801
 -210900.0    -5.881
 -210800.0    -5.961
 -210700.0    -6.040
 -210600.0    -6.119
 -210500.0    -6.196
 -210400.0    -6.273
 -210300.0    -6.347
 -210200.0    -6.419
 -210100.0    -6.489
 -210000.0    -6.554
 -209900.0    -6.616
 -209800.0    -6.674
 -209700.0    -6.726
 -209600.0    -6.773
 -209500.0    -6.814
 -209400.0    -6.848
 -209300.0    -6.876
 -209200.0    -6.896
 -209100.0    -6.909
 -209000.0    -6.914
 -208900.0    -6.911
 -208800.0    -6.899
 -208700.0    -6.878
 -208600.0    -6.849
 -208500.0    -6.813
 -208400.0    -6.768
 -208300.0    -6.717
 -208200.0    -6.659
 -208100.0    -6.595
 -208000.0    -6.526
 -207900.0    -6.453
 -207800.0    -6.375
 -207700.0    -6.295
 -207600.0    -6.213
 -207500.0    -6.129
 -207400.0    -6.044
 -207300.0    -5.960
 -207200.0    -5.876
 -207100.0    -5.794
 -207000.0    -5.714
 -206900.0    -5.638
 -206800.0    -5.564
 -206700.0    -5.495
 -206600.0    -5.429
 -206500.0    -5.367
 -206400.0    -5.309
 -206300.0    -5.255
 -206200.0    -5.205
 -206100.0    -5.158
 -206000.0    -5.114
 -205900.0    -5.074
 -205800.0    -5.037
 -205700.0    -5.003
 -205600.0    -4.971
 -205500.0    -4.941
 -205400.0    -4.913
 -205300.0    -4.885
 -205200.0    -4.859
 -205100.0    -4.832
 -205000.0    -4.805
 -204900.0    -4.778
 -204800.0    -4.750
 -204700.0    -4.724
 -204600.0    -4.699
 -204500.0    -4.674
 -204400.0    -4.650
 -204300.0    -4.626
 -204200.0    -4.604
 -204100.0    -4.584
 -204000.0    -4.566
 -203900.0    -4.551
 -203800.0    -4.538
 -203700.0    -4.528
 -203600.0    -4.520
 -203500.0    -4.516
 -203400.0    -4.516
 -203300.0    -4.519
 -203200.0    -4.526
 -203100.0    -4.537
 -203000.0    -4.550
 -202900.0    -4.567
 -202800.0    -4.586
 -202700.0    -4.608
 -202600.0    -4.631
 -202500.0    -4.655
 -202400.0    -4.680
 -202300.0    -4.705
 -202200.0    -4.730
 -202100.0    -4.753
 -202000.0    -4.774
 -201900.0    -4.792
 -201800.0    -4.807
 -201700.0    -4.819
 -201600.0    -4.826
 -201500.0    -4.828
 -201400.0    -4.824
 -201300.0    -4.815
 -201200.0    -4.800
 -201100.0    -4.780
 -201000.0    -4.754
 -200900.0    -4.722
 -200800.0    -4.686
 -200700.0    -4.645
 -200600.0    -4.600
 -200500.0    -4.551
 -200400.0    -4.498
 -200300.0    -4.443
 -200200.0    -4.386
 -200100.0    -4.328
 -200000.0    -4.269
 -199900.0    -4.210
 -199800.0    -4.152
 -199700.0    -4.096
 -199600.0    -4.041
 -199500.0    -3.990
 -199400.0    -3.943
 -199300.0    -3.899
 -199200.0    -3.859
 -199100.0    -3.823
 -199000.0    -3.793
 -198900.0    -3.767
 -198800.0    -3.747
 -198700.0    -3.733
 -198600.0    -3.725
 -198500.0    -3.722
 -198400.0    -3.724
 -198300.0    -3.732
 -198200.0    -3.744
 -198100.0    -3.761
 -198000.0    -3.782
 -197900.0    -3.807
 -197800.0    -3.837
 -197700.0    -3.869
 -197600.0    -3.904
 -197500.0    -3.942
 -197400.0    -3.983
 -197300.0    -4.028
 -197200.0    -4.075
 -197100.0    -4.125
 -197000.0    -4.177
 -196900.0    -4.231
 -196800.0    -4.287
 -196700.0    -4.344
 -196600.0    -4.403
 -196500.0    -4.463
 -196400.0    -4.525
 -196300.0    -4.589
 -196200.0    -4.654
 -196100.0    -4.719
 -196000.0    -4.786
 -195900.0    -4.853
 -195800.0    -4.921
 -195700.0    -4.989
 -195600.0    -5.057
 -195500.0    -5.125
 -195400.0    -5.192
 -195300.0    -5.259
 -195200.0    -5.325
 -195100.0    -5.388
 -195000.0    -5.450
 -194900.0    -5.510
 -194800.0    -5.567
 -194700.0    -5.621
 -194600.0    -5.672
 -194500.0    -5.719
 -194400.0    -5.761
 -194300.0    -5.799
 -194200.0    -5.833
 -194100.0    -5.861
 -194000.0    -5.883
 -193900.0    -5.901
 -193800.0    -5.913
 -193700.0    -5.919
 -193600.0    -5.920
 -193500.0    -5.915
 -193400.0    -5.905
 -193300.0    -5.890
 -193200.0    -5.869
 -193100.0    -5.844
 -193000.0    -5.815
 -192900.0    -5.781
 -192800.0    -5.743
 -192700.0    -5.702
 -192600.0    -5.659
 -192500.0    -5.612
 -192400.0    -5.563
 -192300.0    -5.512
 -192200.0    -5.460
 -192100.0    -5.407
 -192000.0    -5.352
 -191900.0    -5.298
 -191800.0    -5.242
 -191700.0    -5.187
 -191600.0    -5.133
 -191500.0    -5.079
 -191400.0    -5.025
 -191300.0    -4.972
 -191200.0    -4.920
 -191100.0    -4.869
 -191000.0    -4.818
 -190900.0    -4.768
 -190800.0    -4.720
 -190700.0    -4.671
 -190600.0    -4.623
 -190500.0    -4.576
 -190400.0    -4.531
 -190300.0    -4.486
 -190200.0    -4.444
 -190100.0    -4.402
 -190000.0    -4.362
 -189900.0    -4.323
 -189800.0    -4.285
 -189700.0    -4.249
 -189600.0    -4.212
 -189500.0    -4.176
 -189400.0    -4.142
 -189300.0    -4.112
 -189200.0    -4.084
 -189100.0    -4.058
 -189000.0    -4.034
 -188900.0    -4.012
 -188800.0    -3.990
 -188700.0    -3.970
 -188600.0    -3.951
 -188500.0    -3.932
 -188400.0    -3.914
 -188300.0    -3.896
 -188200.0    -3.878
 -188100.0    -3.863
 -188000.0    -3.849
 -187900.0    -3.835
 -187800.0    -3.822
 -187700.0    -3.809
 -187600.0    -3.795
 -187500.0    -3.780
 -187400.0    -3.765
 -187300.0    -3.749
 -187200.0    -3.732
 -187100.0    -3.715
 -187000.0    -3.698
 -186900.0    -3.681
 -186800.0    -3.663
 -186700.0    -3.646
 -186600.0    -3.630
 -186500.0    -3.616
 -186400.0    -3.603
 -186300.0    -3.592
 -186200.0    -3.584
 -186100.0    -3.579
 -186000.0    -3.579
 -185900.0    -3.585
 -185800.0    -3.596
 -185700.0    -3.614
 -185600.0    -3.639
 -185500.0    -3.671
 -185400.0    -3.710
 -185300.0    -3.757
 -185200.0    -3.812
 -185100.0    -3.874
 -185000.0    -3.945
 -184900.0    -4.024
 -184800.0    -4.112
 -184700.0    -4.208
 -184600.0    -4.312
 -184500.0    -4.424
 -184400.0    -4.544
 -184300.0    -4.671
 -184200.0    -4.806
 -184100.0    -4.947
 -184000.0    -5.095
 -183900.0    -5.251
 -183800.0    -5.411
 -183700.0    -5.577
 -183600.0    -5.748
 -183500.0    -5.922
 -183400.0    -6.099
 -183300.0    -6.278
 -183200.0    -6.459
 -183100.0    -6.642
 -183000.0    -6.826
 -182900.0    -7.010
 -182800.0    -7.193
 -182700.0    -7.374
 -182600.0    -7.553
 -182500.0    -7.730
 -182400.0    -7.903
 -182300.0    -8.072
 -182200.0    -8.237
 -182100.0    -8.399
 -182000.0    -8.554
 -181900.0    -8.704
 -181800.0    -8.847
 -181700.0    -8.983
 -181600.0    -9.112
 -181500.0    -9.234
 -181400.0    -9.348
 -181300.0    -9.452
 -181200.0    -9.546
 -181100.0    -9.631
 -181000.0    -9.709
 -180900.0    -9.779
 -180800.0    -9.841
 -180700.0    -9.897
 -180600.0    -9.946
 -180500.0    -9.988
 -180400.0   -10.022
 -180300.0   -10.049
 -180200.0   -10.070
 -180100.0   -10.084
 -180000.0   -10.091
 -179900.0   -10.093
 -179800.0   -10.089
 -179700.0   -10.081
 -179600.0   -10.071
 -179500.0   -10.058
 -179400.0   -10.044
 -179300.0   -10.028
 -179200.0   -10.011
 -179100.0    -9.992
 -179000.0    -9.971
 -178900.0    -9.948
 -178800.0    -9.922
 -178700.0    -9.895
 -178600.0    -9.864
 -178500.0    -9.831
 -178400.0    -9.794
 -178300.0    -9.754
 -178200.0    -9.712
 -178100.0    -9.666
 -178000.0    -9.617
 -177900.0    -9.562
 -177800.0    -9.502
 -177700.0    -9.437
 -177600.0    -9.367
 -177500.0    -9.292
 -177400.0    -9.210
 -177300.0    -9.122
 -177200.0    -9.027
 -177100.0    -8.926
 -177000.0    -8.816
 -176900.0    -8.697
 -176800.0    -8.570
 -176700.0    -8.435
 -176600.0    -8.292
 -176500.0    -8.142
 -176400.0    -7.986
 -176300.0    -7.825
 -176200.0    -7.660
 -176100.0    -7.490
 -176000.0    -7.316
 -175900.0    -7.137
 -175800.0    -6.955
 -175700.0    -6.769
 -175600.0    -6.582
 -175500.0    -6.395
 -175400.0    -6.208
 -175300.0    -6.022
 -175200.0    -5.839
 -175100.0    -5.659
 -175000.0    -5.482
 -174900.0    -5.310
 -174800.0    -5.143
 -174700.0    -4.982
 -174600.0    -4.829
 -174500.0    -4.683
 -174400.0    -4.545
 -174300.0    -4.416
 -174200.0    -4.296
 -174100.0    -4.186
 -174000.0    -4.086
 -173900.0    -3.998
 -173800.0    -3.921
 -173700.0    -3.856
 -173600.0    -3.802
 -173500.0    -3.760
 -173400.0    -3.730
 -173300.0    -3.712
 -173200.0    -3.706
 -173100.0    -3.711
 -173000.0    -3.727
 -172900.0    -3.753
 -172800.0    -3.789
 -172700.0    -3.835
 -172600.0    -3.889
 -172500.0    -3.952
 -172400.0    -4.021
 -172300.0    -4.097
 -172200.0    -4.178
 -172100.0    -4.263
 -172000.0    -4.350
 -171900.0    -4.439
 -171800.0    -4.528
 -171700.0    -4.618
 -171600.0    -4.706
 -171500.0    -4.793
 -171400.0    -4.877
 -171300.0    -4.958
 -171200.0    -5.035
 -171100.0    -5.108
 -171000.0    -5.177
 -170900.0    -5.243
 -170800.0    -5.304
 -170700.0    -5.360
 -170600.0    -5.410
 -170500.0    -5.456
 -170400.0    -5.497
 -170300.0    -5.533
 -170200.0    -5.564
 -170100.0    -5.589
 -170000.0    -5.610
 -169900.0    -5.626
 -169800.0    -5.640
 -169700.0    -5.651
 -169600.0    -5.659
 -169500.0    -5.665
 -169400.0    -5.669
 -169300.0    -5.672
 -169200.0    -5.675
 -169100.0    -5.678
 -169000.0    -5.680
 -168900.0    -5.684
 -168800.0    -5.690
 -168700.0    -5.695
 -168600.0    -5.702
 -168500.0    -5.710
 -168400.0    -5.718
 -168300.0    -5.726
 -168200.0    -5.734
 -168100.0    -5.742
 -168000.0    -5.751
 -167900.0    -5.763
 -167800.0    -5.776
 -167700.0    -5.793
 -167600.0    -5.813
 -167500.0    -5.835
 -167400.0    -5.858
 -167300.0    -5.885
 -167200.0    -5.913
 -167100.0    -5.942
 -167000.0    -5.975
 -166900.0    -6.010
 -166800.0    -6.047
 -166700.0    -6.088
 -166600.0    -6.131
 -166500.0    -6.178
 -166400.0    -6.229
 -166300.0    -6.285
 -166200.0    -6.344
 -166100.0    -6.409
 -166000.0    -6.478
 -165900.0    -6.552
 -165800.0    -6.630
 -165700.0    -6.714
 -165600.0    -6.802
 -165500.0    -6.895
 -165400.0    -6.993
 -165300.0    -7.095
 -165200.0    -7.200
 -165100.0    -7.309
 -165000.0    -7.420
 -164900.0    -7.533
 -164800.0    -7.649
 -164700.0    -7.767
 -164600.0    -7.887
 -164500.0    -8.007
 -164400.0    -8.128
 -164300.0    -8.250
 -164200.0    -8.372
 -164100.0    -8.493
 -164000.0    -8.613
 -163900.0    -8.732
 -163800.0    -8.850
 -163700.0    -8.966
 -163600.0    -9.082
 -163500.0    -9.196
 -163400.0    -9.308
 -163300.0    -9.418
 -163200.0    -9.527
 -163100.0    -9.634
 -163000.0    -9.740
 -162900.0    -9.844
 -162800.0    -9.945
 -162700.0   -10.043
 -162600.0   -10.139
 -162500.0   -10.232
 -162400.0   -10.325
 -162300.0   -10.417
 -162200.0   -10.507
 -162100.0   -10.594
 -162000.0   -10.677
 -161900.0   -10.758
 -161800.0   -10.834
 -161700.0   -10.905
 -161600.0   -10.972
 -161500.0   -11.034
 -161400.0   -11.092
 -161300.0   -11.144
 -161200.0   -11.190
 -161100.0   -11.231
 -161000.0   -11.266
 -160900.0   -11.295
 -160800.0   -11.318
 -160700.0   -11.334
 -160600.0   -11.344
 -160500.0   -11.350
 -160400.0   -11.350
 -160300.0   -11.347
 -160200.0   -11.340
 -160100.0   -11.331
 -160000.0   -11.320
 -159900.0   -11.308
 -159800.0   -11.294
 -159700.0   -11.281
 -159600.0   -11.268
 -159500.0   -11.256
 -159400.0   -11.245
 -159300.0   -11.238
 -159200.0   -11.233
 -159100.0   -11.232
 -159000.0   -11.234
 -158900.0   -11.239
 -158800.0   -11.247
 -158700.0   -11.259
 -158600.0   -11.274
 -158500.0   -11.292
 -158400.0   -11.312
 -158300.0   -11.334
 -158200.0   -11.357
 -158100.0   -11.382
 -158000.0   -11.404
 -157900.0   -11.425
 -157800.0   -11.447
 -157700.0   -11.468
 -157600.0   -11.488
 -157500.0   -11.508
 -157400.0   -11.526
 -157300.0   -11.542
 -157200.0   -11.555
 -157100.0   -11.566
 -157000.0   -11.574
 -156900.0   -11.578
 -156800.0   -11.580
 -156700.0   -11.578
 -156600.0   -11.572
 -156500.0   -11.563
 -156400.0   -11.551
 -156300.0   -11.536
 -156200.0   -11.518
 -156100.0   -11.498
 -156000.0   -11.475
 -155900.0   -11.450
 -155800.0   -11.422
 -155700.0   -11.392
 -155600.0   -11.360
 -155500.0   -11.326
 -155400.0   -11.290
 -155300.0   -11.253
 -155200.0   -11.215
 -155100.0   -11.177
 -155000.0   -11.138
 -154900.0   -11.099
 -154800.0   -11.060
 -154700.0   -11.023
 -154600.0   -10.988
 -154500.0   -10.953
 -154400.0   -10.920
 -154300.0   -10.887
 -154200.0   -10.855
 -154100.0   -10.826
 -154000.0   -10.800
 -153900.0   -10.778
 -153800.0   -10.760
 -153700.0   -10.746
 -153600.0   -10.737
 -153500.0   -10.732
 -153400.0   -10.732
 -153300.0   -10.737
 -153200.0   -10.747
 -153100.0   -10.761
 -153000.0   -10.780
 -152900.0   -10.804
 -152800.0   -10.833
 -152700.0   -10.867
 -152600.0   -10.905
 -152500.0   -10.946
 -152400.0   -10.990
 -152300.0   -11.038
 -152200.0   -11.090
 -152100.0   -11.144
 -152000.0   -11.201
 -151900.0   -11.260
 -151800.0   -11.322
 -151700.0   -11.385
 -151600.0   -11.451
 -151500.0   -11.518
 -151400.0   -11.587
 -151300.0   -11.657
 -151200.0   -11.728
 -151100.0   -11.800
 -151000.0   -11.873
 -150900.0   -11.947
 -150800.0   -12.023
 -150700.0   -12.100
 -150600.0   -12.177
 -150500.0   -12.255
 -150400.0   -12.332
 -150300.0   -12.409
 -150200.0   -12.485
 -150100.0   -12.560
 -150000.0   -12.634
 -149900.0   -12.708
 -149800.0   -12.781
 -149700.0   -12.852
 -149600.0   -12.919
 -149500.0   -12.984
 -149400.0   -13.046
 -149300.0   -13.106
 -149200.0   -13.165
 -149100.0   -13.221
 -149000.0   -13.276
 -148900.0   -13.330
 -148800.0   -13.382
 -148700.0   -13.433
 -148600.0   -13.482
 -148500.0   -13.531
 -148400.0   -13.578
 -148300.0   -13.622
 -148200.0   -13.665
 -148100.0   -13.707
 -148000.0   -13.746
 -147900.0   -13.785
 -147800.0   -13.822
 -147700.0   -13.858
 -147600.0   -13.892
 -147500.0   -13.925
 -147400.0   -13.956
 -147300.0   -13.985
 -147200.0   -14.012
 -147100.0   -14.036
 -147000.0   -14.058
 -146900.0   -14.076
 -146800.0   -14.091
 -146700.0   -14.102
 -146600.0   -14.110
 -146500.0   -14.113
 -146400.0   -14.110
 -146300.0   -14.102
 -146200.0   -14.088
 -146100.0   -14.067
 -146000.0   -14.040
 -145900.0   -14.008
 -145800.0   -13.968
 -145700.0   -13.922
 -145600.0   -13.868
 -145500.0   -13.808
 -145400.0   -13.741
 -145300.0   -13.667
 -145200.0   -13.586
 -145100.0   -13.499
 -145000.0   -13.407
 -144900.0   -13.309
 -144800.0   -13.205
 -144700.0   -13.097
 -144600.0   -12.985
 -144500.0   -12.871
 -144400.0   -12.754
 -144300.0   -12.637
 -144200.0   -12.518
 -144100.0   -12.401
 -144000.0   -12.284
 -143900.0   -12.170
 -143800.0   -12.058
 -143700.0   -11.951
 -143600.0   -11.849
 -143500.0   -11.751
 -143400.0   -11.660
 -143300.0   -11.575
 -143200.0   -11.496
 -143100.0   -11.425
 -143000.0   -11.361
 -142900.0   -11.305
 -142800.0   -11.256
 -142700.0   -11.214
 -142600.0   -11.179
 -142500.0   -11.150
 -142400.0   -11.128
 -142300.0   -11.111
 -142200.0   -11.099
 -142100.0   -11.092
 -142000.0   -11.089
 -141900.0   -11.088
 -141800.0   -11.087
 -141700.0   -11.086
 -141600.0   -11.084
 -141500.0   -11.080
 -141400.0   -11.073
 -141300.0   -11.062
 -141200.0   -11.047
 -141100.0   -11.026
 -141000.0   -10.998
 -140900.0   -10.963
 -140800.0   -10.922
 -140700.0   -10.875
 -140600.0   -10.819
 -140500.0   -10.755
 -140400.0   -10.683
 -140300.0   -10.603
 -140200.0   -10.517
 -140100.0   -10.423
 -140000.0   -10.322
 -139900.0   -10.212
 -139800.0   -10.094
 -139700.0    -9.969
 -139600.0    -9.837
 -139500.0    -9.696
 -139400.0    -9.549
 -139300.0    -9.396
 -139200.0    -9.239
 -139100.0    -9.077
 -139000.0    -8.914
 -138900.0    -8.750
 -138800.0    -8.586
 -138700.0    -8.421
 -138600.0    -8.257
 -138500.0    -8.094
 -138400.0    -7.935
 -138300.0    -7.779
 -138200.0    -7.629
 -138100.0    -7.483
 -138000.0    -7.344
 -137900.0    -7.210
 -137800.0    -7.085
 -137700.0    -6.970
 -137600.0    -6.864
 -137500.0    -6.766
 -137400.0    -6.676
 -137300.0    -6.596
 -137200.0    -6.522
 -137100.0    -6.454
 -137000.0    -6.393
 -136900.0    -6.338
 -136800.0    -6.289
 -136700.0    -6.244
 -136600.0    -6.202
 -136500.0    -6.162
 -136400.0    -6.123
 -136300.0    -6.083
 -136200.0    -6.043
 -136100.0    -6.003
 -136000.0    -5.961
 -135900.0    -5.919
 -135800.0    -5.874
 -135700.0    -5.826
 -135600.0    -5.772
 -135500.0    -5.714
 -135400.0    -5.650
 -135300.0    -5.579
 -135200.0    -5.502
 -135100.0    -5.420
 -135000.0    -5.332
 -134900.0    -5.239
 -134800.0    -5.142
 -134700.0    -5.041
 -134600.0    -4.935
 -134500.0    -4.826
 -134400.0    -4.712
 -134300.0    -4.595
 -134200.0    -4.475
 -134100.0    -4.351
 -134000.0    -4.225
 -133900.0    -4.097
 -133800.0    -3.967
 -133700.0    -3.836
 -133600.0    -3.703
 -133500.0    -3.568
 -133400.0    -3.432
 -133300.0    -3.294
 -133200.0    -3.155
 -133100.0    -3.015
 -133000.0    -2.874
 -132900.0    -2.734
 -132800.0    -2.594
 -132700.0    -2.453
 -132600.0    -2.310
 -132500.0    -2.166
 -132400.0    -2.023
 -132300.0    -1.879
 -132200.0    -1.736
 -132100.0    -1.592
 -132000.0    -1.449
 -131900.0    -1.306
 -131800.0    -1.165
 -131700.0    -1.025
 -131600.0    -0.886
 -131500.0    -0.749
 -131400.0    -0.614
 -131300.0    -0.481
 -131200.0    -0.349
 -131100.0    -0.218
 -131000.0    -0.088
 -130900.0     0.041
 -130800.0     0.169
 -130700.0     0.295
 -130600.0     0.416
 -130500.0     0.534
 -130400.0     0.648
 -130300.0     0.758
 -130200.0     0.864
 -130100.0     0.965
 -130000.0     1.062
 -129900.0     1.155
 -129800.0     1.243
 -129700.0     1.327
 -129600.0     1.406
 -129500.0     1.477
 -129400.0     1.541
 -129300.0     1.597
 -129200.0     1.645
 -129100.0     1.683
 -129000.0     1.711
 -128900.0     1.730
 -128800.0     1.739
 -128700.0     1.738
 -128600.0     1.726
 -128500.0     1.703
 -128400.0     1.668
 -128300.0     1.622
 -128200.0     1.565
 -128100.0     1.497
 -128000.0     1.417
 -127900.0     1.327
 -127800.0     1.227
 -127700.0     1.115
 -127600.0     0.992
 -127500.0     0.857
 -127400.0     0.712
 -127300.0     0.557
 -127200.0     0.393
 -127100.0     0.223
 -127000.0     0.047
 -126900.0    -0.133
 -126800.0    -0.317
 -126700.0    -0.501
 -126600.0    -0.686
 -126500.0    -0.870
 -126400.0    -1.053
 -126300.0    -1.233
 -126200.0    -1.409
 -126100.0    -1.581
 -126000.0    -1.746
 -125900.0    -1.905
 -125800.0    -2.055
 -125700.0    -2.197
 -125600.0    -2.330
 -125500.0    -2.454
 -125400.0    -2.569
 -125300.0    -2.672
 -125200.0    -2.765
 -125100.0    -2.848
 -125000.0    -2.920
 -124900.0    -2.982
 -124800.0    -3.033
 -124700.0    -3.075
 -124600.0    -3.107
 -124500.0    -3.132
 -124400.0    -3.149
 -124300.0    -3.159
 -124200.0    -3.162
 -124100.0    -3.158
 -124000.0    -3.149
 -123900.0    -3.134
 -123800.0    -3.113
 -123700.0    -3.087
 -123600.0    -3.055
 -123500.0    -3.020
 -123400.0    -2.979
 -123300.0    -2.935
 -123200.0    -2.887
 -123100.0    -2.836
 -123000.0    -2.780
 -122900.0    -2.721
 -122800.0    -2.659
 -122700.0    -2.594
 -122600.0    -2.527
 -122500.0    -2.457
 -122400.0    -2.383
 -122300.0    -2.306
 -122200.0    -2.226
 -122100.0    -2.145
 -122000.0    -2.061
 -121900.0    -1.977
 -121800.0    -1.891
 -121700.0    -1.805
 -121600.0    -1.717
 -121500.0    -1.630
 -121400.0    -1.543
 -121300.0    -1.456
 -121200.0    -1.371
 -121100.0    -1.289
 -121000.0    -1.209
 -120900.0    -1.134
 -120800.0    -1.064
 -120700.0    -1.000
 -120600.0    -0.942
 -120500.0    -0.891
 -120400.0    -0.849
 -120300.0    -0.815
 -120200.0    -0.790
 -120100.0    -0.774
 -120000.0    -0.767
 -119900.0    -0.768
 -119800.0    -0.779
 -119700.0    -0.798
 -119600.0    -0.825
 -119500.0    -0.860
 -119400.0    -0.903
 -119300.0    -0.952
 -119200.0    -1.006
 -119100.0    -1.064
 -119000.0    -1.125
 -118900.0    -1.187
 -118800.0    -1.248
 -118700.0    -1.308
 -118600.0    -1.363
 -118500.0    -1.415
 -118400.0    -1.461
 -118300.0    -1.499
 -118200.0    -1.531
 -118100.0    -1.553
 -118000.0    -1.568
 -117900.0    -1.573
 -117800.0    -1.568
 -117700.0    -1.552
 -117600.0    -1.526
 -117500.0    -1.490
 -117400.0    -1.445
 -117300.0    -1.392
 -117200.0    -1.332
 -117100.0    -1.267
 -117000.0    -1.197
 -116900.0    -1.123
 -116800.0    -1.047
 -116700.0    -0.971
 -116600.0    -0.896
 -116500.0    -0.824
 -116400.0    -0.757
 -116300.0    -0.696
 -116200.0    -0.643
 -116100.0    -0.599
 -116000.0    -0.565
 -115900.0    -0.543
 -115800.0    -0.534
 -115700.0    -0.538
 -115600.0    -0.558
 -115500.0    -0.593
 -115400.0    -0.644
 -115300.0    -0.713
 -115200.0    -0.800
 -115100.0    -0.903
 -115000.0    -1.023
 -114900.0    -1.158
 -114800.0    -1.310
 -114700.0    -1.475
 -114600.0    -1.653
 -114500.0    -1.844
 -114400.0    -2.046
 -114300.0    -2.260
 -114200.0    -2.484
 -114100.0    -2.716
 -114000.0    -2.955
 -113900.0    -3.199
 -113800.0    -3.447
 -113700.0    -3.698
 -113600.0    -3.949
 -113500.0    -4.199
 -113400.0    -4.447
 -113300.0    -4.693
 -113200.0    -4.933
 -113100.0    -5.168
 -113000.0    -5.396
 -112900.0    -5.616
 -112800.0    -5.828
 -112700.0    -6.030
 -112600.0    -6.222
 -112500.0    -6.403
 -112400.0    -6.574
 -112300.0    -6.735
 -112200.0    -6.885
 -112100.0    -7.024
 -112000.0    -7.153
 -111900.0    -7.273
 -111800.0    -7.382
 -111700.0    -7.481
 -111600.0    -7.569
 -111500.0    -7.649
 -111400.0    -7.719
 -111300.0    -7.779
 -111200.0    -7.831
 -111100.0    -7.873
 -111000.0    -7.908
 -110900.0    -7.934
 -110800.0    -7.952
 -110700.0    -7.964
 -110600.0    -7.968
 -110500.0    -7.965
 -110400.0    -7.955
 -110300.0    -7.938
 -110200.0    -7.914
 -110100.0    -7.884
 -110000.0    -7.846
 -109900.0    -7.803
 -109800.0    -7.752
 -109700.0    -7.696
 -109600.0    -7.635
 -109500.0    -7.570
 -109400.0    -7.501
 -109300.0    -7.430
 -109200.0    -7.356
 -109100.0    -7.280
 -109000.0    -7.201
 -108900.0    -7.122
 -108800.0    -7.040
 -108700.0    -6.958
 -108600.0    -6.874
 -108500.0    -6.789
 -108400.0    -6.705
 -108300.0    -6.622
 -108200.0    -6.540
 -108100.0    -6.460
 -108000.0    -6.381
 -107900.0    -6.303
 -107800.0    -6.227
 -107700.0    -6.155
 -107600.0    -6.085
 -107500.0    -6.015
 -107400.0    -5.948
 -107300.0    -5.882
 -107200.0    -5.817
 -107100.0    -5.755
 -107000.0    -5.695
 -106900.0    -5.638
 -106800.0    -5.585
 -106700.0    -5.536
 -106600.0    -5.489
 -106500.0    -5.444
 -106400.0    -5.402
 -106300.0    -5.363
 -106200.0    -5.326
 -106100.0    -5.291
 -106000.0    -5.258
 -105900.0    -5.227
 -105800.0    -5.197
 -105700.0    -5.168
 -105600.0    -5.140
 -105500.0    -5.112
 -105400.0    -5.085
 -105300.0    -5.056
 -105200.0    -5.026
 -105100.0    -4.994
 -105000.0    -4.959
 -104900.0    -4.923
 -104800.0    -4.883
 -104700.0    -4.839
 -104600.0    -4.791
 -104500.0    -4.739
 -104400.0    -4.684
 -104300.0    -4.623
 -104200.0    -4.559
 -104100.0    -4.491
 -104000.0    -4.419
 -103900.0    -4.344
 -103800.0    -4.266
 -103700.0    -4.186
 -103600.0    -4.105
 -103500.0    -4.023
 -103400.0    -3.940
 -103300.0    -3.859
 -103200.0    -3.778
 -103100.0    -3.700
 -103000.0    -3.625
 -102900.0    -3.554
 -102800.0    -3.486
 -102700.0    -3.424
 -102600.0    -3.367
 -102500.0    -3.317
 -102400.0    -3.273
 -102300.0    -3.235
 -102200.0    -3.206
 -102100.0    -3.184
 -102000.0    -3.169
 -101900.0    -3.163
 -101800.0    -3.164
 -101700.0    -3.173
 -101600.0    -3.190
 -101500.0    -3.214
 -101400.0    -3.245
 -101300.0    -3.282
 -101200.0    -3.324
 -101100.0    -3.372
 -101000.0    -3.424
 -100900.0    -3.482
 -100800.0    -3.544
 -100700.0    -3.612
 -100600.0    -3.684
 -100500.0    -3.760
 -100400.0    -3.840
 -100300.0    -3.921
 -100200.0    -4.004
 -100100.0    -4.088
 -100000.0    -4.175
  -99900.0    -4.335
  -99800.0    -4.335
  -99700.0    -4.335
  -99600.0    -4.547
  -99500.0    -4.762
  -99400.0    -5.083
  -99300.0    -5.409
  -99200.0    -5.489
  -99100.0    -5.568
  -99000.0    -5.715
  -98900.0    -5.864
  -98800.0    -5.689
  -98700.0    -5.515
  -98600.0    -5.515
  -98500.0    -5.515
  -98400.0    -5.187
  -98300.0    -4.864
  -98200.0    -5.213
  -98100.0    -5.568
  -98000.0    -5.702
  -97900.0    -5.837
  -97800.0    -6.054
  -97700.0    -6.273
  -97600.0    -6.136
  -97500.0    -5.999
  -97400.0    -6.608
  -97300.0    -7.235
  -97200.0    -7.119
  -97100.0    -7.004
  -97000.0    -7.177
  -96900.0    -7.351
  -96800.0    -7.336
  -96700.0    -7.322
  -96600.0    -7.438
  -96500.0    -7.555
  -96400.0    -7.351
  -96300.0    -7.148
  -96200.0    -7.293
  -96100.0    -7.438
  -96000.0    -8.090
  -95900.0    -8.760
  -95800.0    -8.744
  -95700.0    -8.729
  -95600.0    -8.683
  -95500.0    -8.637
  -95400.0    -8.977
  -95300.0    -9.322
  -95200.0    -8.301
  -95100.0    -7.322
  -95000.0    -8.090
  -94900.0    -8.884
  -94800.0    -8.729
  -94700.0    -8.575
  -94600.0    -8.822
  -94500.0    -9.071
  -94400.0    -8.899
  -94300.0    -8.729
  -94200.0    -8.652
  -94100.0    -8.575
  -94000.0    -8.729
  -93900.0    -8.884
  -93800.0    -8.606
  -93700.0    -8.331
  -93600.0    -8.837
  -93500.0    -9.354
  -93400.0    -9.768
  -93300.0   -10.189
  -93200.0    -9.897
  -93100.0    -9.608
  -93000.0    -9.881
  -92900.0   -10.156
  -92800.0   -10.091
  -92700.0   -10.026
  -92600.0    -9.881
  -92500.0    -9.736
  -92400.0    -9.640
  -92300.0    -9.544
  -92200.0   -10.124
  -92100.0   -10.716
  -92000.0   -10.435
  -91900.0   -10.156
  -91800.0   -10.649
  -91700.0   -11.151
  -91600.0   -11.185
  -91500.0   -11.219
  -91400.0   -10.849
  -91300.0   -10.484
  -91200.0   -10.699
  -91100.0   -10.916
  -91000.0   -11.371
  -90900.0   -11.833
  -90800.0   -11.320
  -90700.0   -10.816
  -90600.0   -10.517
  -90500.0   -10.221
  -90400.0   -10.156
  -90300.0   -10.091
  -90200.0   -10.666
  -90100.0   -11.252
  -90000.0   -10.799
  -89900.0   -10.352
  -89800.0   -10.766
  -89700.0   -11.185
  -89600.0   -11.185
  -89500.0   -11.185
  -89400.0   -11.696
  -89300.0   -12.215
  -89200.0   -11.473
  -89100.0   -10.749
  -89000.0   -10.418
  -88900.0   -10.091
  -88800.0    -9.784
  -88700.0    -9.480
  -88600.0    -9.832
  -88500.0   -10.189
  -88400.0   -10.238
  -88300.0   -10.287
  -88200.0    -9.961
  -88100.0    -9.640
  -88000.0    -9.401
  -87900.0    -9.165
  -87800.0    -9.275
  -87700.0    -9.385
  -87600.0    -7.851
  -87500.0    -6.412
  -87400.0    -6.301
  -87300.0    -6.191
  -87200.0    -5.796
  -87100.0    -5.409
  -87000.0    -5.476
  -86900.0    -5.542
  -86800.0    -5.783
  -86700.0    -6.026
  -86600.0    -5.769
  -86500.0    -5.515
  -86400.0    -6.412
  -86300.0    -7.351
  -86200.0    -7.482
  -86100.0    -7.614
  -86000.0    -6.890
  -85900.0    -6.191
  -85800.0    -6.510
  -85700.0    -6.833
  -85600.0    -7.307
  -85500.0    -7.791
  -85400.0    -8.075
  -85300.0    -8.362
  -85200.0    -8.667
  -85100.0    -8.977
  -85000.0    -9.704
  -84900.0   -10.451
  -84800.0   -12.408
  -84700.0   -14.492
  -84600.0   -14.830
  -84500.0   -15.171
  -84400.0   -14.269
  -84300.0   -13.389
  -84200.0   -13.425
  -84100.0   -13.461
  -84000.0   -12.940
  -83900.0   -12.426
  -83800.0   -12.620
  -83700.0   -12.815
  -83600.0   -11.764
  -83500.0   -10.749
  -83400.0   -10.816
  -83300.0   -10.882
  -83200.0   -10.666
  -83100.0   -10.451
  -83000.0   -10.026
  -82900.0    -9.608
  -82800.0    -9.024
  -82700.0    -8.453
  -82600.0    -8.316
  -82500.0    -8.180
  -82400.0    -8.683
  -82300.0    -9.196
  -82200.0    -7.658
  -82100.0    -6.218
  -82000.0    -6.720
  -81900.0    -7.235
  -81800.0    -5.252
  -81700.0    -3.469
  -81600.0    -2.369
  -81500.0    -1.362
  -81400.0    -1.844
  -81300.0    -2.348
  -81200.0    -2.575
  -81100.0    -2.807
  -81000.0    -2.445
  -80900.0    -2.093
  -80800.0    -2.262
  -80700.0    -2.434
  -80600.0    -2.220
  -80500.0    -2.009
  -80400.0    -2.652
  -80300.0    -3.329
  -80200.0    -3.657
  -80100.0    -3.992
  -80000.0    -3.191
  -79900.0    -2.434
  -79800.0    -3.191
  -79700.0    -3.992
  -79600.0    -3.836
  -79500.0    -3.681
  -79400.0    -3.693
  -79300.0    -3.704
  -79200.0    -4.114
  -79100.0    -4.535
  -79000.0    -4.661
  -78900.0    -4.787
  -78800.0    -4.335
  -78700.0    -3.896
  -78600.0    -4.090
  -78500.0    -4.286
  -78400.0    -4.065
  -78300.0    -3.848
  -78200.0    -4.029
  -78100.0    -4.212
  -78000.0    -4.385
  -77900.0    -4.560
  -77800.0    -4.800
  -77700.0    -5.044
  -77600.0    -5.331
  -77500.0    -5.622
  -77400.0    -5.689
  -77300.0    -5.756
  -77200.0    -5.529
  -77100.0    -5.304
  -77000.0    -6.177
  -76900.0    -7.091
  -76800.0    -7.206
  -76700.0    -7.322
  -76600.0    -7.555
  -76500.0    -7.791
  -76400.0    -7.717
  -76300.0    -7.643
  -76200.0    -8.165
  -76100.0    -8.698
  -76000.0    -9.133
  -75900.0    -9.576
  -75800.0   -10.124
  -75700.0   -10.682
  -75600.0    -9.133
  -75500.0    -7.673
  -75400.0    -7.599
  -75300.0    -7.526
  -75200.0    -6.933
  -75100.0    -6.356
  -75000.0    -7.307
  -74900.0    -8.301
  -74800.0    -8.899
  -74700.0    -9.512
  -74600.0   -10.238
  -74500.0   -10.983
  -74400.0   -11.202
  -74300.0   -11.422
  -74200.0    -9.417
  -74100.0    -7.555
  -74000.0    -9.449
  -73900.0   -11.490
  -73800.0   -14.399
  -73700.0   -17.564
  -73600.0   -19.252
  -73500.0   -21.006
  -73400.0   -21.443
  -73300.0   -21.884
  -73200.0   -22.107
  -73100.0   -22.330
  -73000.0   -21.027
  -72900.0   -19.759
  -72800.0   -19.315
  -72700.0   -18.876
  -72600.0   -13.936
  -72500.0    -9.608
  -72400.0    -6.177
  -72300.0    -3.260
  -72200.0    -3.469
  -72100.0    -3.681
  -72000.0    -4.114
  -71900.0    -4.560
  -71800.0    -4.711
  -71700.0    -4.864
  -71600.0    -4.826
  -71500.0    -4.787
  -71400.0    -5.409
  -71300.0    -6.054
  -71200.0    -6.287
  -71100.0    -6.524
  -71000.0    -6.636
  -70900.0    -6.748
  -70800.0    -7.249
  -70700.0    -7.762
  -70600.0    -8.195
  -70500.0    -8.637
  -70400.0    -9.291
  -70300.0    -9.961
  -70200.0   -10.140
  -70100.0   -10.320
  -70000.0   -15.019
  -69900.0   -20.400
  -69800.0   -22.129
  -69700.0   -23.918
  -69600.0   -23.711
  -69500.0   -23.505
  -69400.0   -24.149
  -69300.0   -24.800
  -69200.0   -24.357
  -69100.0   -23.918
  -69000.0   -23.872
  -68900.0   -23.826
  -68800.0   -23.619
  -68700.0   -23.414
  -68600.0   -22.891
  -68500.0   -22.374
  -68400.0   -12.076
  -68300.0    -4.360
  -68200.0    -3.563
  -68100.0    -2.807
  -68000.0    -3.168
  -67900.0    -3.539
  -67800.0    -4.385
  -67700.0    -5.278
  -67600.0    -5.096
  -67500.0    -4.915
  -67400.0    -5.715
  -67300.0    -6.552
  -67200.0    -6.763
  -67100.0    -6.976
  -67000.0    -7.148
  -66900.0    -7.322
  -66800.0    -9.165
  -66700.0   -11.151
  -66600.0   -12.233
  -66500.0   -13.353
  -66400.0   -15.019
  -66300.0   -16.763
  -66200.0   -19.085
  -66100.0   -21.531
  -66000.0   -20.702
  -65900.0   -19.886
  -65800.0   -17.402
  -65700.0   -15.057
  -65600.0   -12.390
  -65500.0    -9.929
  -65400.0   -13.680
  -65300.0   -17.888
  -65200.0   -18.276
  -65100.0   -18.668
  -65000.0   -17.766
  -64900.0   -16.882
  -64800.0   -17.847
  -64700.0   -18.834
  -64600.0   -19.780
  -64500.0   -20.745
  -64400.0   -19.759
  -64300.0   -18.793
  -64200.0   -18.524
  -64100.0   -18.256
  -64000.0   -19.336
  -63900.0   -20.443
  -63800.0   -20.035
  -63700.0   -19.632
  -63600.0   -18.793
  -63500.0   -17.970
  -63400.0   -18.113
  -63300.0   -18.256
  -63200.0   -17.908
  -63100.0   -17.564
  -63000.0   -17.888
  -62900.0   -18.215
  -62800.0   -17.990
  -62700.0   -17.766
  -62600.0   -17.929
  -62500.0   -18.092
  -62400.0   -19.357
  -62300.0   -20.658
  -62200.0   -20.767
  -62100.0   -20.875
  -62000.0   -20.984
  -61900.0   -21.093
  -61800.0   -19.336
  -61700.0   -17.645
  -61600.0   -16.664
  -61500.0   -15.707
  -61400.0   -17.102
  -61300.0   -18.544
  -61200.0   -19.231
  -61100.0   -19.929
  -61000.0   -19.442
  -60900.0   -18.959
  -60800.0   -14.380
  -60700.0   -10.320
  -60600.0    -8.775
  -60500.0    -7.322
  -60400.0   -10.616
  -60300.0   -14.343
  -60200.0   -14.436
  -60100.0   -14.530
  -60000.0   -14.962
  -59900.0   -15.400
  -59800.0   -17.362
  -59700.0   -19.420
  -59600.0   -18.793
  -59500.0   -18.174
  -59400.0   -18.793
  -59300.0   -19.420
  -59200.0   -19.022
  -59100.0   -18.627
  -59000.0   -17.868
  -58900.0   -17.122
  -58800.0   -17.022
  -58700.0   -16.922
  -58600.0   -17.827
  -58500.0   -18.751
  -58400.0   -18.153
  -58300.0   -17.564
  -58200.0   -16.922
  -58100.0   -16.291
  -58000.0   -15.209
  -57900.0   -14.158
  -57800.0   -13.208
  -57700.0   -12.285
  -57600.0   -13.552
  -57500.0   -14.868
  -57400.0   -14.047
  -57300.0   -13.245
  -57200.0   -13.918
  -57100.0   -14.605
  -57000.0   -15.669
  -56900.0   -16.763
  -56800.0   -16.803
  -56700.0   -16.843
  -56600.0   -15.940
  -56500.0   -15.057
  -56400.0   -10.221
  -56300.0    -6.108
  -56200.0    -8.946
  -56100.0   -12.146
  -56000.0    -8.255
  -55900.0    -4.915
  -55800.0    -5.331
  -55700.0    -5.756
  -55600.0    -5.582
  -55500.0    -5.409
  -55400.0    -8.775
  -55300.0   -12.673
  -55200.0   -10.749
  -55100.0    -8.946
  -55000.0    -8.714
  -54900.0    -8.483
  -54800.0    -6.538
  -54700.0    -4.762
  -54600.0    -4.864
  -54500.0    -4.967
  -54400.0    -5.986
  -54300.0    -7.062
  -54200.0    -7.220
  -54100.0    -7.380
  -54000.0    -7.177
  -53900.0    -6.976
  -53800.0    -7.394
  -53700.0    -7.821
  -53600.0    -8.060
  -53500.0    -8.301
  -53400.0    -8.316
  -53300.0    -8.331
  -53200.0   -11.439
  -53100.0   -14.906
  -53000.0   -14.139
  -52900.0   -13.389
  -52800.0   -14.474
  -52700.0   -15.592
  -52600.0   -11.337
  -52500.0    -7.614
  -52400.0    -6.890
  -52300.0    -6.191
  -52200.0    -9.465
  -52100.0   -13.208
  -52000.0   -14.623
  -51900.0   -16.095
  -51800.0   -12.602
  -51700.0    -9.449
  -51600.0   -12.024
  -51500.0   -14.830
  -51400.0   -15.669
  -51300.0   -16.526
  -51200.0   -15.998
  -51100.0   -15.477
  -51000.0    -9.401
  -50900.0    -4.485
  -50800.0    -5.252
  -50700.0    -6.054
  -50600.0    -5.370
  -50500.0    -4.711
  -50400.0    -4.838
  -50300.0    -4.967
  -50200.0    -5.018
  -50100.0    -5.070
  -50000.0    -5.278
  -49900.0    -5.489
  -49800.0    -5.715
  -49700.0    -5.945
  -49600.0    -5.756
  -49500.0    -5.568
  -49400.0    -6.122
  -49300.0    -6.692
  -49200.0    -6.108
  -49100.0    -5.542
  -49000.0    -6.315
  -48900.0    -7.119
  -48800.0    -6.692
  -48700.0    -6.273
  -48600.0    -7.004
  -48500.0    -7.762
  -48400.0    -7.438
  -48300.0    -7.119
  -48200.0    -7.985
  -48100.0    -8.884
  -48000.0    -9.306
  -47900.0    -9.736
  -47800.0    -9.704
  -47700.0    -9.672
  -47600.0    -9.897
  -47500.0   -10.124
  -47400.0   -10.042
  -47300.0    -9.961
  -47200.0   -10.270
  -47100.0   -10.583
  -47000.0   -10.173
  -46900.0    -9.768
  -46800.0   -10.156
  -46700.0   -10.550
  -46600.0   -10.899
  -46500.0   -11.252
  -46400.0   -11.235
  -46300.0   -11.219
  -46200.0   -10.816
  -46100.0   -10.418
  -46000.0   -10.799
  -45900.0   -11.185
  -45800.0   -12.850
  -45700.0   -14.605
  -45600.0   -11.134
  -45500.0    -8.030
  -45400.0    -8.483
  -45300.0    -8.946
  -45200.0    -9.055
  -45100.0    -9.165
  -45000.0   -10.550
  -44900.0   -12.006
  -44800.0   -12.390
  -44700.0   -12.779
  -44600.0   -14.623
  -44500.0   -16.566
  -44400.0   -17.382
  -44300.0   -18.215
  -44200.0   -17.242
  -44100.0   -16.291
  -44000.0   -16.154
  -43900.0   -16.017
  -43800.0   -15.438
  -43700.0   -14.868
  -43600.0   -15.862
  -43500.0   -16.882
  -43400.0   -13.425
  -43300.0   -10.287
  -43200.0    -6.315
  -43100.0    -3.009
  -43000.0    -3.728
  -42900.0    -4.485
  -42800.0    -4.447
  -42700.0    -4.410
  -42600.0    -4.410
  -42500.0    -4.410
  -42400.0    -4.979
  -42300.0    -5.568
  -42200.0    -6.081
  -42100.0    -6.608
  -42000.0    -6.524
  -41900.0    -6.440
  -41800.0    -7.702
  -41700.0    -9.039
  -41600.0    -9.291
  -41500.0    -9.544
  -41400.0   -10.221
  -41300.0   -10.916
  -41200.0   -10.799
  -41100.0   -10.682
  -41000.0   -10.766
  -40900.0   -10.849
  -40800.0   -10.983
  -40700.0   -11.117
  -40600.0   -14.232
  -40500.0   -17.645
  -40400.0   -17.503
  -40300.0   -17.362
  -40200.0   -18.359
  -40100.0   -19.378
  -40000.0   -19.908
  -39900.0   -20.443
  -39800.0   -15.247
  -39700.0   -10.682
  -39600.0    -8.316
  -39500.0    -6.163
  -39400.0    -6.622
  -39300.0    -7.091
  -39200.0    -7.702
  -39100.0    -8.331
  -39000.0   -10.010
  -38900.0   -11.799
  -38800.0   -11.644
  -38700.0   -11.490
  -38600.0   -14.755
  -38500.0   -18.338
  -38400.0   -18.544
  -38300.0   -18.751
  -38200.0   -18.133
  -38100.0   -17.523
  -38000.0   -13.716
  -37900.0   -10.287
  -37800.0    -8.993
  -37700.0    -7.762
  -37600.0    -8.560
  -37500.0    -9.385
  -37400.0   -11.033
  -37300.0   -12.779
  -37200.0   -15.266
  -37100.0   -17.929
  -37000.0   -17.242
  -36900.0   -16.566
  -36800.0   -16.056
  -36700.0   -15.553
  -36600.0   -13.498
  -36500.0   -11.559
  -36400.0   -14.213
  -36300.0   -17.082
  -36200.0   -17.402
  -36100.0   -17.726
  -36000.0   -19.632
  -35900.0   -21.619
  -35800.0   -20.400
  -35700.0   -19.210
  -35600.0   -18.834
  -35500.0   -18.462
  -35400.0   -19.526
  -35300.0   -20.615
  -35200.0   -19.231
  -35100.0   -17.888
  -35000.0   -16.251
  -34900.0   -14.680
  -34800.0    -9.800
  -34700.0    -5.675
  -34600.0    -5.529
  -34500.0    -5.383
  -34400.0    -5.529
  -34300.0    -5.675
  -34200.0    -6.566
  -34100.0    -7.497
  -34000.0    -7.278
  -33900.0    -7.062
  -33800.0    -7.497
  -33700.0    -7.940
  -33600.0    -8.683
  -33500.0    -9.449
  -33400.0   -10.899
  -33300.0   -12.426
  -33200.0   -11.016
  -33100.0    -9.672
  -33000.0   -12.478
  -32900.0   -15.553
  -32800.0   -17.222
  -32700.0   -18.959
  -32600.0   -18.918
  -32500.0   -18.876
  -32400.0   -18.876
  -32300.0   -18.876
  -32200.0   -18.194
  -32100.0   -17.523
  -32000.0   -11.885
  -31900.0    -7.119
  -31800.0    -7.047
  -31700.0    -6.976
  -31600.0    -8.060
  -31500.0    -9.196
  -31400.0   -10.173
  -31300.0   -11.185
  -31200.0   -13.625
  -31100.0   -16.251
  -31000.0   -16.843
  -30900.0   -17.443
  -30800.0   -17.122
  -30700.0   -16.803
  -30600.0   -17.022
  -30500.0   -17.242
  -30400.0   -13.662
  -30300.0   -10.418
  -30200.0   -10.026
  -30100.0    -9.640
  -30000.0   -12.886
  -29900.0   -16.487
  -29800.0   -18.648
  -29700.0   -20.919
  -29600.0   -20.121
  -29500.0   -19.336
  -29400.0   -18.420
  -29300.0   -17.523
  -29200.0   -12.655
  -29100.0    -8.422
  -29000.0    -8.744
  -28900.0    -9.071
  -28800.0   -11.954
  -28700.0   -15.133
  -28600.0   -16.763
  -28500.0   -18.462
  -28400.0   -20.206
  -28300.0   -22.018
  -28200.0   -20.767
  -28100.0   -19.547
  -28000.0   -19.168
  -27900.0   -18.793
  -27800.0   -19.568
  -27700.0   -20.357
  -27600.0   -17.888
  -27500.0   -15.553
  -27400.0   -17.665
  -27300.0   -19.886
  -27200.0   -20.249
  -27100.0   -20.615
  -27000.0   -21.246
  -26900.0   -21.884
  -26800.0   -21.663
  -26700.0   -21.443
  -26600.0   -20.702
  -26500.0   -19.971
  -26400.0   -18.276
  -26300.0   -16.645
  -26200.0   -14.680
  -26100.0   -12.815
  -26000.0    -9.704
  -25900.0    -6.919
  -25800.0   -11.937
  -25700.0   -17.929
  -25600.0   -17.807
  -25500.0   -17.685
  -25400.0   -18.400
  -25300.0   -19.127
  -25200.0   -14.567
  -25100.0   -10.517
  -25000.0    -9.496
  -24900.0    -8.514
  -24800.0   -13.101
  -24700.0   -18.420
  -24600.0   -16.982
  -24500.0   -15.592
  -24400.0   -16.428
  -24300.0   -17.282
  -24200.0   -17.645
  -24100.0   -18.010
  -24000.0   -17.483
  -23900.0   -16.962
  -23800.0   -16.507
  -23700.0   -16.056
  -23600.0   -17.022
  -23500.0   -18.010
  -23400.0   -20.228
  -23300.0   -22.554
  -23200.0   -20.142
  -23100.0   -17.847
  -23000.0   -17.282
  -22900.0   -16.724
  -22800.0   -16.823
  -22700.0   -16.922
  -22600.0   -17.122
  -22500.0   -17.322
  -22400.0   -16.783
  -22300.0   -16.251
  -22200.0   -18.751
  -22100.0   -21.399
  -22000.0   -22.397
  -21900.0   -23.414
  -21800.0   -22.711
  -21700.0   -22.018
  -21600.0   -20.078
  -21500.0   -18.215
  -21400.0   -14.325
  -21300.0   -10.816
  -21200.0   -13.753
  -21100.0   -16.962
  -21000.0   -14.868
  -20900.0   -12.886
  -20800.0   -14.623
  -20700.0   -16.448
  -20600.0   -17.042
  -20500.0   -17.645
  -20400.0   -16.389
  -20300.0   -15.171
  -20200.0   -15.959
  -20100.0   -16.763
  -20000.0   -17.002
  -19900.0   -17.242
  -19800.0   -17.282
  -19700.0   -17.322
  -19600.0   -17.182
  -19500.0   -17.042
  -19400.0   -16.507
  -19300.0   -15.979
  -19200.0   -15.400
  -19100.0   -14.830
  -19000.0   -13.662
  -18900.0   -12.531
  -18800.0   -13.955
  -18700.0   -15.438
  -18600.0   -14.195
  -18500.0   -12.993
  -18400.0   -13.119
  -18300.0   -13.245
  -18200.0   -12.726
  -18100.0   -12.215
  -18000.0   -11.134
  -17900.0   -10.091
  -17800.0    -9.913
  -17700.0    -9.736
  -17600.0   -10.303
  -17500.0   -10.882
  -17400.0    -9.897
  -17300.0    -8.946
  -17200.0    -9.039
  -17100.0    -9.133
  -17000.0    -9.544
  -16900.0    -9.961
  -16800.0    -9.449
  -16700.0    -8.946
  -16600.0   -10.749
  -16500.0   -12.673
  -16400.0   -12.726
  -16300.0   -12.779
  -16200.0   -12.637
  -16100.0   -12.496
  -16000.0   -12.024
  -15900.0   -11.559
  -15800.0   -11.337
  -15700.0   -11.117
  -15600.0   -12.868
  -15500.0   -14.717
  -15400.0   -13.735
  -15300.0   -12.779
  -15200.0   -12.620
  -15100.0   -12.461
  -15000.0   -11.371
  -14900.0   -10.320
  -14800.0   -10.966
  -14700.0   -11.627
  -14600.0    -9.945
  -14500.0    -8.362
  -14400.0    -4.065
  -14300.0    -0.718
  -14200.0    -1.333
  -14100.0    -1.989
  -14000.0    -3.896
  -13900.0    -6.081
  -13800.0    -5.877
  -13700.0    -5.675
  -13600.0    -5.383
  -13500.0    -5.096
  -13400.0    -5.213
  -13300.0    -5.331
  -13200.0    -6.482
  -13100.0    -7.702
  -13000.0    -9.465
  -12900.0   -11.354
  -12800.0    -9.576
  -12700.0    -7.910
  -12600.0   -12.355
  -12500.0   -17.523
  -12400.0   -16.566
  -12300.0   -15.630
  -12200.0   -15.228
  -12100.0   -14.830
  -12000.0   -14.176
  -11900.0   -13.534
  -11800.0   -13.992
  -11700.0   -14.455
  -11600.0    -9.672
  -11500.0    -5.622
  -11400.0    -5.161
  -11300.0    -4.711
  -11200.0    -3.836
  -11100.0    -3.009
  -11000.0    -2.874
  -10900.0    -2.740
  -10800.0    -2.674
  -10700.0    -2.608
  -10600.0    -1.906
  -10500.0    -1.245
  -10400.0    -1.111
  -10300.0    -0.978
  -10200.0    -0.755
  -10100.0    -0.537
  -10000.0    -0.144
   -9900.0     0.230
   -9800.0     0.430
   -9700.0     0.623
   -9600.0     0.683
   -9500.0     0.743
   -9400.0     0.898
   -9300.0     1.048
   -9200.0     0.854
   -9100.0     0.653
   -9000.0     0.788
   -8900.0     0.919
   -8800.0     0.683
   -8700.0     0.437
   -8600.0     0.539
   -8500.0     0.638
   -8400.0     0.382
   -8300.0     0.116
   -8200.0    -0.152
   -8100.0    -0.430
   -8000.0     0.246
   -7900.0     0.861
   -7800.0     0.876
   -7700.0     0.890
   -7600.0     0.898
   -7500.0     0.905
   -7400.0     0.941
   -7300.0     0.977
   -7200.0     0.751
   -7100.0     0.515
   -7000.0     0.585
   -6900.0     0.653
   -6800.0     0.600
   -6700.0     0.546
   -6600.0     0.445
   -6500.0     0.343
   -6400.0     0.422
   -6300.0     0.500
   -6200.0     0.422
   -6100.0     0.343
   -6000.0     0.476
   -5900.0     0.608
   -5800.0     0.592
   -5700.0     0.577
   -5600.0     0.492
   -5500.0     0.406
   -5400.0     0.351
   -5300.0     0.295
   -5200.0     0.492
   -5100.0     0.683
   -5000.0     0.461
   -4900.0     0.230
   -4800.0     0.327
   -4700.0     0.422
   -4600.0     0.437
   -4500.0     0.453
   -4400.0     0.508
   -4300.0     0.562
   -4200.0     0.585
   -4100.0     0.608
   -4000.0     0.638
   -3900.0     0.668
   -3800.0     0.608
   -3700.0     0.546
   -3600.0     0.676
   -3500.0     0.803
   -3400.0     0.653
   -3300.0     0.500
   -3200.0     0.523
   -3100.0     0.546
   -3000.0     0.484
   -2900.0     0.422
   -2800.0     0.577
   -2700.0     0.728
   -2600.0     0.592
   -2500.0     0.453
   -2400.0     0.445
   -2300.0     0.437
   -2200.0     0.437
   -2100.0     0.437
   -2000.0     0.287
   -1900.0     0.133
   -1800.0     0.230
   -1700.0     0.327
   -1600.0     0.116
   -1500.0    -0.101
   -1400.0     0.157
   -1300.0     0.406
   -1200.0     0.279
   -1100.0     0.149
   -1000.0     0.008
    -900.0    -0.135
    -800.0    -0.169
    -700.0    -0.203
    -600.0    -0.034
    -500.0     0.133
    -400.0     0.042
    -300.0    -0.050
    -200.0    -0.025
    -100.0     0.000
       0.0     0.000
