#  -250000  100  0
 -250000.0    -7.080
 -249900.0    -7.080
 -249800.0    -7.080
 -249700.0    -7.080
 -249600.0    -7.080
 -249500.0    -7.080
 -249400.0    -7.080
 -249300.0    -7.080
 -249200.0    -7.080
 -249100.0    -7.080
 -249000.0    -7.080
 -248900.0    -7.080
 -248800.0    -7.080
 -248700.0    -7.080
 -248600.0    -6.972
 -248500.0    -6.864
 -248400.0    -6.864
 -248300.0    -6.864
 -248200.0    -6.864
 -248100.0    -6.864
 -248000.0    -6.864
 -247900.0    -6.864
 -247800.0    -6.864
 -247700.0    -6.864
 -247600.0    -6.864
 -247500.0    -6.864
 -247400.0    -6.264
 -247300.0    -5.664
 -247200.0    -5.640
 -247100.0    -5.616
 -247000.0    -5.616
 -246900.0    -5.616
 -246800.0    -5.616
 -246700.0    -5.616
 -246600.0    -5.616
 -246500.0    -5.616
 -246400.0    -5.568
 -246300.0    -5.520
 -246200.0    -5.448
 -246100.0    -5.376
 -246000.0    -5.376
 -245900.0    -5.376
 -245800.0    -5.376
 -245700.0    -5.376
 -245600.0    -5.376
 -245500.0    -5.376
 -245400.0    -5.352
 -245300.0    -5.328
 -245200.0    -5.124
 -245100.0    -4.920
 -245000.0    -4.920
 -244900.0    -4.920
 -244800.0    -4.920
 -244700.0    -4.920
 -244600.0    -4.920
 -244500.0    -4.920
 -244400.0    -4.920
 -244300.0    -4.920
 -244200.0    -4.620
 -244100.0    -4.320
 -244000.0    -4.296
 -243900.0    -4.272
 -243800.0    -4.272
 -243700.0    -4.272
 -243600.0    -4.272
 -243500.0    -4.272
 -243400.0    -4.260
 -243300.0    -4.248
 -243200.0    -3.888
 -243100.0    -3.528
 -243000.0    -3.528
 -242900.0    -3.528
 -242800.0    -3.528
 -242700.0    -3.528
 -242600.0    -3.528
 -242500.0    -3.528
 -242400.0    -3.444
 -242300.0    -3.360
 -242200.0    -3.240
 -242100.0    -3.120
 -242000.0    -3.120
 -241900.0    -3.120
 -241800.0    -3.120
 -241700.0    -3.120
 -241600.0    -3.120
 -241500.0    -3.120
 -241400.0    -3.936
 -241300.0    -4.752
 -241200.0    -4.800
 -241100.0    -4.848
 -241000.0    -4.848
 -240900.0    -4.848
 -240800.0    -4.848
 -240700.0    -4.848
 -240600.0    -4.860
 -240500.0    -4.872
 -240400.0    -5.040
 -240300.0    -5.208
 -240200.0    -5.208
 -240100.0    -5.208
 -240000.0    -5.208
 -239900.0    -5.208
 -239800.0    -5.208
 -239700.0    -5.208
 -239600.0    -5.160
 -239500.0    -5.112
 -239400.0    -4.800
 -239300.0    -4.488
 -239200.0    -4.488
 -239100.0    -4.488
 -239000.0    -4.488
 -238900.0    -4.488
 -238800.0    -4.488
 -238700.0    -4.488
 -238600.0    -4.476
 -238500.0    -4.464
 -238400.0    -4.440
 -238300.0    -4.416
 -238200.0    -4.416
 -238100.0    -4.416
 -238000.0    -4.416
 -237900.0    -4.416
 -237800.0    -4.416
 -237700.0    -4.416
 -237600.0    -4.488
 -237500.0    -4.560
 -237400.0    -4.572
 -237300.0    -4.584
 -237200.0    -4.584
 -237100.0    -4.584
 -237000.0    -4.584
 -236900.0    -4.584
 -236800.0    -4.632
 -236700.0    -4.680
 -236600.0    -4.800
 -236500.0    -4.920
 -236400.0    -4.920
 -236300.0    -4.920
 -236200.0    -4.920
 -236100.0    -4.920
 -236000.0    -4.920
 -235900.0    -4.920
 -235800.0    -4.980
 -235700.0    -5.040
 -235600.0    -5.064
 -235500.0    -5.088
 -235400.0    -5.088
 -235300.0    -5.088
 -235200.0    -5.088
 -235100.0    -5.088
 -235000.0    -5.064
 -234900.0    -5.040
 -234800.0    -4.824
 -234700.0    -4.608
 -234600.0    -4.608
 -234500.0    -4.608
 -234400.0    -4.608
 -234300.0    -4.608
 -234200.0    -4.608
 -234100.0    -4.608
 -234000.0    -4.608
 -233900.0    -4.608
 -233800.0    -4.608
 -233700.0    -4.608
 -233600.0    -4.608
 -233500.0    -4.608
 -233400.0    -4.608
 -233300.0    -4.608
 -233200.0    -4.656
 -233100.0    -4.704
 -233000.0    -4.836
 -232900.0    -4.968
 -232800.0    -4.968
 -232700.0    -4.968
 -232600.0    -4.968
 -232500.0    -4.968
 -232400.0    -4.968
 -232300.0    -4.968
 -232200.0    -5.208
 -232100.0    -5.448
 -232000.0    -5.496
 -231900.0    -5.544
 -231800.0    -5.544
 -231700.0    -5.544
 -231600.0    -5.544
 -231500.0    -5.544
 -231400.0    -5.520
 -231300.0    -5.496
 -231200.0    -5.448
 -231100.0    -5.400
 -231000.0    -5.400
 -230900.0    -5.400
 -230800.0    -5.400
 -230700.0    -5.400
 -230600.0    -5.400
 -230500.0    -5.400
 -230400.0    -4.080
 -230300.0    -2.760
 -230200.0    -2.592
 -230100.0    -2.424
 -230000.0    -2.424
 -229900.0    -2.424
 -229800.0    -2.364
 -229700.0    -2.304
 -229600.0    -2.100
 -229500.0    -1.896
 -229400.0    -1.896
 -229300.0    -1.896
 -229200.0    -1.896
 -229100.0    -1.896
 -229000.0    -2.376
 -228900.0    -2.856
 -228800.0    -3.072
 -228700.0    -3.288
 -228600.0    -3.288
 -228500.0    -3.288
 -228400.0    -3.288
 -228300.0    -3.288
 -228200.0    -3.180
 -228100.0    -3.072
 -228000.0    -3.060
 -227900.0    -3.048
 -227800.0    -3.048
 -227700.0    -3.048
 -227600.0    -2.556
 -227500.0    -2.064
 -227400.0    -0.192
 -227300.0     1.680
 -227200.0     1.680
 -227100.0     1.680
 -227000.0     0.396
 -226900.0    -0.888
 -226800.0    -2.460
 -226700.0    -4.032
 -226600.0    -4.032
 -226500.0    -4.032
 -226400.0    -4.032
 -226300.0    -4.032
 -226200.0    -4.212
 -226100.0    -4.392
 -226000.0    -4.512
 -225900.0    -4.632
 -225800.0    -4.632
 -225700.0    -4.632
 -225600.0    -4.632
 -225500.0    -4.632
 -225400.0    -3.792
 -225300.0    -2.952
 -225200.0    -2.556
 -225100.0    -2.160
 -225000.0    -2.160
 -224900.0    -2.160
 -224800.0    -1.908
 -224700.0    -1.656
 -224600.0    -1.116
 -224500.0    -0.576
 -224400.0    -0.576
 -224300.0    -0.576
 -224200.0    -0.780
 -224100.0    -0.984
 -224000.0    -1.440
 -223900.0    -1.896
 -223800.0    -1.896
 -223700.0    -1.896
 -223600.0    -1.944
 -223500.0    -1.992
 -223400.0    -2.832
 -223300.0    -3.672
 -223200.0    -3.672
 -223100.0    -3.672
 -223000.0    -3.672
 -222900.0    -3.672
 -222800.0    -3.576
 -222700.0    -3.480
 -222600.0    -3.384
 -222500.0    -3.288
 -222400.0    -3.288
 -222300.0    -3.288
 -222200.0    -3.204
 -222100.0    -3.120
 -222000.0    -1.404
 -221900.0     0.312
 -221800.0     0.312
 -221700.0     0.312
 -221600.0    -0.120
 -221500.0    -0.552
 -221400.0    -1.596
 -221300.0    -2.640
 -221200.0    -2.640
 -221100.0    -2.640
 -221000.0    -2.676
 -220900.0    -2.712
 -220800.0    -3.480
 -220700.0    -4.248
 -220600.0    -4.248
 -220500.0    -4.248
 -220400.0    -4.248
 -220300.0    -4.248
 -220200.0    -4.128
 -220100.0    -4.008
 -220000.0    -3.876
 -219900.0    -3.744
 -219800.0    -3.744
 -219700.0    -3.744
 -219600.0    -3.624
 -219500.0    -3.504
 -219400.0    -2.208
 -219300.0    -0.912
 -219200.0    -0.912
 -219100.0    -0.912
 -219000.0    -1.272
 -218900.0    -1.632
 -218800.0    -2.784
 -218700.0    -3.936
 -218600.0    -3.936
 -218500.0    -3.936
 -218400.0    -3.936
 -218300.0    -3.936
 -218200.0    -4.416
 -218100.0    -4.896
 -218000.0    -4.968
 -217900.0    -5.040
 -217800.0    -5.040
 -217700.0    -5.040
 -217600.0    -4.704
 -217500.0    -4.368
 -217400.0    -3.504
 -217300.0    -2.640
 -217200.0    -2.640
 -217100.0    -2.640
 -217000.0    -2.868
 -216900.0    -3.096
 -216800.0    -3.912
 -216700.0    -4.728
 -216600.0    -4.728
 -216500.0    -4.728
 -216400.0    -4.728
 -216300.0    -4.728
 -216200.0    -4.512
 -216100.0    -4.296
 -216000.0    -4.224
 -215900.0    -4.152
 -215800.0    -4.152
 -215700.0    -4.152
 -215600.0    -3.828
 -215500.0    -3.504
 -215400.0    -3.156
 -215300.0    -2.808
 -215200.0    -2.808
 -215100.0    -2.808
 -215000.0    -3.216
 -214900.0    -3.624
 -214800.0    -4.104
 -214700.0    -4.584
 -214600.0    -4.584
 -214500.0    -4.584
 -214400.0    -4.656
 -214300.0    -4.728
 -214200.0    -5.172
 -214100.0    -5.616
 -214000.0    -5.616
 -213900.0    -5.616
 -213800.0    -5.616
 -213700.0    -5.616
 -213600.0    -5.844
 -213500.0    -6.072
 -213400.0    -6.204
 -213300.0    -6.336
 -213200.0    -6.336
 -213100.0    -6.336
 -213000.0    -6.336
 -212900.0    -6.336
 -212800.0    -6.324
 -212700.0    -6.312
 -212600.0    -6.312
 -212500.0    -6.312
 -212400.0    -6.312
 -212300.0    -6.312
 -212200.0    -6.192
 -212100.0    -6.072
 -212000.0    -5.928
 -211900.0    -5.784
 -211800.0    -5.784
 -211700.0    -5.784
 -211600.0    -5.784
 -211500.0    -5.784
 -211400.0    -6.696
 -211300.0    -7.608
 -211200.0    -7.608
 -211100.0    -7.608
 -211000.0    -7.608
 -210900.0    -7.608
 -210800.0    -7.620
 -210700.0    -7.632
 -210600.0    -7.704
 -210500.0    -7.776
 -210400.0    -7.776
 -210300.0    -7.776
 -210200.0    -7.776
 -210100.0    -7.776
 -210000.0    -7.680
 -209900.0    -7.584
 -209800.0    -7.416
 -209700.0    -7.248
 -209600.0    -7.248
 -209500.0    -7.248
 -209400.0    -7.248
 -209300.0    -7.248
 -209200.0    -8.676
 -209100.0   -10.104
 -209000.0   -10.632
 -208900.0   -11.160
 -208800.0   -11.160
 -208700.0   -11.160
 -208600.0   -11.160
 -208500.0   -11.160
 -208400.0   -10.896
 -208300.0   -10.632
 -208200.0    -9.180
 -208100.0    -7.728
 -208000.0    -7.728
 -207900.0    -7.728
 -207800.0    -7.728
 -207700.0    -7.728
 -207600.0    -7.320
 -207500.0    -6.912
 -207400.0    -6.432
 -207300.0    -5.952
 -207200.0    -5.952
 -207100.0    -5.952
 -207000.0    -5.904
 -206900.0    -5.856
 -206800.0    -5.568
 -206700.0    -5.280
 -206600.0    -5.280
 -206500.0    -5.280
 -206400.0    -5.280
 -206300.0    -5.280
 -206200.0    -5.532
 -206100.0    -5.784
 -206000.0    -5.784
 -205900.0    -5.784
 -205800.0    -5.784
 -205700.0    -5.784
 -205600.0    -6.792
 -205500.0    -7.800
 -205400.0    -8.040
 -205300.0    -8.280
 -205200.0    -8.280
 -205100.0    -8.280
 -205000.0    -8.148
 -204900.0    -8.016
 -204800.0    -7.008
 -204700.0    -6.000
 -204600.0    -6.000
 -204500.0    -6.000
 -204400.0    -6.000
 -204300.0    -6.000
 -204200.0    -5.892
 -204100.0    -5.784
 -204000.0    -5.772
 -203900.0    -5.760
 -203800.0    -5.760
 -203700.0    -5.760
 -203600.0    -5.424
 -203500.0    -5.088
 -203400.0    -5.004
 -203300.0    -4.920
 -203200.0    -4.920
 -203100.0    -4.920
 -203000.0    -4.920
 -202900.0    -4.920
 -202800.0    -4.920
 -202700.0    -4.920
 -202600.0    -4.920
 -202500.0    -4.920
 -202400.0    -5.088
 -202300.0    -5.256
 -202200.0    -5.268
 -202100.0    -5.280
 -202000.0    -5.280
 -201900.0    -5.280
 -201800.0    -7.140
 -201700.0    -9.000
 -201600.0    -9.096
 -201500.0    -9.192
 -201400.0    -9.192
 -201300.0    -9.192
 -201200.0    -9.000
 -201100.0    -8.808
 -201000.0    -8.196
 -200900.0    -7.584
 -200800.0    -7.584
 -200700.0    -7.584
 -200600.0    -7.584
 -200500.0    -7.584
 -200400.0    -6.156
 -200300.0    -4.728
 -200200.0    -4.548
 -200100.0    -4.368
 -200000.0    -4.380
 -199900.0    -4.392
 -199800.0    -4.428
 -199700.0    -4.464
 -199600.0    -4.464
 -199500.0    -4.464
 -199400.0    -4.536
 -199300.0    -4.608
 -199200.0    -4.704
 -199100.0    -4.800
 -199000.0    -4.800
 -198900.0    -4.800
 -198800.0    -4.512
 -198700.0    -4.224
 -198600.0    -4.068
 -198500.0    -3.912
 -198400.0    -3.936
 -198300.0    -3.960
 -198200.0    -4.644
 -198100.0    -5.328
 -198000.0    -5.328
 -197900.0    -5.328
 -197800.0    -5.400
 -197700.0    -5.472
 -197600.0    -5.700
 -197500.0    -5.928
 -197400.0    -5.928
 -197300.0    -5.928
 -197200.0    -5.868
 -197100.0    -5.808
 -197000.0    -5.676
 -196900.0    -5.544
 -196800.0    -5.544
 -196700.0    -5.544
 -196600.0    -5.772
 -196500.0    -6.000
 -196400.0    -6.204
 -196300.0    -6.408
 -196200.0    -6.408
 -196100.0    -6.408
 -196000.0    -6.348
 -195900.0    -6.288
 -195800.0    -6.252
 -195700.0    -6.216
 -195600.0    -6.216
 -195500.0    -6.216
 -195400.0    -5.964
 -195300.0    -5.712
 -195200.0    -5.616
 -195100.0    -5.520
 -195000.0    -5.520
 -194900.0    -5.520
 -194800.0    -7.056
 -194700.0    -8.592
 -194600.0    -8.616
 -194500.0    -8.640
 -194400.0    -8.640
 -194300.0    -8.640
 -194200.0    -8.508
 -194100.0    -8.376
 -194000.0    -8.316
 -193900.0    -8.256
 -193800.0    -8.256
 -193700.0    -8.256
 -193600.0    -8.292
 -193500.0    -8.328
 -193400.0    -8.364
 -193300.0    -8.400
 -193200.0    -8.400
 -193100.0    -8.400
 -193000.0    -8.088
 -192900.0    -7.776
 -192800.0    -7.224
 -192700.0    -6.672
 -192600.0    -6.672
 -192500.0    -6.672
 -192400.0    -6.540
 -192300.0    -6.408
 -192200.0    -6.288
 -192100.0    -6.168
 -192000.0    -6.168
 -191900.0    -6.168
 -191800.0    -6.480
 -191700.0    -6.792
 -191600.0    -6.888
 -191500.0    -6.984
 -191400.0    -6.984
 -191300.0    -6.984
 -191200.0    -6.528
 -191100.0    -6.072
 -191000.0    -6.024
 -190900.0    -5.976
 -190800.0    -5.964
 -190700.0    -5.952
 -190600.0    -5.904
 -190500.0    -5.856
 -190400.0    -5.856
 -190300.0    -5.856
 -190200.0    -6.048
 -190100.0    -6.240
 -190000.0    -6.360
 -189900.0    -6.480
 -189800.0    -6.480
 -189700.0    -6.480
 -189600.0    -6.084
 -189500.0    -5.688
 -189400.0    -5.640
 -189300.0    -5.592
 -189200.0    -5.412
 -189100.0    -5.232
 -189000.0    -4.872
 -188900.0    -4.512
 -188800.0    -4.512
 -188700.0    -4.512
 -188600.0    -4.644
 -188500.0    -4.776
 -188400.0    -4.776
 -188300.0    -4.776
 -188200.0    -4.860
 -188100.0    -4.944
 -188000.0    -5.004
 -187900.0    -5.064
 -187800.0    -5.160
 -187700.0    -5.256
 -187600.0    -5.868
 -187500.0    -6.480
 -187400.0    -6.480
 -187300.0    -6.480
 -187200.0    -6.396
 -187100.0    -6.312
 -187000.0    -6.228
 -186900.0    -6.144
 -186800.0    -6.144
 -186700.0    -6.144
 -186600.0    -5.988
 -186500.0    -5.832
 -186400.0    -5.832
 -186300.0    -5.832
 -186200.0    -5.532
 -186100.0    -5.232
 -186000.0    -4.920
 -185900.0    -4.608
 -185800.0    -3.648
 -185700.0    -2.688
 -185600.0     1.272
 -185500.0     5.232
 -185400.0    -0.648
 -185300.0    -6.528
 -185200.0    -6.996
 -185100.0    -7.464
 -185000.0    -6.912
 -184900.0    -6.360
 -184800.0    -4.644
 -184700.0    -2.928
 -184600.0    -2.484
 -184500.0    -2.040
 -184400.0    -0.372
 -184300.0     1.296
 -184200.0    -2.280
 -184100.0    -5.856
 -184000.0    -7.872
 -183900.0    -9.888
 -183800.0    -9.888
 -183700.0    -9.888
 -183600.0    -9.156
 -183500.0    -8.424
 -183400.0    -7.944
 -183300.0    -7.464
 -183200.0    -7.464
 -183100.0    -7.464
 -183000.0    -7.308
 -182900.0    -7.152
 -182800.0    -7.152
 -182700.0    -7.152
 -182600.0    -7.308
 -182500.0    -7.464
 -182400.0    -7.656
 -182300.0    -7.848
 -182200.0    -7.848
 -182100.0    -7.848
 -182000.0   -10.008
 -181900.0   -12.168
 -181800.0   -12.672
 -181700.0   -13.176
 -181600.0   -13.176
 -181500.0   -13.176
 -181400.0   -12.912
 -181300.0   -12.648
 -181200.0   -11.664
 -181100.0   -10.680
 -181000.0   -10.680
 -180900.0   -10.680
 -180800.0   -10.620
 -180700.0   -10.560
 -180600.0   -10.176
 -180500.0    -9.792
 -180400.0    -9.792
 -180300.0    -9.792
 -180200.0   -10.092
 -180100.0   -10.392
 -180000.0   -11.352
 -179900.0   -12.312
 -179800.0   -12.312
 -179700.0   -12.312
 -179600.0   -12.312
 -179500.0   -12.312
 -179400.0   -11.436
 -179300.0   -10.560
 -179200.0   -10.452
 -179100.0   -10.344
 -179000.0   -10.344
 -178900.0   -10.344
 -178800.0    -9.420
 -178700.0    -8.496
 -178600.0    -8.424
 -178500.0    -8.352
 -178400.0    -8.844
 -178300.0    -9.336
 -178200.0   -10.392
 -178100.0   -11.448
 -178000.0   -11.448
 -177900.0   -11.448
 -177800.0   -11.376
 -177700.0   -11.304
 -177600.0   -11.004
 -177500.0   -10.704
 -177400.0   -10.704
 -177300.0   -10.704
 -177200.0   -10.824
 -177100.0   -10.944
 -177000.0   -11.352
 -176900.0   -11.760
 -176800.0   -11.760
 -176700.0   -11.760
 -176600.0   -11.604
 -176500.0   -11.448
 -176400.0    -9.888
 -176300.0    -8.328
 -176200.0    -8.328
 -176100.0    -8.328
 -176000.0    -7.824
 -175900.0    -7.320
 -175800.0    -6.912
 -175700.0    -6.504
 -175600.0    -6.948
 -175500.0    -7.392
 -175400.0    -8.508
 -175300.0    -9.624
 -175200.0    -9.624
 -175100.0    -9.624
 -175000.0    -8.328
 -174900.0    -7.032
 -174800.0    -6.072
 -174700.0    -5.112
 -174600.0    -3.456
 -174500.0    -1.800
 -174400.0    -0.576
 -174300.0     0.648
 -174200.0    -1.872
 -174100.0    -4.392
 -174000.0    -4.656
 -173900.0    -4.920
 -173800.0    -6.168
 -173700.0    -7.416
 -173600.0    -7.416
 -173500.0    -7.416
 -173400.0    -6.372
 -173300.0    -5.328
 -173200.0    -5.148
 -173100.0    -4.968
 -173000.0    -0.192
 -172900.0     4.584
 -172800.0     5.772
 -172700.0     6.960
 -172600.0     5.868
 -172500.0     4.776
 -172400.0    -0.924
 -172300.0    -6.624
 -172200.0    -8.352
 -172100.0   -10.080
 -172000.0    -9.900
 -171900.0    -9.720
 -171800.0    -8.484
 -171700.0    -7.248
 -171600.0    -7.248
 -171500.0    -7.248
 -171400.0    -7.332
 -171300.0    -7.416
 -171200.0    -7.428
 -171100.0    -7.440
 -171000.0    -7.416
 -170900.0    -7.392
 -170800.0    -7.380
 -170700.0    -7.368
 -170600.0    -7.440
 -170500.0    -7.512
 -170400.0    -7.584
 -170300.0    -7.656
 -170200.0    -7.680
 -170100.0    -7.704
 -170000.0    -7.764
 -169900.0    -7.824
 -169800.0    -7.800
 -169700.0    -7.776
 -169600.0    -6.744
 -169500.0    -5.712
 -169400.0    -5.748
 -169300.0    -5.784
 -169200.0    -6.348
 -169100.0    -6.912
 -169000.0    -6.912
 -168900.0    -6.912
 -168800.0    -7.572
 -168700.0    -8.232
 -168600.0    -8.256
 -168500.0    -8.280
 -168400.0    -7.620
 -168300.0    -6.960
 -168200.0    -6.684
 -168100.0    -6.408
 -168000.0    -6.048
 -167900.0    -5.688
 -167800.0    -5.532
 -167700.0    -5.376
 -167600.0    -6.072
 -167500.0    -6.768
 -167400.0    -6.924
 -167300.0    -7.080
 -167200.0    -8.064
 -167100.0    -9.048
 -167000.0    -9.384
 -166900.0    -9.720
 -166800.0    -9.288
 -166700.0    -8.856
 -166600.0    -8.040
 -166500.0    -7.224
 -166400.0    -7.020
 -166300.0    -6.816
 -166200.0    -6.300
 -166100.0    -5.784
 -166000.0    -6.096
 -165900.0    -6.408
 -165800.0    -6.876
 -165700.0    -7.344
 -165600.0    -7.140
 -165500.0    -6.936
 -165400.0    -6.552
 -165300.0    -6.168
 -165200.0    -6.540
 -165100.0    -6.912
 -165000.0    -7.380
 -164900.0    -7.848
 -164800.0    -8.388
 -164700.0    -8.928
 -164600.0    -9.900
 -164500.0   -10.872
 -164400.0   -10.872
 -164300.0   -10.872
 -164200.0   -10.548
 -164100.0   -10.224
 -164000.0   -10.176
 -163900.0   -10.128
 -163800.0   -10.476
 -163700.0   -10.824
 -163600.0   -11.172
 -163500.0   -11.520
 -163400.0   -11.520
 -163300.0   -11.520
 -163200.0   -10.584
 -163100.0    -9.648
 -163000.0    -9.588
 -162900.0    -9.528
 -162800.0    -9.156
 -162700.0    -8.784
 -162600.0    -8.604
 -162500.0    -8.424
 -162400.0    -9.336
 -162300.0   -10.248
 -162200.0   -10.920
 -162100.0   -11.592
 -162000.0   -11.616
 -161900.0   -11.640
 -161800.0   -12.180
 -161700.0   -12.720
 -161600.0   -12.720
 -161500.0   -12.720
 -161400.0   -12.624
 -161300.0   -12.528
 -161200.0   -12.360
 -161100.0   -12.192
 -161000.0   -12.192
 -160900.0   -12.192
 -160800.0   -12.504
 -160700.0   -12.816
 -160600.0   -12.912
 -160500.0   -13.008
 -160400.0   -12.948
 -160300.0   -12.888
 -160200.0   -11.988
 -160100.0   -11.088
 -160000.0   -11.088
 -159900.0   -11.088
 -159800.0   -11.292
 -159700.0   -11.496
 -159600.0   -11.592
 -159500.0   -11.688
 -159400.0   -11.688
 -159300.0   -11.688
 -159200.0   -11.688
 -159100.0   -11.688
 -159000.0   -11.688
 -158900.0   -11.688
 -158800.0    -8.940
 -158700.0    -6.192
 -158600.0    -5.832
 -158500.0    -5.472
 -158400.0    -8.868
 -158300.0   -12.264
 -158200.0   -12.264
 -158100.0   -12.264
 -158000.0   -12.672
 -157900.0   -13.080
 -157800.0   -13.296
 -157700.0   -13.512
 -157600.0   -13.512
 -157500.0   -13.512
 -157400.0   -13.608
 -157300.0   -13.704
 -157200.0   -13.704
 -157100.0   -13.704
 -157000.0   -13.356
 -156900.0   -13.008
 -156800.0   -11.844
 -156700.0   -10.680
 -156600.0   -10.680
 -156500.0   -10.680
 -156400.0   -10.488
 -156300.0   -10.296
 -156200.0   -10.296
 -156100.0   -10.296
 -156000.0   -10.608
 -155900.0   -10.920
 -155800.0   -11.004
 -155700.0   -11.088
 -155600.0   -11.628
 -155500.0   -12.168
 -155400.0   -12.732
 -155300.0   -13.296
 -155200.0   -13.296
 -155100.0   -13.296
 -155000.0   -12.852
 -154900.0   -12.408
 -154800.0   -12.360
 -154700.0   -12.312
 -154600.0   -12.252
 -154500.0   -12.192
 -154400.0   -12.120
 -154300.0   -12.048
 -154200.0   -11.748
 -154100.0   -11.448
 -154000.0    -7.872
 -153900.0    -4.296
 -153800.0    -6.264
 -153700.0    -8.232
 -153600.0    -9.648
 -153500.0   -11.064
 -153400.0   -11.160
 -153300.0   -11.256
 -153200.0   -11.436
 -153100.0   -11.616
 -153000.0   -11.616
 -152900.0   -11.616
 -152800.0   -11.688
 -152700.0   -11.760
 -152600.0   -11.760
 -152500.0   -11.760
 -152400.0   -11.460
 -152300.0   -11.160
 -152200.0   -11.064
 -152100.0   -10.968
 -152000.0   -11.112
 -151900.0   -11.256
 -151800.0   -11.352
 -151700.0   -11.448
 -151600.0   -11.532
 -151500.0   -11.616
 -151400.0   -11.760
 -151300.0   -11.904
 -151200.0   -11.916
 -151100.0   -11.928
 -151000.0   -12.000
 -150900.0   -12.072
 -150800.0   -12.072
 -150700.0   -12.072
 -150600.0   -11.856
 -150500.0   -11.640
 -150400.0   -11.580
 -150300.0   -11.520
 -150200.0   -11.952
 -150100.0   -12.384
 -150000.0   -12.708
 -149900.0   -13.032
 -149800.0   -13.068
 -149700.0   -13.104
 -149600.0   -13.296
 -149500.0   -13.488
 -149400.0   -13.488
 -149300.0   -13.488
 -149200.0   -13.596
 -149100.0   -13.704
 -149000.0   -13.752
 -148900.0   -13.800
 -148800.0   -13.656
 -148700.0   -13.512
 -148600.0   -13.020
 -148500.0   -12.528
 -148400.0   -12.528
 -148300.0   -12.528
 -148200.0   -12.816
 -148100.0   -13.104
 -148000.0   -13.128
 -147900.0   -13.152
 -147800.0   -13.128
 -147700.0   -13.104
 -147600.0   -13.080
 -147500.0   -13.056
 -147400.0   -13.044
 -147300.0   -13.032
 -147200.0   -12.996
 -147100.0   -12.960
 -147000.0   -12.960
 -146900.0   -12.960
 -146800.0   -13.980
 -146700.0   -15.000
 -146600.0   -15.144
 -146500.0   -15.288
 -146400.0   -15.060
 -146300.0   -14.832
 -146200.0   -14.028
 -146100.0   -13.224
 -146000.0   -13.224
 -145900.0   -13.224
 -145800.0   -13.080
 -145700.0   -12.936
 -145600.0   -12.912
 -145500.0   -12.888
 -145400.0   -13.308
 -145300.0   -13.728
 -145200.0   -13.992
 -145100.0   -14.256
 -145000.0   -14.340
 -144900.0   -14.424
 -144800.0   -14.892
 -144700.0   -15.360
 -144600.0   -15.360
 -144500.0   -15.360
 -144400.0   -14.100
 -144300.0   -12.840
 -144200.0   -11.724
 -144100.0   -10.608
 -144000.0   -10.632
 -143900.0   -10.656
 -143800.0   -10.680
 -143700.0   -10.704
 -143600.0   -10.728
 -143500.0   -10.752
 -143400.0   -10.776
 -143300.0   -10.800
 -143200.0   -10.596
 -143100.0   -10.392
 -143000.0   -10.284
 -142900.0   -10.176
 -142800.0   -10.452
 -142700.0   -10.728
 -142600.0   -10.824
 -142500.0   -10.920
 -142400.0   -10.260
 -142300.0    -9.600
 -142200.0    -9.468
 -142100.0    -9.336
 -142000.0   -10.764
 -141900.0   -12.192
 -141800.0   -12.192
 -141700.0   -12.192
 -141600.0   -12.360
 -141500.0   -12.528
 -141400.0   -12.540
 -141300.0   -12.552
 -141200.0   -12.672
 -141100.0   -12.792
 -141000.0   -12.816
 -140900.0   -12.840
 -140800.0   -12.276
 -140700.0   -11.712
 -140600.0   -11.400
 -140500.0   -11.088
 -140400.0   -11.448
 -140300.0   -11.808
 -140200.0   -11.964
 -140100.0   -12.120
 -140000.0   -12.024
 -139900.0   -11.928
 -139800.0   -11.880
 -139700.0   -11.832
 -139600.0   -11.328
 -139500.0   -10.824
 -139400.0   -10.560
 -139300.0   -10.296
 -139200.0    -9.996
 -139100.0    -9.696
 -139000.0    -9.684
 -138900.0    -9.672
 -138800.0   -10.116
 -138700.0   -10.560
 -138600.0   -10.356
 -138500.0   -10.152
 -138400.0    -9.612
 -138300.0    -9.072
 -138200.0    -9.120
 -138100.0    -9.168
 -138000.0    -9.192
 -137900.0    -9.216
 -137800.0    -7.008
 -137700.0    -4.800
 -137600.0    -4.476
 -137500.0    -4.152
 -137400.0    -4.212
 -137300.0    -4.272
 -137200.0    -3.708
 -137100.0    -3.144
 -137000.0    -2.160
 -136900.0    -1.176
 -136800.0    -4.308
 -136700.0    -7.440
 -136600.0    -7.512
 -136500.0    -7.584
 -136400.0    -8.520
 -136300.0    -9.456
 -136200.0   -10.620
 -136100.0   -11.784
 -136000.0   -11.820
 -135900.0   -11.856
 -135800.0   -11.892
 -135700.0   -11.928
 -135600.0    -9.948
 -135500.0    -7.968
 -135400.0    -6.492
 -135300.0    -5.016
 -135200.0    -4.692
 -135100.0    -4.368
 -135000.0    -6.324
 -134900.0    -8.280
 -134800.0    -7.440
 -134700.0    -6.600
 -134600.0    -5.964
 -134500.0    -5.328
 -134400.0    -4.620
 -134300.0    -3.912
 -134200.0    -2.808
 -134100.0    -1.704
 -134000.0    -2.664
 -133900.0    -3.624
 -133800.0    -6.768
 -133700.0    -9.912
 -133600.0    -9.756
 -133500.0    -9.600
 -133400.0    -9.468
 -133300.0    -9.336
 -133200.0    -6.168
 -133100.0    -3.000
 -133000.0    -3.672
 -132900.0    -4.344
 -132800.0    -3.264
 -132700.0    -2.184
 -132600.0     1.464
 -132500.0     5.112
 -132400.0     6.000
 -132300.0     6.888
 -132200.0     2.952
 -132100.0    -0.984
 -132000.0    -4.800
 -131900.0    -8.616
 -131800.0    -8.532
 -131700.0    -8.448
 -131600.0    -6.792
 -131500.0    -5.136
 -131400.0    -0.720
 -131300.0     3.696
 -131200.0     5.076
 -131100.0     6.456
 -131000.0     5.412
 -130900.0     4.368
 -130800.0     0.552
 -130700.0    -3.264
 -130600.0    -2.436
 -130500.0    -1.608
 -130400.0    -1.140
 -130300.0    -0.672
 -130200.0     1.464
 -130100.0     3.600
 -130000.0     1.500
 -129900.0    -0.600
 -129800.0     1.008
 -129700.0     2.616
 -129600.0     4.704
 -129500.0     6.792
 -129400.0     6.648
 -129300.0     6.504
 -129200.0     6.540
 -129100.0     6.576
 -129000.0     3.996
 -128900.0     1.416
 -128800.0    -0.360
 -128700.0    -2.136
 -128600.0     1.188
 -128500.0     4.512
 -128400.0     5.736
 -128300.0     6.960
 -128200.0     7.176
 -128100.0     7.392
 -128000.0     7.212
 -127900.0     7.032
 -127800.0     6.780
 -127700.0     6.528
 -127600.0     5.760
 -127500.0     4.992
 -127400.0     5.580
 -127300.0     6.168
 -127200.0     6.516
 -127100.0     6.864
 -127000.0     6.744
 -126900.0     6.624
 -126800.0     4.104
 -126700.0     1.584
 -126600.0    -1.428
 -126500.0    -4.440
 -126400.0    -5.556
 -126300.0    -6.672
 -126200.0    -6.768
 -126100.0    -6.864
 -126000.0    -6.540
 -125900.0    -6.216
 -125800.0    -6.228
 -125700.0    -6.240
 -125600.0    -6.204
 -125500.0    -6.168
 -125400.0    -6.468
 -125300.0    -6.768
 -125200.0    -6.108
 -125100.0    -5.448
 -125000.0    -5.338
 -124900.0    -5.088
 -124800.0    -5.301
 -124700.0    -5.624
 -124600.0    -5.207
 -124500.0    -4.652
 -124400.0    -3.575
 -124300.0    -3.252
 -124200.0    -3.652
 -124100.0    -4.321
 -124000.0    -5.027
 -123900.0    -5.290
 -123800.0    -5.572
 -123700.0    -5.919
 -123600.0    -5.854
 -123500.0    -5.027
 -123400.0    -4.576
 -123300.0    -4.365
 -123200.0    -4.420
 -123100.0    -4.450
 -123000.0    -4.249
 -122900.0    -4.304
 -122800.0    -4.597
 -122700.0    -4.232
 -122600.0    -3.790
 -122500.0    -3.775
 -122400.0    -3.483
 -122300.0    -2.944
 -122200.0    -2.972
 -122100.0    -3.356
 -122000.0    -4.247
 -121900.0    -4.881
 -121800.0    -5.419
 -121700.0    -5.438
 -121600.0    -5.208
 -121500.0    -4.283
 -121400.0    -3.751
 -121300.0    -3.462
 -121200.0    -3.539
 -121100.0    -2.737
 -121000.0    -1.217
 -120900.0    -1.133
 -120800.0    -0.866
 -120700.0    -0.481
 -120600.0    -0.022
 -120500.0     0.888
 -120400.0     0.853
 -120300.0     0.085
 -120200.0    -0.882
 -120100.0    -0.917
 -120000.0    -0.501
 -119900.0     0.862
 -119800.0     5.502
 -119700.0     6.254
 -119600.0     5.654
 -119500.0     4.990
 -119400.0     5.217
 -119300.0     6.306
 -119200.0     6.708
 -119100.0     4.816
 -119000.0     3.266
 -118900.0     4.884
 -118800.0     6.424
 -118700.0     4.563
 -118600.0    -0.551
 -118500.0    -5.067
 -118400.0    -8.790
 -118300.0    -7.632
 -118200.0    -6.954
 -118100.0    -6.940
 -118000.0    -7.454
 -117900.0    -8.193
 -117800.0    -8.076
 -117700.0    -7.807
 -117600.0    -7.530
 -117500.0    -7.080
 -117400.0    -6.280
 -117300.0    -5.190
 -117200.0    -3.826
 -117100.0    -1.967
 -117000.0    -0.957
 -116900.0    -0.403
 -116800.0    -0.229
 -116700.0    -0.373
 -116600.0    -0.807
 -116500.0    -1.330
 -116400.0    -1.256
 -116300.0    -0.958
 -116200.0    -1.175
 -116100.0    -1.156
 -116000.0     0.244
 -115900.0     1.295
 -115800.0     2.417
 -115700.0     4.761
 -115600.0     5.546
 -115500.0     0.011
 -115400.0     7.440
 -115300.0     6.240
 -115200.0     2.230
 -115100.0     1.358
 -115000.0     1.568
 -114900.0     1.404
 -114800.0     0.604
 -114700.0    -0.155
 -114600.0     0.395
 -114500.0     1.574
 -114400.0     2.414
 -114300.0     3.191
 -114200.0     3.255
 -114100.0     1.896
 -114000.0     1.440
 -113900.0     1.625
 -113800.0     0.052
 -113700.0    -3.604
 -113600.0    -6.436
 -113500.0    -7.279
 -113400.0    -6.280
 -113300.0    -6.598
 -113200.0    -6.829
 -113100.0    -6.982
 -113000.0    -6.886
 -112900.0    -7.541
 -112800.0    -8.888
 -112700.0    -9.223
 -112600.0    -9.309
 -112500.0    -9.267
 -112400.0    -9.316
 -112300.0    -9.522
 -112200.0    -9.890
 -112100.0   -10.357
 -112000.0   -10.082
 -111900.0    -9.601
 -111800.0    -9.643
 -111700.0    -9.631
 -111600.0    -9.491
 -111500.0    -7.527
 -111400.0    -5.186
 -111300.0    -5.673
 -111200.0    -7.495
 -111100.0    -9.304
 -111000.0   -10.358
 -110900.0   -10.907
 -110800.0   -10.433
 -110700.0    -9.960
 -110600.0    -9.489
 -110500.0    -9.381
 -110400.0    -9.442
 -110300.0    -9.922
 -110200.0    -9.960
 -110100.0    -9.500
 -110000.0    -9.488
 -109900.0    -9.662
 -109800.0   -10.325
 -109700.0   -10.711
 -109600.0   -10.506
 -109500.0    -9.875
 -109400.0    -8.909
 -109300.0    -9.124
 -109200.0    -9.267
 -109100.0    -9.208
 -109000.0    -8.443
 -108900.0    -7.580
 -108800.0    -7.120
 -108700.0    -7.693
 -108600.0    -7.703
 -108500.0    -6.488
 -108400.0    -7.299
 -108300.0    -7.344
 -108200.0    -6.993
 -108100.0    -7.576
 -108000.0    -8.184
 -107900.0    -8.449
 -107800.0    -7.472
 -107700.0    -7.052
 -107600.0    -6.990
 -107500.0    -7.198
 -107400.0    -7.163
 -107300.0    -7.295
 -107200.0    -7.393
 -107100.0    -7.237
 -107000.0    -7.093
 -106900.0    -7.485
 -106800.0    -8.149
 -106700.0    -7.858
 -106600.0    -7.200
 -106500.0    -6.855
 -106400.0    -7.146
 -106300.0    -6.556
 -106200.0    -6.478
 -106100.0    -5.958
 -106000.0    -4.711
 -105900.0    -3.410
 -105800.0    -1.978
 -105700.0    -1.627
 -105600.0    -2.275
 -105500.0    -4.408
 -105400.0    -6.555
 -105300.0    -8.335
 -105200.0    -9.759
 -105100.0    -9.920
 -105000.0    -9.599
 -104900.0    -8.659
 -104800.0    -5.368
 -104700.0    -4.765
 -104600.0    -6.480
 -104500.0    -8.689
 -104400.0   -10.239
 -104300.0    -8.762
 -104200.0    -6.908
 -104100.0    -6.881
 -104000.0    -9.374
 -103900.0    -8.066
 -103800.0    -5.045
 -103700.0    -3.665
 -103600.0    -3.547
 -103500.0    -2.357
 -103400.0    -1.934
 -103300.0    -2.948
 -103200.0    -2.869
 -103100.0    -3.914
 -103000.0    -4.570
 -102900.0    -4.166
 -102800.0    -3.037
 -102700.0    -1.979
 -102600.0    -2.819
 -102500.0    -3.099
 -102400.0    -3.188
 -102300.0    -2.855
 -102200.0    -3.985
 -102100.0    -3.963
 -102000.0    -3.739
 -101900.0    -4.895
 -101800.0    -4.068
 -101700.0    -4.328
 -101600.0    -4.539
 -101500.0    -4.496
 -101400.0    -5.131
 -101300.0    -5.306
 -101200.0    -4.675
 -101100.0    -4.261
 -101000.0    -4.659
 -100900.0    -5.190
 -100800.0    -4.957
 -100700.0    -4.685
 -100600.0    -4.949
 -100500.0    -6.020
 -100400.0    -5.513
 -100300.0    -6.189
 -100200.0    -5.570
 -100100.0    -5.966
 -100000.0    -6.159
  -99900.0    -6.329
  -99800.0    -6.537
  -99700.0    -6.983
  -99600.0    -7.313
  -99500.0    -6.904
  -99400.0    -6.908
  -99300.0    -7.640
  -99200.0    -6.864
  -99100.0    -7.218
  -99000.0    -7.164
  -98900.0    -6.569
  -98800.0    -6.357
  -98700.0    -6.810
  -98600.0    -7.162
  -98500.0    -6.843
  -98400.0    -7.600
  -98300.0    -6.910
  -98200.0    -7.911
  -98100.0    -7.050
  -98000.0    -7.681
  -97900.0    -8.621
  -97800.0    -8.398
  -97700.0    -8.304
  -97600.0    -8.304
  -97500.0    -8.632
  -97400.0    -8.532
  -97300.0    -8.520
  -97200.0    -8.614
  -97100.0    -8.600
  -97000.0    -9.210
  -96900.0    -8.191
  -96800.0    -8.379
  -96700.0    -8.689
  -96600.0    -9.175
  -96500.0    -9.862
  -96400.0   -10.197
  -96300.0    -9.414
  -96200.0    -9.154
  -96100.0    -9.949
  -96000.0   -11.020
  -95900.0    -9.165
  -95800.0    -8.339
  -95700.0    -8.849
  -95600.0    -9.673
  -95500.0    -9.924
  -95400.0    -9.435
  -95300.0    -9.958
  -95200.0    -9.984
  -95100.0    -9.745
  -95000.0    -9.694
  -94900.0    -9.756
  -94800.0    -9.451
  -94700.0    -9.880
  -94600.0    -9.762
  -94500.0    -9.169
  -94400.0    -9.578
  -94300.0   -10.455
  -94200.0    -9.875
  -94100.0   -10.853
  -94000.0   -10.617
  -93900.0   -10.350
  -93800.0   -10.502
  -93700.0   -10.896
  -93600.0   -10.608
  -93500.0   -10.679
  -93400.0   -10.643
  -93300.0   -10.445
  -93200.0   -10.460
  -93100.0   -10.262
  -93000.0   -10.538
  -92900.0   -11.263
  -92800.0   -11.706
  -92700.0   -10.051
  -92600.0   -11.019
  -92500.0   -11.630
  -92400.0   -11.751
  -92300.0   -11.309
  -92200.0   -11.098
  -92100.0   -10.967
  -92000.0   -11.194
  -91900.0   -11.718
  -91800.0   -12.379
  -91700.0   -11.247
  -91600.0   -11.195
  -91500.0   -11.316
  -91400.0   -10.886
  -91300.0   -10.543
  -91200.0   -10.672
  -91100.0   -11.488
  -91000.0   -11.575
  -90900.0   -10.795
  -90800.0   -10.889
  -90700.0   -11.456
  -90600.0   -11.490
  -90500.0   -11.375
  -90400.0   -11.552
  -90300.0   -12.469
  -90200.0   -12.074
  -90100.0   -11.363
  -90000.0   -11.102
  -89900.0   -11.253
  -89800.0   -10.002
  -89700.0   -10.296
  -89600.0   -10.242
  -89500.0   -10.702
  -89400.0   -11.202
  -89300.0   -11.044
  -89200.0   -10.280
  -89100.0   -10.583
  -89000.0    -9.867
  -88900.0   -10.167
  -88800.0    -9.741
  -88700.0   -10.384
  -88600.0    -8.277
  -88500.0    -7.681
  -88400.0    -8.226
  -88300.0    -6.802
  -88200.0    -7.464
  -88100.0    -6.396
  -88000.0    -6.970
  -87900.0    -7.120
  -87800.0    -7.422
  -87700.0    -7.533
  -87600.0    -6.777
  -87500.0    -7.612
  -87400.0    -8.672
  -87300.0    -9.498
  -87200.0    -8.470
  -87100.0    -7.610
  -87000.0    -7.572
  -86900.0    -8.129
  -86800.0    -8.180
  -86700.0    -8.842
  -86600.0    -9.002
  -86500.0    -8.856
  -86400.0   -10.253
  -86300.0   -10.578
  -86200.0    -8.827
  -86100.0    -9.926
  -86000.0   -12.935
  -85900.0   -13.638
  -85800.0   -14.075
  -85700.0   -14.465
  -85600.0   -13.779
  -85500.0   -13.129
  -85400.0   -12.634
  -85300.0   -12.728
  -85200.0   -13.875
  -85100.0   -12.163
  -85000.0   -12.168
  -84900.0   -12.615
  -84800.0   -12.210
  -84700.0   -11.018
  -84600.0   -11.448
  -84500.0   -11.499
  -84400.0   -10.555
  -84300.0   -11.194
  -84200.0   -11.148
  -84100.0    -9.879
  -84000.0   -10.083
  -83900.0    -8.814
  -83800.0   -10.228
  -83700.0    -8.299
  -83600.0   -10.171
  -83500.0    -9.773
  -83400.0    -8.231
  -83300.0    -6.203
  -83200.0    -8.384
  -83100.0   -10.089
  -83000.0    -2.829
  -82900.0    -1.808
  -82800.0    -2.890
  -82700.0    -2.888
  -82600.0    -4.285
  -82500.0    -4.562
  -82400.0    -4.484
  -82300.0    -3.395
  -82200.0    -3.261
  -82100.0    -4.330
  -82000.0    -4.008
  -81900.0    -3.329
  -81800.0    -3.394
  -81700.0    -4.176
  -81600.0    -5.280
  -81500.0    -5.458
  -81400.0    -5.813
  -81300.0    -4.435
  -81200.0    -3.432
  -81100.0    -5.029
  -81000.0    -6.040
  -80900.0    -5.278
  -80800.0    -4.941
  -80700.0    -5.206
  -80600.0    -5.493
  -80500.0    -5.547
  -80400.0    -7.017
  -80300.0    -6.446
  -80200.0    -5.687
  -80100.0    -5.326
  -80000.0    -5.696
  -79900.0    -5.954
  -79800.0    -5.526
  -79700.0    -5.424
  -79600.0    -6.055
  -79500.0    -5.394
  -79400.0    -6.086
  -79300.0    -6.271
  -79200.0    -6.178
  -79100.0    -6.798
  -79000.0    -7.056
  -78900.0    -7.269
  -78800.0    -7.081
  -78700.0    -7.426
  -78600.0    -6.919
  -78500.0    -6.511
  -78400.0    -8.189
  -78300.0    -9.418
  -78200.0    -8.275
  -78100.0    -9.055
  -78000.0    -8.764
  -77900.0    -9.021
  -77800.0    -8.748
  -77700.0    -9.023
  -77600.0    -9.820
  -77500.0   -10.491
  -77400.0   -10.274
  -77300.0   -10.580
  -77200.0   -11.523
  -77100.0   -10.335
  -77000.0    -7.492
  -76900.0    -9.281
  -76800.0    -7.650
  -76700.0    -7.818
  -76600.0    -7.699
  -76500.0    -9.476
  -76400.0   -10.042
  -76300.0   -10.357
  -76200.0   -10.003
  -76100.0   -11.887
  -76000.0   -11.614
  -75900.0   -11.967
  -75800.0    -9.969
  -75700.0    -8.301
  -75600.0   -10.145
  -75500.0   -11.953
  -75400.0   -13.887
  -75300.0   -15.540
  -75200.0   -17.249
  -75100.0   -17.927
  -75000.0   -16.974
  -74900.0   -17.958
  -74800.0   -18.154
  -74700.0   -17.542
  -74600.0   -18.464
  -74500.0   -18.300
  -74400.0   -16.695
  -74300.0   -16.334
  -74200.0   -16.456
  -74100.0   -16.255
  -74000.0   -10.462
  -73900.0    -2.866
  -73800.0    -6.302
  -73700.0    -5.450
  -73600.0    -5.050
  -73500.0    -5.928
  -73400.0    -5.600
  -73300.0    -6.315
  -73200.0    -6.479
  -73100.0    -5.499
  -73000.0    -6.828
  -72900.0    -7.701
  -72800.0    -7.503
  -72700.0    -8.136
  -72600.0    -7.553
  -72500.0    -8.300
  -72400.0    -8.033
  -72300.0    -9.397
  -72200.0    -8.863
  -72100.0    -9.846
  -72000.0   -10.150
  -71900.0   -10.451
  -71800.0   -10.593
  -71700.0   -10.296
  -71600.0   -13.673
  -71500.0   -16.290
  -71400.0   -19.214
  -71300.0   -19.164
  -71200.0   -19.175
  -71100.0   -19.329
  -71000.0   -18.947
  -70900.0   -19.110
  -70800.0   -20.073
  -70700.0   -19.090
  -70600.0   -18.357
  -70500.0   -19.483
  -70400.0   -19.281
  -70300.0   -18.939
  -70200.0   -19.482
  -70100.0   -19.116
  -70000.0   -18.650
  -69900.0   -19.121
  -69800.0   -18.122
  -69700.0    -8.669
  -69600.0    -2.872
  -69500.0    -3.746
  -69400.0    -4.788
  -69300.0    -5.256
  -69200.0    -5.140
  -69100.0    -6.727
  -69000.0    -7.329
  -68900.0    -7.104
  -68800.0    -6.953
  -68700.0    -8.056
  -68600.0    -8.317
  -68500.0    -8.143
  -68400.0    -8.377
  -68300.0    -8.868
  -68200.0   -10.082
  -68100.0   -11.794
  -68000.0   -11.202
  -67900.0   -13.492
  -67800.0   -13.191
  -67700.0   -15.034
  -67600.0   -16.300
  -67500.0   -17.105
  -67400.0   -19.071
  -67300.0   -17.409
  -67200.0   -16.814
  -67100.0   -16.782
  -67000.0   -11.722
  -66900.0    -8.746
  -66800.0   -12.451
  -66700.0   -15.022
  -66600.0   -16.085
  -66500.0   -17.026
  -66400.0   -15.962
  -66300.0   -15.325
  -66200.0   -15.051
  -66100.0   -15.749
  -66000.0   -16.019
  -65900.0   -17.356
  -65800.0   -17.729
  -65700.0   -16.939
  -65600.0   -16.789
  -65500.0   -15.890
  -65400.0   -16.239
  -65300.0   -15.712
  -65200.0   -17.134
  -65100.0   -17.405
  -65000.0   -17.405
  -64900.0   -17.022
  -64800.0   -15.307
  -64700.0   -15.978
  -64600.0   -16.502
  -64500.0   -16.304
  -64400.0   -15.444
  -64300.0   -16.350
  -64200.0   -14.434
  -64100.0   -15.735
  -64000.0   -16.517
  -63900.0   -15.736
  -63800.0   -15.798
  -63700.0   -15.884
  -63600.0   -15.909
  -63500.0   -16.741
  -63400.0   -17.619
  -63300.0   -16.682
  -63200.0   -17.317
  -63100.0   -18.493
  -63000.0   -17.850
  -62900.0   -17.409
  -62800.0   -16.603
  -62700.0   -15.045
  -62600.0   -13.787
  -62500.0   -15.096
  -62400.0   -15.657
  -62300.0   -16.473
  -62200.0   -16.734
  -62100.0   -17.049
  -62000.0   -16.596
  -61900.0   -16.398
  -61800.0   -15.850
  -61700.0    -9.016
  -61600.0    -7.703
  -61500.0    -7.043
  -61400.0   -13.005
  -61300.0   -13.762
  -61200.0   -14.165
  -61100.0   -13.721
  -61000.0   -13.575
  -60900.0   -14.464
  -60800.0   -14.737
  -60700.0   -17.075
  -60600.0   -16.899
  -60500.0   -16.165
  -60400.0   -15.703
  -60300.0   -16.997
  -60200.0   -16.514
  -60100.0   -16.888
  -60000.0   -15.162
  -59900.0   -17.509
  -59800.0   -13.896
  -59700.0   -14.150
  -59600.0   -15.548
  -59500.0   -16.441
  -59400.0   -16.412
  -59300.0   -15.772
  -59200.0   -15.832
  -59100.0   -15.320
  -59000.0   -14.585
  -58900.0   -15.031
  -58800.0   -12.040
  -58700.0   -14.067
  -58600.0   -11.053
  -58500.0   -13.088
  -58400.0   -14.278
  -58300.0   -13.296
  -58200.0   -12.804
  -58100.0   -13.323
  -58000.0   -12.732
  -57900.0   -15.314
  -57800.0   -15.126
  -57700.0   -14.919
  -57600.0   -16.684
  -57500.0   -13.653
  -57400.0   -13.999
  -57300.0   -14.185
  -57200.0    -9.413
  -57100.0    -3.831
  -57000.0   -12.776
  -56900.0   -12.142
  -56800.0    -4.897
  -56700.0    -3.804
  -56600.0    -6.120
  -56500.0    -7.319
  -56400.0    -6.127
  -56300.0    -9.310
  -56200.0   -13.740
  -56100.0   -13.181
  -56000.0   -11.352
  -55900.0    -7.096
  -55800.0   -10.920
  -55700.0    -5.367
  -55600.0    -6.386
  -55500.0    -6.127
  -55400.0    -6.233
  -55300.0    -7.033
  -55200.0    -9.228
  -55100.0    -8.901
  -55000.0    -8.610
  -54900.0    -8.173
  -54800.0    -8.277
  -54700.0    -8.502
  -54600.0    -9.502
  -54500.0    -9.127
  -54400.0    -9.300
  -54300.0    -9.382
  -54200.0    -9.787
  -54100.0   -12.290
  -54000.0   -16.510
  -53900.0   -13.216
  -53800.0   -12.636
  -53700.0   -15.093
  -53600.0   -13.444
  -53500.0    -8.730
  -53400.0    -6.532
  -53300.0    -8.102
  -53200.0    -7.080
  -53100.0   -13.453
  -53000.0   -14.112
  -52900.0   -15.722
  -52800.0   -13.601
  -52700.0    -6.700
  -52600.0   -13.838
  -52500.0   -12.671
  -52400.0   -14.436
  -52300.0   -16.153
  -52200.0   -14.222
  -52100.0   -13.951
  -52000.0   -14.200
  -51900.0    -7.030
  -51800.0    -4.718
  -51700.0    -9.274
  -51600.0    -3.819
  -51500.0    -6.950
  -51400.0    -7.215
  -51300.0    -6.460
  -51200.0    -6.456
  -51100.0    -7.004
  -51000.0    -6.777
  -50900.0    -6.641
  -50800.0    -7.334
  -50700.0    -7.726
  -50600.0    -7.512
  -50500.0    -7.376
  -50400.0    -7.827
  -50300.0    -7.374
  -50200.0    -7.195
  -50100.0    -7.945
  -50000.0    -8.166
  -49900.0    -8.673
  -49800.0    -7.280
  -49700.0    -7.469
  -49600.0   -10.146
  -49500.0    -8.259
  -49400.0    -8.487
  -49300.0    -7.411
  -49200.0    -9.000
  -49100.0   -11.436
  -49000.0   -10.435
  -48900.0    -9.755
  -48800.0   -10.509
  -48700.0   -10.376
  -48600.0   -10.863
  -48500.0    -9.946
  -48400.0   -11.587
  -48300.0   -11.288
  -48200.0   -10.614
  -48100.0   -11.083
  -48000.0   -11.094
  -47900.0   -10.567
  -47800.0   -11.348
  -47700.0   -11.361
  -47600.0   -12.300
  -47500.0   -10.598
  -47400.0   -11.685
  -47300.0   -11.590
  -47200.0   -10.515
  -47100.0   -10.798
  -47000.0   -11.802
  -46900.0   -12.420
  -46800.0   -14.883
  -46700.0   -10.256
  -46600.0    -8.063
  -46500.0   -12.368
  -46400.0    -8.790
  -46300.0   -10.149
  -46200.0   -11.526
  -46100.0   -11.252
  -46000.0   -11.589
  -45900.0   -11.324
  -45800.0   -14.388
  -45700.0   -14.524
  -45600.0   -15.345
  -45500.0   -14.803
  -45400.0   -16.904
  -45300.0   -15.014
  -45200.0   -16.013
  -45100.0   -15.096
  -45000.0   -13.502
  -44900.0   -13.307
  -44800.0   -14.422
  -44700.0   -14.681
  -44600.0   -15.348
  -44500.0   -14.336
  -44400.0   -14.103
  -44300.0    -3.591
  -44200.0    -4.018
  -44100.0    -6.696
  -44000.0    -3.096
  -43900.0    -6.219
  -43800.0    -6.701
  -43700.0    -5.525
  -43600.0    -6.491
  -43500.0    -7.134
  -43400.0    -7.188
  -43300.0    -8.899
  -43200.0    -8.405
  -43100.0    -6.583
  -43000.0    -7.857
  -42900.0    -9.139
  -42800.0   -11.154
  -42700.0   -11.004
  -42600.0   -10.310
  -42500.0   -11.755
  -42400.0   -11.564
  -42300.0   -11.159
  -42200.0   -11.604
  -42100.0   -11.575
  -42000.0    -8.978
  -41900.0   -10.684
  -41800.0   -14.276
  -41700.0   -14.354
  -41600.0   -16.795
  -41500.0   -15.750
  -41400.0   -15.202
  -41300.0   -15.976
  -41200.0   -17.341
  -41100.0   -16.448
  -41000.0   -18.052
  -40900.0   -15.580
  -40800.0    -8.448
  -40700.0    -8.691
  -40600.0    -8.707
  -40500.0    -6.531
  -40400.0    -9.163
  -40300.0    -9.024
  -40200.0    -9.115
  -40100.0   -11.312
  -40000.0   -12.442
  -39900.0   -12.032
  -39800.0    -9.771
  -39700.0   -13.298
  -39600.0   -17.723
  -39500.0   -15.091
  -39400.0   -17.806
  -39300.0   -15.050
  -39200.0   -15.165
  -39100.0   -14.618
  -39000.0   -13.137
  -38900.0    -7.148
  -38800.0    -7.891
  -38700.0    -9.636
  -38600.0   -10.319
  -38500.0   -10.678
  -38400.0   -13.433
  -38300.0   -14.040
  -38200.0   -17.145
  -38100.0   -17.143
  -38000.0   -14.638
  -37900.0   -14.429
  -37800.0   -13.732
  -37700.0   -16.230
  -37600.0    -6.888
  -37500.0   -11.350
  -37400.0   -15.104
  -37300.0   -16.143
  -37200.0   -15.639
  -37100.0   -15.413
  -37000.0   -17.592
  -36900.0   -18.591
  -36800.0   -15.551
  -36700.0   -16.834
  -36600.0   -16.465
  -36500.0   -15.370
  -36400.0   -16.940
  -36300.0   -16.763
  -36200.0   -18.052
  -36100.0   -15.631
  -36000.0   -14.902
  -35900.0   -14.017
  -35800.0   -13.009
  -35700.0    -8.352
  -35600.0    -4.749
  -35500.0    -6.281
  -35400.0    -6.991
  -35300.0    -7.981
  -35200.0    -6.386
  -35100.0    -9.125
  -35000.0    -8.283
  -34900.0    -7.669
  -34800.0    -9.099
  -34700.0    -9.472
  -34600.0    -9.064
  -34500.0   -10.229
  -34400.0   -11.522
  -34300.0   -10.528
  -34200.0   -13.034
  -34100.0    -9.441
  -34000.0   -10.919
  -33900.0   -14.978
  -33800.0   -15.231
  -33700.0   -16.045
  -33600.0   -15.068
  -33500.0   -14.367
  -33400.0   -16.687
  -33300.0   -18.236
  -33200.0   -15.922
  -33100.0   -15.480
  -33000.0   -15.480
  -32900.0   -12.204
  -32800.0    -6.446
  -32700.0    -8.958
  -32600.0    -8.611
  -32500.0    -9.459
  -32400.0   -10.299
  -32300.0   -12.487
  -32200.0   -10.552
  -32100.0   -13.436
  -32000.0   -14.653
  -31900.0   -15.594
  -31800.0   -16.154
  -31700.0   -15.252
  -31600.0   -16.566
  -31500.0   -14.016
  -31400.0   -15.625
  -31300.0   -15.404
  -31200.0   -10.446
  -31100.0   -10.152
  -31000.0    -9.092
  -30900.0   -11.354
  -30800.0   -14.944
  -30700.0   -16.018
  -30600.0   -17.722
  -30500.0   -18.814
  -30400.0   -17.312
  -30300.0   -15.455
  -30200.0   -15.629
  -30100.0   -14.449
  -30000.0   -12.323
  -29900.0    -9.126
  -29800.0    -9.360
  -29700.0   -10.268
  -29600.0   -14.046
  -29500.0   -13.964
  -29400.0   -15.536
  -29300.0   -15.148
  -29200.0   -16.519
  -29100.0   -18.206
  -29000.0   -17.568
  -28900.0   -15.558
  -28800.0   -17.320
  -28700.0   -16.069
  -28600.0   -15.015
  -28500.0   -17.863
  -28400.0   -17.104
  -28300.0   -17.706
  -28200.0   -13.192
  -28100.0   -16.762
  -28000.0   -16.027
  -27900.0   -16.491
  -27800.0   -20.135
  -27700.0   -16.471
  -27600.0   -17.863
  -27500.0   -20.061
  -27400.0   -18.812
  -27300.0   -17.681
  -27200.0   -16.258
  -27100.0   -17.167
  -27000.0   -16.287
  -26900.0   -14.607
  -26800.0   -14.196
  -26700.0   -16.203
  -26600.0    -7.891
  -26500.0    -6.210
  -26400.0    -7.332
  -26300.0   -15.919
  -26200.0   -17.092
  -26100.0   -16.506
  -26000.0   -16.320
  -25900.0   -13.743
  -25800.0   -17.246
  -25700.0   -14.263
  -25600.0   -14.441
  -25500.0    -7.051
  -25400.0    -8.331
  -25300.0   -13.793
  -25200.0   -17.000
  -25100.0   -17.484
  -25000.0   -12.261
  -24900.0   -16.849
  -24800.0   -16.758
  -24700.0   -15.620
  -24600.0   -18.032
  -24500.0   -15.902
  -24400.0   -14.473
  -24300.0   -17.088
  -24200.0   -16.115
  -24100.0   -14.366
  -24000.0   -14.976
  -23900.0   -15.664
  -23800.0   -16.961
  -23700.0   -20.211
  -23600.0   -18.325
  -23500.0   -15.088
  -23400.0   -15.785
  -23300.0   -16.551
  -23200.0   -15.933
  -23100.0   -12.209
  -23000.0   -16.405
  -22900.0   -13.168
  -22800.0   -17.928
  -22700.0   -15.168
  -22600.0   -15.860
  -22500.0   -14.904
  -22400.0   -17.169
  -22300.0   -20.615
  -22200.0   -17.773
  -22100.0   -17.794
  -22000.0   -20.847
  -21900.0   -16.999
  -21800.0   -18.719
  -21700.0   -16.338
  -21600.0   -16.146
  -21500.0   -11.485
  -21400.0   -13.384
  -21300.0   -16.806
  -21200.0   -14.551
  -21100.0   -10.186
  -21000.0   -15.377
  -20900.0   -14.568
  -20800.0   -14.194
  -20700.0   -14.182
  -20600.0   -15.986
  -20500.0   -16.922
  -20400.0   -14.042
  -20300.0   -15.733
  -20200.0   -18.048
  -20100.0   -14.487
  -20000.0   -15.768
  -19900.0   -16.529
  -19800.0   -14.477
  -19700.0   -16.928
  -19600.0   -15.056
  -19500.0   -14.804
  -19400.0   -15.384
  -19300.0   -14.888
  -19200.0   -15.005
  -19100.0   -10.009
  -19000.0   -11.716
  -18900.0   -11.229
  -18800.0   -15.480
  -18700.0   -14.653
  -18600.0   -13.065
  -18500.0   -12.744
  -18400.0   -13.093
  -18300.0   -11.605
  -18200.0   -10.782
  -18100.0   -10.619
  -18000.0   -11.466
  -17900.0    -9.603
  -17800.0   -11.832
  -17700.0   -10.920
  -17600.0    -9.519
  -17500.0   -12.409
  -17400.0    -9.484
  -17300.0   -10.921
  -17200.0    -9.516
  -17100.0   -10.936
  -17000.0   -13.013
  -16900.0    -8.493
  -16800.0   -11.224
  -16700.0   -11.501
  -16600.0   -10.446
  -16500.0   -12.713
  -16400.0   -14.691
  -16300.0   -13.776
  -16200.0   -11.956
  -16100.0   -11.880
  -16000.0   -13.537
  -15900.0   -11.442
  -15800.0   -13.009
  -15700.0   -11.256
  -15600.0   -11.424
  -15500.0   -14.025
  -15400.0   -13.027
  -15300.0   -12.187
  -15200.0    -9.996
  -15100.0   -13.636
  -15000.0   -10.782
  -14900.0   -11.160
  -14800.0   -13.373
  -14700.0   -10.245
  -14600.0   -11.646
  -14500.0    -9.360
  -14400.0    -2.136
  -14300.0     0.648
  -14200.0    -1.891
  -14100.0    -1.152
  -14000.0    -5.108
  -13900.0    -5.817
  -13800.0   -10.262
  -13700.0    -6.899
  -13600.0    -7.820
  -13500.0    -6.348
  -13400.0    -8.244
  -13300.0    -7.128
  -13200.0    -7.042
  -13100.0    -8.767
  -13000.0   -12.199
  -12900.0   -10.894
  -12800.0    -9.636
  -12700.0    -8.782
  -12600.0   -12.731
  -12500.0   -16.419
  -12400.0   -16.800
  -12300.0   -13.878
  -12200.0   -15.109
  -12100.0   -15.165
  -12000.0   -13.995
  -11900.0   -12.773
  -11800.0   -12.233
  -11700.0   -13.330
  -11600.0   -13.506
  -11500.0    -3.187
  -11400.0    -5.616
  -11300.0    -8.507
  -11200.0    -5.070
  -11100.0    -3.618
  -11000.0    -6.357
  -10900.0    -4.296
  -10800.0    -4.404
  -10700.0    -4.197
  -10600.0    -2.316
  -10500.0    -1.917
  -10400.0    -3.384
  -10300.0    -0.384
  -10200.0     0.586
  -10100.0    -1.142
  -10000.0    -2.856
   -9900.0    -2.965
   -9800.0    -2.338
   -9700.0     0.515
   -9600.0     0.802
   -9500.0     0.234
   -9400.0     0.121
   -9300.0     0.421
   -9200.0    -0.297
   -9100.0     0.479
   -9000.0    -1.557
   -8900.0     0.861
   -8800.0     1.865
   -8700.0    -1.062
   -8600.0     1.034
   -8500.0     2.489
   -8400.0    -0.303
   -8300.0    -0.684
   -8200.0     0.528
   -8100.0    -1.855
   -8000.0     0.707
   -7900.0     1.249
   -7800.0    -0.998
   -7700.0    -1.169
   -7600.0    -0.619
   -7500.0     0.696
   -7400.0    -0.264
   -7300.0     1.255
   -7200.0     0.643
   -7100.0     0.706
   -7000.0     1.076
   -6900.0    -0.524
   -6800.0    -0.731
   -6700.0    -0.133
   -6600.0     0.414
   -6500.0    -0.037
   -6400.0     0.536
   -6300.0     0.128
   -6200.0     2.215
   -6100.0    -1.382
   -6000.0     2.435
   -5900.0    -1.605
   -5800.0    -0.677
   -5700.0    -2.208
   -5600.0     0.968
   -5500.0    -1.253
   -5400.0    -0.247
   -5300.0    -1.452
   -5200.0     2.167
   -5100.0    -1.925
   -5000.0     0.757
   -4900.0     0.396
   -4800.0     0.166
   -4700.0    -4.100
   -4600.0     0.476
   -4500.0    -0.492
   -4400.0     0.220
   -4300.0     0.520
   -4200.0    -0.549
   -4100.0     0.556
   -4000.0    -0.274
   -3900.0     1.141
   -3800.0    -0.521
   -3700.0     1.737
   -3600.0    -2.769
   -3500.0    -3.041
   -3400.0     0.745
   -3300.0     2.074
   -3200.0    -0.793
   -3100.0     0.999
   -3000.0    -0.255
   -2900.0    -0.210
   -2800.0    -2.073
   -2700.0     0.633
   -2600.0     0.414
   -2500.0     2.505
   -2400.0     0.003
   -2300.0    -2.247
   -2200.0     1.797
   -2100.0     0.146
   -2000.0     1.390
   -1900.0     1.613
   -1800.0    -1.182
   -1700.0     0.365
   -1600.0    -0.744
   -1500.0    -0.288
   -1400.0     2.421
   -1300.0    -0.181
   -1200.0    -0.317
   -1100.0    -1.528
   -1000.0    -0.558
    -900.0    -0.439
    -800.0    -3.457
    -700.0    -2.277
    -600.0    -3.708
    -500.0     0.200
    -400.0    -2.192
    -300.0    -0.489
    -200.0    -1.932
    -100.0     0.031
       0.0     0.000
