#  -250000  100  0
 -250000.0     0.000
 -249900.0    -0.118
 -249800.0    -0.236
 -249700.0    -0.355
 -249600.0    -0.473
 -249500.0    -0.591
 -249400.0    -0.709
 -249300.0    -0.827
 -249200.0    -0.945
 -249100.0    -1.064
 -249000.0    -1.182
 -248900.0    -1.300
 -248800.0    -1.418
 -248700.0    -1.536
 -248600.0    -1.655
 -248500.0    -1.773
 -248400.0    -1.891
 -248300.0    -2.009
 -248200.0    -2.127
 -248100.0    -2.245
 -248000.0    -2.364
 -247900.0    -2.482
 -247800.0    -2.600
 -247700.0    -2.718
 -247600.0    -2.836
 -247500.0    -2.955
 -247400.0    -3.073
 -247300.0    -3.191
 -247200.0    -3.309
 -247100.0    -3.427
 -247000.0    -3.545
 -246900.0    -3.664
 -246800.0    -3.782
 -246700.0    -3.900
 -246600.0    -4.018
 -246500.0    -4.136
 -246400.0    -4.255
 -246300.0    -4.373
 -246200.0    -4.491
 -246100.0    -4.609
 -246000.0    -4.727
 -245900.0    -4.845
 -245800.0    -4.964
 -245700.0    -5.082
 -245600.0    -5.200
 -245500.0    -5.318
 -245400.0    -5.436
 -245300.0    -5.555
 -245200.0    -5.673
 -245100.0    -5.791
 -245000.0    -5.909
 -244900.0    -6.027
 -244800.0    -6.145
 -244700.0    -6.264
 -244600.0    -6.382
 -244500.0    -6.500
 -244400.0    -6.618
 -244300.0    -6.736
 -244200.0    -6.855
 -244100.0    -6.973
 -244000.0    -7.091
 -243900.0    -7.209
 -243800.0    -7.327
 -243700.0    -7.445
 -243600.0    -7.564
 -243500.0    -7.682
 -243400.0    -7.800
 -243300.0    -7.918
 -243200.0    -8.036
 -243100.0    -8.155
 -243000.0    -8.273
 -242900.0    -8.391
 -242800.0    -8.509
 -242700.0    -8.627
 -242600.0    -8.745
 -242500.0    -8.864
 -242400.0    -8.982
 -242300.0    -9.100
 -242200.0    -9.218
 -242100.0    -9.336
 -242000.0    -9.455
 -241900.0    -9.573
 -241800.0    -9.691
 -241700.0    -9.809
 -241600.0    -9.927
 -241500.0   -10.045
 -241400.0   -10.164
 -241300.0   -10.282
 -241200.0   -10.400
 -241100.0   -10.518
 -241000.0   -10.636
 -240900.0   -10.755
 -240800.0   -10.873
 -240700.0   -10.991
 -240600.0   -11.109
 -240500.0   -11.227
 -240400.0   -11.345
 -240300.0   -11.464
 -240200.0   -11.582
 -240100.0   -11.700
 -240000.0   -11.818
 -239900.0   -11.936
 -239800.0   -12.055
 -239700.0   -12.173
 -239600.0   -12.291
 -239500.0   -12.409
 -239400.0   -12.527
 -239300.0   -12.645
 -239200.0   -12.764
 -239100.0   -12.882
 -239000.0   -13.000
 -238900.0   -13.118
 -238800.0   -13.236
 -238700.0   -13.355
 -238600.0   -13.473
 -238500.0   -13.591
 -238400.0   -13.709
 -238300.0   -13.827
 -238200.0   -13.945
 -238100.0   -14.064
 -238000.0   -14.182
 -237900.0   -14.300
 -237800.0   -14.418
 -237700.0   -14.536
 -237600.0   -14.655
 -237500.0   -14.773
 -237400.0   -14.891
 -237300.0   -15.009
 -237200.0   -15.127
 -237100.0   -15.245
 -237000.0   -15.364
 -236900.0   -15.482
 -236800.0   -15.600
 -236700.0   -15.718
 -236600.0   -15.836
 -236500.0   -15.955
 -236400.0   -16.073
 -236300.0   -16.191
 -236200.0   -16.309
 -236100.0   -16.427
 -236000.0   -16.545
 -235900.0   -16.664
 -235800.0   -16.782
 -235700.0   -16.900
 -235600.0   -17.018
 -235500.0   -17.136
 -235400.0   -17.255
 -235300.0   -17.373
 -235200.0   -17.491
 -235100.0   -17.609
 -235000.0   -17.727
 -234900.0   -17.845
 -234800.0   -17.964
 -234700.0   -18.082
 -234600.0   -18.200
 -234500.0   -18.318
 -234400.0   -18.436
 -234300.0   -18.555
 -234200.0   -18.673
 -234100.0   -18.791
 -234000.0   -18.909
 -233900.0   -19.027
 -233800.0   -19.145
 -233700.0   -19.264
 -233600.0   -19.382
 -233500.0   -19.500
 -233400.0   -19.618
 -233300.0   -19.736
 -233200.0   -19.855
 -233100.0   -19.973
 -233000.0   -20.091
 -232900.0   -20.209
 -232800.0   -20.327
 -232700.0   -20.445
 -232600.0   -20.564
 -232500.0   -20.682
 -232400.0   -20.800
 -232300.0   -20.918
 -232200.0   -21.036
 -232100.0   -21.155
 -232000.0   -21.273
 -231900.0   -21.391
 -231800.0   -21.509
 -231700.0   -21.627
 -231600.0   -21.745
 -231500.0   -21.864
 -231400.0   -21.982
 -231300.0   -22.100
 -231200.0   -22.218
 -231100.0   -22.336
 -231000.0   -22.455
 -230900.0   -22.573
 -230800.0   -22.691
 -230700.0   -22.809
 -230600.0   -22.927
 -230500.0   -23.045
 -230400.0   -23.164
 -230300.0   -23.282
 -230200.0   -23.400
 -230100.0   -23.518
 -230000.0   -23.636
 -229900.0   -23.755
 -229800.0   -23.873
 -229700.0   -23.991
 -229600.0   -24.109
 -229500.0   -24.227
 -229400.0   -24.345
 -229300.0   -24.464
 -229200.0   -24.582
 -229100.0   -24.700
 -229000.0   -24.818
 -228900.0   -24.936
 -228800.0   -25.055
 -228700.0   -25.173
 -228600.0   -25.291
 -228500.0   -25.409
 -228400.0   -25.527
 -228300.0   -25.645
 -228200.0   -25.764
 -228100.0   -25.882
 -228000.0   -26.000
 -227900.0   -26.118
 -227800.0   -26.236
 -227700.0   -26.355
 -227600.0   -26.473
 -227500.0   -26.591
 -227400.0   -26.709
 -227300.0   -26.827
 -227200.0   -26.945
 -227100.0   -27.064
 -227000.0   -27.182
 -226900.0   -27.300
 -226800.0   -27.418
 -226700.0   -27.536
 -226600.0   -27.655
 -226500.0   -27.773
 -226400.0   -27.891
 -226300.0   -28.009
 -226200.0   -28.127
 -226100.0   -28.245
 -226000.0   -28.364
 -225900.0   -28.482
 -225800.0   -28.600
 -225700.0   -28.718
 -225600.0   -28.836
 -225500.0   -28.955
 -225400.0   -29.073
 -225300.0   -29.191
 -225200.0   -29.309
 -225100.0   -29.427
 -225000.0   -29.545
 -224900.0   -29.664
 -224800.0   -29.782
 -224700.0   -29.900
 -224600.0   -30.018
 -224500.0   -30.136
 -224400.0   -30.255
 -224300.0   -30.373
 -224200.0   -30.491
 -224100.0   -30.609
 -224000.0   -30.727
 -223900.0   -30.845
 -223800.0   -30.964
 -223700.0   -31.082
 -223600.0   -31.200
 -223500.0   -31.318
 -223400.0   -31.436
 -223300.0   -31.555
 -223200.0   -31.673
 -223100.0   -31.791
 -223000.0   -31.909
 -222900.0   -32.027
 -222800.0   -32.145
 -222700.0   -32.264
 -222600.0   -32.382
 -222500.0   -32.500
 -222400.0   -32.618
 -222300.0   -32.736
 -222200.0   -32.855
 -222100.0   -32.973
 -222000.0   -33.091
 -221900.0   -33.209
 -221800.0   -33.327
 -221700.0   -33.445
 -221600.0   -33.564
 -221500.0   -33.682
 -221400.0   -33.800
 -221300.0   -33.918
 -221200.0   -34.036
 -221100.0   -34.155
 -221000.0   -34.273
 -220900.0   -34.391
 -220800.0   -34.509
 -220700.0   -34.627
 -220600.0   -34.745
 -220500.0   -34.864
 -220400.0   -34.982
 -220300.0   -35.100
 -220200.0   -35.218
 -220100.0   -35.336
 -220000.0   -35.455
 -219900.0   -35.573
 -219800.0   -35.691
 -219700.0   -35.809
 -219600.0   -35.927
 -219500.0   -36.045
 -219400.0   -36.164
 -219300.0   -36.282
 -219200.0   -36.400
 -219100.0   -36.518
 -219000.0   -36.636
 -218900.0   -36.755
 -218800.0   -36.873
 -218700.0   -36.991
 -218600.0   -37.109
 -218500.0   -37.227
 -218400.0   -37.345
 -218300.0   -37.464
 -218200.0   -37.582
 -218100.0   -37.700
 -218000.0   -37.818
 -217900.0   -37.936
 -217800.0   -38.055
 -217700.0   -38.173
 -217600.0   -38.291
 -217500.0   -38.409
 -217400.0   -38.527
 -217300.0   -38.645
 -217200.0   -38.764
 -217100.0   -38.882
 -217000.0   -39.000
 -216900.0   -39.118
 -216800.0   -39.236
 -216700.0   -39.355
 -216600.0   -39.473
 -216500.0   -39.591
 -216400.0   -39.709
 -216300.0   -39.827
 -216200.0   -39.945
 -216100.0   -40.064
 -216000.0   -40.182
 -215900.0   -40.300
 -215800.0   -40.418
 -215700.0   -40.536
 -215600.0   -40.655
 -215500.0   -40.773
 -215400.0   -40.891
 -215300.0   -41.009
 -215200.0   -41.127
 -215100.0   -41.245
 -215000.0   -41.364
 -214900.0   -41.482
 -214800.0   -41.600
 -214700.0   -41.718
 -214600.0   -41.836
 -214500.0   -41.955
 -214400.0   -42.073
 -214300.0   -42.191
 -214200.0   -42.309
 -214100.0   -42.427
 -214000.0   -42.545
 -213900.0   -42.664
 -213800.0   -42.782
 -213700.0   -42.900
 -213600.0   -43.018
 -213500.0   -43.136
 -213400.0   -43.255
 -213300.0   -43.373
 -213200.0   -43.491
 -213100.0   -43.609
 -213000.0   -43.727
 -212900.0   -43.845
 -212800.0   -43.964
 -212700.0   -44.082
 -212600.0   -44.200
 -212500.0   -44.318
 -212400.0   -44.436
 -212300.0   -44.555
 -212200.0   -44.673
 -212100.0   -44.791
 -212000.0   -44.909
 -211900.0   -45.027
 -211800.0   -45.145
 -211700.0   -45.264
 -211600.0   -45.382
 -211500.0   -45.500
 -211400.0   -45.618
 -211300.0   -45.736
 -211200.0   -45.855
 -211100.0   -45.973
 -211000.0   -46.091
 -210900.0   -46.209
 -210800.0   -46.327
 -210700.0   -46.445
 -210600.0   -46.564
 -210500.0   -46.682
 -210400.0   -46.800
 -210300.0   -46.918
 -210200.0   -47.036
 -210100.0   -47.155
 -210000.0   -47.273
 -209900.0   -47.391
 -209800.0   -47.509
 -209700.0   -47.627
 -209600.0   -47.745
 -209500.0   -47.864
 -209400.0   -47.982
 -209300.0   -48.100
 -209200.0   -48.218
 -209100.0   -48.336
 -209000.0   -48.455
 -208900.0   -48.573
 -208800.0   -48.691
 -208700.0   -48.809
 -208600.0   -48.927
 -208500.0   -49.045
 -208400.0   -49.164
 -208300.0   -49.282
 -208200.0   -49.400
 -208100.0   -49.518
 -208000.0   -49.636
 -207900.0   -49.755
 -207800.0   -49.873
 -207700.0   -49.991
 -207600.0   -50.109
 -207500.0   -50.227
 -207400.0   -50.345
 -207300.0   -50.464
 -207200.0   -50.582
 -207100.0   -50.700
 -207000.0   -50.818
 -206900.0   -50.936
 -206800.0   -51.055
 -206700.0   -51.173
 -206600.0   -51.291
 -206500.0   -51.409
 -206400.0   -51.527
 -206300.0   -51.645
 -206200.0   -51.764
 -206100.0   -51.882
 -206000.0   -52.000
 -205900.0   -52.118
 -205800.0   -52.236
 -205700.0   -52.355
 -205600.0   -52.473
 -205500.0   -52.591
 -205400.0   -52.709
 -205300.0   -52.827
 -205200.0   -52.945
 -205100.0   -53.064
 -205000.0   -53.182
 -204900.0   -53.300
 -204800.0   -53.418
 -204700.0   -53.536
 -204600.0   -53.655
 -204500.0   -53.773
 -204400.0   -53.891
 -204300.0   -54.009
 -204200.0   -54.127
 -204100.0   -54.245
 -204000.0   -54.364
 -203900.0   -54.482
 -203800.0   -54.600
 -203700.0   -54.718
 -203600.0   -54.836
 -203500.0   -54.955
 -203400.0   -55.073
 -203300.0   -55.191
 -203200.0   -55.309
 -203100.0   -55.427
 -203000.0   -55.545
 -202900.0   -55.664
 -202800.0   -55.782
 -202700.0   -55.900
 -202600.0   -56.018
 -202500.0   -56.136
 -202400.0   -56.255
 -202300.0   -56.373
 -202200.0   -56.491
 -202100.0   -56.609
 -202000.0   -56.727
 -201900.0   -56.845
 -201800.0   -56.964
 -201700.0   -57.082
 -201600.0   -57.200
 -201500.0   -57.318
 -201400.0   -57.436
 -201300.0   -57.555
 -201200.0   -57.673
 -201100.0   -57.791
 -201000.0   -57.909
 -200900.0   -58.027
 -200800.0   -58.145
 -200700.0   -58.264
 -200600.0   -58.382
 -200500.0   -58.500
 -200400.0   -58.618
 -200300.0   -58.736
 -200200.0   -58.855
 -200100.0   -58.973
 -200000.0   -59.091
 -199900.0   -59.209
 -199800.0   -59.327
 -199700.0   -59.445
 -199600.0   -59.564
 -199500.0   -59.682
 -199400.0   -59.800
 -199300.0   -59.918
 -199200.0   -60.036
 -199100.0   -60.155
 -199000.0   -60.273
 -198900.0   -60.391
 -198800.0   -60.509
 -198700.0   -60.627
 -198600.0   -60.745
 -198500.0   -60.864
 -198400.0   -60.982
 -198300.0   -61.100
 -198200.0   -61.218
 -198100.0   -61.336
 -198000.0   -61.455
 -197900.0   -61.573
 -197800.0   -61.691
 -197700.0   -61.809
 -197600.0   -61.927
 -197500.0   -62.045
 -197400.0   -62.164
 -197300.0   -62.282
 -197200.0   -62.400
 -197100.0   -62.518
 -197000.0   -62.636
 -196900.0   -62.755
 -196800.0   -62.873
 -196700.0   -62.991
 -196600.0   -63.109
 -196500.0   -63.227
 -196400.0   -63.345
 -196300.0   -63.464
 -196200.0   -63.582
 -196100.0   -63.700
 -196000.0   -63.818
 -195900.0   -63.936
 -195800.0   -64.055
 -195700.0   -64.173
 -195600.0   -64.291
 -195500.0   -64.409
 -195400.0   -64.527
 -195300.0   -64.645
 -195200.0   -64.764
 -195100.0   -64.882
 -195000.0   -65.000
 -194900.0   -65.118
 -194800.0   -65.236
 -194700.0   -65.355
 -194600.0   -65.473
 -194500.0   -65.591
 -194400.0   -65.709
 -194300.0   -65.827
 -194200.0   -65.945
 -194100.0   -66.064
 -194000.0   -66.182
 -193900.0   -66.300
 -193800.0   -66.418
 -193700.0   -66.536
 -193600.0   -66.655
 -193500.0   -66.773
 -193400.0   -66.891
 -193300.0   -67.009
 -193200.0   -67.127
 -193100.0   -67.245
 -193000.0   -67.364
 -192900.0   -67.482
 -192800.0   -67.600
 -192700.0   -67.718
 -192600.0   -67.836
 -192500.0   -67.955
 -192400.0   -68.073
 -192300.0   -68.191
 -192200.0   -68.309
 -192100.0   -68.427
 -192000.0   -68.545
 -191900.0   -68.664
 -191800.0   -68.782
 -191700.0   -68.900
 -191600.0   -69.018
 -191500.0   -69.136
 -191400.0   -69.255
 -191300.0   -69.373
 -191200.0   -69.491
 -191100.0   -69.609
 -191000.0   -69.727
 -190900.0   -69.845
 -190800.0   -69.964
 -190700.0   -70.082
 -190600.0   -70.200
 -190500.0   -70.318
 -190400.0   -70.436
 -190300.0   -70.555
 -190200.0   -70.673
 -190100.0   -70.791
 -190000.0   -70.909
 -189900.0   -71.027
 -189800.0   -71.145
 -189700.0   -71.264
 -189600.0   -71.382
 -189500.0   -71.500
 -189400.0   -71.618
 -189300.0   -71.736
 -189200.0   -71.855
 -189100.0   -71.973
 -189000.0   -72.091
 -188900.0   -72.209
 -188800.0   -72.327
 -188700.0   -72.445
 -188600.0   -72.564
 -188500.0   -72.682
 -188400.0   -72.800
 -188300.0   -72.918
 -188200.0   -73.036
 -188100.0   -73.155
 -188000.0   -73.273
 -187900.0   -73.391
 -187800.0   -73.509
 -187700.0   -73.627
 -187600.0   -73.745
 -187500.0   -73.864
 -187400.0   -73.982
 -187300.0   -74.100
 -187200.0   -74.218
 -187100.0   -74.336
 -187000.0   -74.455
 -186900.0   -74.573
 -186800.0   -74.691
 -186700.0   -74.809
 -186600.0   -74.927
 -186500.0   -75.045
 -186400.0   -75.164
 -186300.0   -75.282
 -186200.0   -75.400
 -186100.0   -75.518
 -186000.0   -75.636
 -185900.0   -75.755
 -185800.0   -75.873
 -185700.0   -75.991
 -185600.0   -76.109
 -185500.0   -76.227
 -185400.0   -76.345
 -185300.0   -76.464
 -185200.0   -76.582
 -185100.0   -76.700
 -185000.0   -76.818
 -184900.0   -76.936
 -184800.0   -77.055
 -184700.0   -77.173
 -184600.0   -77.291
 -184500.0   -77.409
 -184400.0   -77.527
 -184300.0   -77.645
 -184200.0   -77.764
 -184100.0   -77.882
 -184000.0   -78.000
 -183900.0   -78.118
 -183800.0   -78.236
 -183700.0   -78.355
 -183600.0   -78.473
 -183500.0   -78.591
 -183400.0   -78.709
 -183300.0   -78.827
 -183200.0   -78.945
 -183100.0   -79.064
 -183000.0   -79.182
 -182900.0   -79.300
 -182800.0   -79.418
 -182700.0   -79.536
 -182600.0   -79.655
 -182500.0   -79.773
 -182400.0   -79.891
 -182300.0   -80.009
 -182200.0   -80.127
 -182100.0   -80.245
 -182000.0   -80.364
 -181900.0   -80.482
 -181800.0   -80.600
 -181700.0   -80.718
 -181600.0   -80.836
 -181500.0   -80.955
 -181400.0   -81.073
 -181300.0   -81.191
 -181200.0   -81.309
 -181100.0   -81.427
 -181000.0   -81.545
 -180900.0   -81.664
 -180800.0   -81.782
 -180700.0   -81.900
 -180600.0   -82.018
 -180500.0   -82.136
 -180400.0   -82.255
 -180300.0   -82.373
 -180200.0   -82.491
 -180100.0   -82.609
 -180000.0   -82.727
 -179900.0   -82.845
 -179800.0   -82.964
 -179700.0   -83.082
 -179600.0   -83.200
 -179500.0   -83.318
 -179400.0   -83.436
 -179300.0   -83.555
 -179200.0   -83.673
 -179100.0   -83.791
 -179000.0   -83.909
 -178900.0   -84.027
 -178800.0   -84.145
 -178700.0   -84.264
 -178600.0   -84.382
 -178500.0   -84.500
 -178400.0   -84.618
 -178300.0   -84.736
 -178200.0   -84.855
 -178100.0   -84.973
 -178000.0   -85.091
 -177900.0   -85.209
 -177800.0   -85.327
 -177700.0   -85.445
 -177600.0   -85.564
 -177500.0   -85.682
 -177400.0   -85.800
 -177300.0   -85.918
 -177200.0   -86.036
 -177100.0   -86.155
 -177000.0   -86.273
 -176900.0   -86.391
 -176800.0   -86.509
 -176700.0   -86.627
 -176600.0   -86.745
 -176500.0   -86.864
 -176400.0   -86.982
 -176300.0   -87.100
 -176200.0   -87.218
 -176100.0   -87.336
 -176000.0   -87.455
 -175900.0   -87.573
 -175800.0   -87.691
 -175700.0   -87.809
 -175600.0   -87.927
 -175500.0   -88.045
 -175400.0   -88.164
 -175300.0   -88.282
 -175200.0   -88.400
 -175100.0   -88.518
 -175000.0   -88.636
 -174900.0   -88.755
 -174800.0   -88.873
 -174700.0   -88.991
 -174600.0   -89.109
 -174500.0   -89.227
 -174400.0   -89.345
 -174300.0   -89.464
 -174200.0   -89.582
 -174100.0   -89.700
 -174000.0   -89.818
 -173900.0   -89.936
 -173800.0   -90.055
 -173700.0   -90.173
 -173600.0   -90.291
 -173500.0   -90.409
 -173400.0   -90.527
 -173300.0   -90.645
 -173200.0   -90.764
 -173100.0   -90.882
 -173000.0   -91.000
 -172900.0   -91.118
 -172800.0   -91.236
 -172700.0   -91.355
 -172600.0   -91.473
 -172500.0   -91.591
 -172400.0   -91.709
 -172300.0   -91.827
 -172200.0   -91.945
 -172100.0   -92.064
 -172000.0   -92.182
 -171900.0   -92.300
 -171800.0   -92.418
 -171700.0   -92.536
 -171600.0   -92.655
 -171500.0   -92.773
 -171400.0   -92.891
 -171300.0   -93.009
 -171200.0   -93.127
 -171100.0   -93.245
 -171000.0   -93.364
 -170900.0   -93.482
 -170800.0   -93.600
 -170700.0   -93.718
 -170600.0   -93.836
 -170500.0   -93.955
 -170400.0   -94.073
 -170300.0   -94.191
 -170200.0   -94.309
 -170100.0   -94.427
 -170000.0   -94.545
 -169900.0   -94.664
 -169800.0   -94.782
 -169700.0   -94.900
 -169600.0   -95.018
 -169500.0   -95.136
 -169400.0   -95.255
 -169300.0   -95.373
 -169200.0   -95.491
 -169100.0   -95.609
 -169000.0   -95.727
 -168900.0   -95.845
 -168800.0   -95.964
 -168700.0   -96.082
 -168600.0   -96.200
 -168500.0   -96.318
 -168400.0   -96.436
 -168300.0   -96.555
 -168200.0   -96.673
 -168100.0   -96.791
 -168000.0   -96.909
 -167900.0   -97.027
 -167800.0   -97.145
 -167700.0   -97.264
 -167600.0   -97.382
 -167500.0   -97.500
 -167400.0   -97.618
 -167300.0   -97.736
 -167200.0   -97.855
 -167100.0   -97.973
 -167000.0   -98.091
 -166900.0   -98.209
 -166800.0   -98.327
 -166700.0   -98.445
 -166600.0   -98.564
 -166500.0   -98.682
 -166400.0   -98.800
 -166300.0   -98.918
 -166200.0   -99.036
 -166100.0   -99.155
 -166000.0   -99.273
 -165900.0   -99.391
 -165800.0   -99.509
 -165700.0   -99.627
 -165600.0   -99.745
 -165500.0   -99.864
 -165400.0   -99.982
 -165300.0  -100.100
 -165200.0  -100.218
 -165100.0  -100.336
 -165000.0  -100.455
 -164900.0  -100.573
 -164800.0  -100.691
 -164700.0  -100.809
 -164600.0  -100.927
 -164500.0  -101.045
 -164400.0  -101.164
 -164300.0  -101.282
 -164200.0  -101.400
 -164100.0  -101.518
 -164000.0  -101.636
 -163900.0  -101.755
 -163800.0  -101.873
 -163700.0  -101.991
 -163600.0  -102.109
 -163500.0  -102.227
 -163400.0  -102.345
 -163300.0  -102.464
 -163200.0  -102.582
 -163100.0  -102.700
 -163000.0  -102.818
 -162900.0  -102.936
 -162800.0  -103.055
 -162700.0  -103.173
 -162600.0  -103.291
 -162500.0  -103.409
 -162400.0  -103.527
 -162300.0  -103.645
 -162200.0  -103.764
 -162100.0  -103.882
 -162000.0  -104.000
 -161900.0  -104.118
 -161800.0  -104.236
 -161700.0  -104.355
 -161600.0  -104.473
 -161500.0  -104.591
 -161400.0  -104.709
 -161300.0  -104.827
 -161200.0  -104.945
 -161100.0  -105.064
 -161000.0  -105.182
 -160900.0  -105.300
 -160800.0  -105.418
 -160700.0  -105.536
 -160600.0  -105.655
 -160500.0  -105.773
 -160400.0  -105.891
 -160300.0  -106.009
 -160200.0  -106.127
 -160100.0  -106.245
 -160000.0  -106.364
 -159900.0  -106.482
 -159800.0  -106.600
 -159700.0  -106.718
 -159600.0  -106.836
 -159500.0  -106.955
 -159400.0  -107.073
 -159300.0  -107.191
 -159200.0  -107.309
 -159100.0  -107.427
 -159000.0  -107.545
 -158900.0  -107.664
 -158800.0  -107.782
 -158700.0  -107.900
 -158600.0  -108.018
 -158500.0  -108.136
 -158400.0  -108.255
 -158300.0  -108.373
 -158200.0  -108.491
 -158100.0  -108.609
 -158000.0  -108.727
 -157900.0  -108.845
 -157800.0  -108.964
 -157700.0  -109.082
 -157600.0  -109.200
 -157500.0  -109.318
 -157400.0  -109.436
 -157300.0  -109.555
 -157200.0  -109.673
 -157100.0  -109.791
 -157000.0  -109.909
 -156900.0  -110.027
 -156800.0  -110.145
 -156700.0  -110.264
 -156600.0  -110.382
 -156500.0  -110.500
 -156400.0  -110.618
 -156300.0  -110.736
 -156200.0  -110.855
 -156100.0  -110.973
 -156000.0  -111.091
 -155900.0  -111.209
 -155800.0  -111.327
 -155700.0  -111.445
 -155600.0  -111.564
 -155500.0  -111.682
 -155400.0  -111.800
 -155300.0  -111.918
 -155200.0  -112.036
 -155100.0  -112.155
 -155000.0  -112.273
 -154900.0  -112.391
 -154800.0  -112.509
 -154700.0  -112.627
 -154600.0  -112.745
 -154500.0  -112.864
 -154400.0  -112.982
 -154300.0  -113.100
 -154200.0  -113.218
 -154100.0  -113.336
 -154000.0  -113.455
 -153900.0  -113.573
 -153800.0  -113.691
 -153700.0  -113.809
 -153600.0  -113.927
 -153500.0  -114.045
 -153400.0  -114.164
 -153300.0  -114.282
 -153200.0  -114.400
 -153100.0  -114.518
 -153000.0  -114.636
 -152900.0  -114.755
 -152800.0  -114.873
 -152700.0  -114.991
 -152600.0  -115.109
 -152500.0  -115.227
 -152400.0  -115.345
 -152300.0  -115.464
 -152200.0  -115.582
 -152100.0  -115.700
 -152000.0  -115.818
 -151900.0  -115.936
 -151800.0  -116.055
 -151700.0  -116.173
 -151600.0  -116.291
 -151500.0  -116.409
 -151400.0  -116.527
 -151300.0  -116.645
 -151200.0  -116.764
 -151100.0  -116.882
 -151000.0  -117.000
 -150900.0  -117.118
 -150800.0  -117.236
 -150700.0  -117.355
 -150600.0  -117.473
 -150500.0  -117.591
 -150400.0  -117.709
 -150300.0  -117.827
 -150200.0  -117.945
 -150100.0  -118.064
 -150000.0  -118.182
 -149900.0  -118.300
 -149800.0  -118.418
 -149700.0  -118.536
 -149600.0  -118.655
 -149500.0  -118.773
 -149400.0  -118.891
 -149300.0  -119.009
 -149200.0  -119.127
 -149100.0  -119.245
 -149000.0  -119.364
 -148900.0  -119.482
 -148800.0  -119.600
 -148700.0  -119.718
 -148600.0  -119.836
 -148500.0  -119.955
 -148400.0  -120.073
 -148300.0  -120.191
 -148200.0  -120.309
 -148100.0  -120.427
 -148000.0  -120.545
 -147900.0  -120.664
 -147800.0  -120.782
 -147700.0  -120.900
 -147600.0  -121.018
 -147500.0  -121.136
 -147400.0  -121.255
 -147300.0  -121.373
 -147200.0  -121.491
 -147100.0  -121.609
 -147000.0  -121.727
 -146900.0  -121.845
 -146800.0  -121.964
 -146700.0  -122.082
 -146600.0  -122.200
 -146500.0  -122.318
 -146400.0  -122.436
 -146300.0  -122.555
 -146200.0  -122.673
 -146100.0  -122.791
 -146000.0  -122.909
 -145900.0  -123.027
 -145800.0  -123.145
 -145700.0  -123.264
 -145600.0  -123.382
 -145500.0  -123.500
 -145400.0  -123.618
 -145300.0  -123.736
 -145200.0  -123.855
 -145100.0  -123.973
 -145000.0  -124.091
 -144900.0  -124.209
 -144800.0  -124.327
 -144700.0  -124.445
 -144600.0  -124.564
 -144500.0  -124.682
 -144400.0  -124.800
 -144300.0  -124.918
 -144200.0  -125.036
 -144100.0  -125.155
 -144000.0  -125.273
 -143900.0  -125.391
 -143800.0  -125.509
 -143700.0  -125.627
 -143600.0  -125.745
 -143500.0  -125.864
 -143400.0  -125.982
 -143300.0  -126.100
 -143200.0  -126.218
 -143100.0  -126.336
 -143000.0  -126.455
 -142900.0  -126.573
 -142800.0  -126.691
 -142700.0  -126.809
 -142600.0  -126.927
 -142500.0  -127.045
 -142400.0  -127.164
 -142300.0  -127.282
 -142200.0  -127.400
 -142100.0  -127.518
 -142000.0  -127.636
 -141900.0  -127.755
 -141800.0  -127.873
 -141700.0  -127.991
 -141600.0  -128.109
 -141500.0  -128.227
 -141400.0  -128.345
 -141300.0  -128.464
 -141200.0  -128.582
 -141100.0  -128.700
 -141000.0  -128.818
 -140900.0  -128.936
 -140800.0  -129.055
 -140700.0  -129.173
 -140600.0  -129.291
 -140500.0  -129.409
 -140400.0  -129.527
 -140300.0  -129.645
 -140200.0  -129.764
 -140100.0  -129.882
 -140000.0  -130.000
 -139900.0  -129.133
 -139800.0  -128.267
 -139700.0  -127.400
 -139600.0  -126.533
 -139500.0  -125.667
 -139400.0  -124.800
 -139300.0  -123.933
 -139200.0  -123.067
 -139100.0  -122.200
 -139000.0  -121.333
 -138900.0  -120.467
 -138800.0  -119.600
 -138700.0  -118.733
 -138600.0  -117.867
 -138500.0  -117.000
 -138400.0  -116.133
 -138300.0  -115.267
 -138200.0  -114.400
 -138100.0  -113.533
 -138000.0  -112.667
 -137900.0  -111.800
 -137800.0  -110.933
 -137700.0  -110.067
 -137600.0  -109.200
 -137500.0  -108.333
 -137400.0  -107.467
 -137300.0  -106.600
 -137200.0  -105.733
 -137100.0  -104.867
 -137000.0  -104.000
 -136900.0  -103.133
 -136800.0  -102.267
 -136700.0  -101.400
 -136600.0  -100.533
 -136500.0   -99.667
 -136400.0   -98.800
 -136300.0   -97.933
 -136200.0   -97.067
 -136100.0   -96.200
 -136000.0   -95.333
 -135900.0   -94.467
 -135800.0   -93.600
 -135700.0   -92.733
 -135600.0   -91.867
 -135500.0   -91.000
 -135400.0   -90.133
 -135300.0   -89.267
 -135200.0   -88.400
 -135100.0   -87.533
 -135000.0   -86.667
 -134900.0   -85.800
 -134800.0   -84.933
 -134700.0   -84.067
 -134600.0   -83.200
 -134500.0   -82.333
 -134400.0   -81.467
 -134300.0   -80.600
 -134200.0   -79.733
 -134100.0   -78.867
 -134000.0   -78.000
 -133900.0   -77.133
 -133800.0   -76.267
 -133700.0   -75.400
 -133600.0   -74.533
 -133500.0   -73.667
 -133400.0   -72.800
 -133300.0   -71.933
 -133200.0   -71.067
 -133100.0   -70.200
 -133000.0   -69.333
 -132900.0   -68.467
 -132800.0   -67.600
 -132700.0   -66.733
 -132600.0   -65.867
 -132500.0   -65.000
 -132400.0   -64.133
 -132300.0   -63.267
 -132200.0   -62.400
 -132100.0   -61.533
 -132000.0   -60.667
 -131900.0   -59.800
 -131800.0   -58.933
 -131700.0   -58.067
 -131600.0   -57.200
 -131500.0   -56.333
 -131400.0   -55.467
 -131300.0   -54.600
 -131200.0   -53.733
 -131100.0   -52.867
 -131000.0   -52.000
 -130900.0   -51.133
 -130800.0   -50.267
 -130700.0   -49.400
 -130600.0   -48.533
 -130500.0   -47.667
 -130400.0   -46.800
 -130300.0   -45.933
 -130200.0   -45.067
 -130100.0   -44.200
 -130000.0   -43.333
 -129900.0   -42.467
 -129800.0   -41.600
 -129700.0   -40.733
 -129600.0   -39.867
 -129500.0   -39.000
 -129400.0   -38.133
 -129300.0   -37.267
 -129200.0   -36.400
 -129100.0   -35.533
 -129000.0   -34.667
 -128900.0   -33.800
 -128800.0   -32.933
 -128700.0   -32.067
 -128600.0   -31.200
 -128500.0   -30.333
 -128400.0   -29.467
 -128300.0   -28.600
 -128200.0   -27.733
 -128100.0   -26.867
 -128000.0   -26.000
 -127900.0   -25.133
 -127800.0   -24.267
 -127700.0   -23.400
 -127600.0   -22.533
 -127500.0   -21.667
 -127400.0   -20.800
 -127300.0   -19.933
 -127200.0   -19.067
 -127100.0   -18.200
 -127000.0   -17.333
 -126900.0   -16.467
 -126800.0   -15.600
 -126700.0   -14.733
 -126600.0   -13.867
 -126500.0   -13.000
 -126400.0   -12.133
 -126300.0   -11.267
 -126200.0   -10.400
 -126100.0    -9.533
 -126000.0    -8.667
 -125900.0    -7.800
 -125800.0    -6.933
 -125700.0    -6.067
 -125600.0    -5.200
 -125500.0    -4.333
 -125400.0    -3.467
 -125300.0    -2.600
 -125200.0    -1.733
 -125100.0    -0.867
 -125000.0     0.000
 -124900.0    -0.125
 -124800.0    -0.250
 -124700.0    -0.375
 -124600.0    -0.500
 -124500.0    -0.625
 -124400.0    -0.750
 -124300.0    -0.875
 -124200.0    -1.000
 -124100.0    -1.125
 -124000.0    -1.250
 -123900.0    -1.375
 -123800.0    -1.500
 -123700.0    -1.625
 -123600.0    -1.750
 -123500.0    -1.875
 -123400.0    -2.000
 -123300.0    -2.125
 -123200.0    -2.250
 -123100.0    -2.375
 -123000.0    -2.500
 -122900.0    -2.625
 -122800.0    -2.750
 -122700.0    -2.875
 -122600.0    -3.000
 -122500.0    -3.125
 -122400.0    -3.250
 -122300.0    -3.375
 -122200.0    -3.500
 -122100.0    -3.625
 -122000.0    -3.750
 -121900.0    -3.875
 -121800.0    -4.000
 -121700.0    -4.125
 -121600.0    -4.250
 -121500.0    -4.375
 -121400.0    -4.500
 -121300.0    -4.625
 -121200.0    -4.750
 -121100.0    -4.875
 -121000.0    -5.000
 -120900.0    -5.125
 -120800.0    -5.250
 -120700.0    -5.375
 -120600.0    -5.500
 -120500.0    -5.625
 -120400.0    -5.750
 -120300.0    -5.875
 -120200.0    -6.000
 -120100.0    -6.125
 -120000.0    -6.250
 -119900.0    -6.375
 -119800.0    -6.500
 -119700.0    -6.625
 -119600.0    -6.750
 -119500.0    -6.875
 -119400.0    -7.000
 -119300.0    -7.125
 -119200.0    -7.250
 -119100.0    -7.375
 -119000.0    -7.500
 -118900.0    -7.625
 -118800.0    -7.750
 -118700.0    -7.875
 -118600.0    -8.000
 -118500.0    -8.125
 -118400.0    -8.250
 -118300.0    -8.375
 -118200.0    -8.500
 -118100.0    -8.625
 -118000.0    -8.750
 -117900.0    -8.875
 -117800.0    -9.000
 -117700.0    -9.125
 -117600.0    -9.250
 -117500.0    -9.375
 -117400.0    -9.500
 -117300.0    -9.625
 -117200.0    -9.750
 -117100.0    -9.875
 -117000.0   -10.000
 -116900.0   -10.125
 -116800.0   -10.250
 -116700.0   -10.375
 -116600.0   -10.500
 -116500.0   -10.625
 -116400.0   -10.750
 -116300.0   -10.875
 -116200.0   -11.000
 -116100.0   -11.125
 -116000.0   -11.250
 -115900.0   -11.375
 -115800.0   -11.500
 -115700.0   -11.625
 -115600.0   -11.750
 -115500.0   -11.875
 -115400.0   -12.000
 -115300.0   -12.125
 -115200.0   -12.250
 -115100.0   -12.375
 -115000.0   -12.500
 -114900.0   -12.625
 -114800.0   -12.750
 -114700.0   -12.875
 -114600.0   -13.000
 -114500.0   -13.125
 -114400.0   -13.250
 -114300.0   -13.375
 -114200.0   -13.500
 -114100.0   -13.625
 -114000.0   -13.750
 -113900.0   -13.875
 -113800.0   -14.000
 -113700.0   -14.125
 -113600.0   -14.250
 -113500.0   -14.375
 -113400.0   -14.500
 -113300.0   -14.625
 -113200.0   -14.750
 -113100.0   -14.875
 -113000.0   -15.000
 -112900.0   -15.125
 -112800.0   -15.250
 -112700.0   -15.375
 -112600.0   -15.500
 -112500.0   -15.625
 -112400.0   -15.750
 -112300.0   -15.875
 -112200.0   -16.000
 -112100.0   -16.125
 -112000.0   -16.250
 -111900.0   -16.375
 -111800.0   -16.500
 -111700.0   -16.625
 -111600.0   -16.750
 -111500.0   -16.875
 -111400.0   -17.000
 -111300.0   -17.125
 -111200.0   -17.250
 -111100.0   -17.375
 -111000.0   -17.500
 -110900.0   -17.625
 -110800.0   -17.750
 -110700.0   -17.875
 -110600.0   -18.000
 -110500.0   -18.125
 -110400.0   -18.250
 -110300.0   -18.375
 -110200.0   -18.500
 -110100.0   -18.625
 -110000.0   -18.750
 -109900.0   -18.875
 -109800.0   -19.000
 -109700.0   -19.125
 -109600.0   -19.250
 -109500.0   -19.375
 -109400.0   -19.500
 -109300.0   -19.625
 -109200.0   -19.750
 -109100.0   -19.875
 -109000.0   -20.000
 -108900.0   -20.125
 -108800.0   -20.250
 -108700.0   -20.375
 -108600.0   -20.500
 -108500.0   -20.625
 -108400.0   -20.750
 -108300.0   -20.875
 -108200.0   -21.000
 -108100.0   -21.125
 -108000.0   -21.250
 -107900.0   -21.375
 -107800.0   -21.500
 -107700.0   -21.625
 -107600.0   -21.750
 -107500.0   -21.875
 -107400.0   -22.000
 -107300.0   -22.125
 -107200.0   -22.250
 -107100.0   -22.375
 -107000.0   -22.500
 -106900.0   -22.625
 -106800.0   -22.750
 -106700.0   -22.875
 -106600.0   -23.000
 -106500.0   -23.125
 -106400.0   -23.250
 -106300.0   -23.375
 -106200.0   -23.500
 -106100.0   -23.625
 -106000.0   -23.750
 -105900.0   -23.875
 -105800.0   -24.000
 -105700.0   -24.125
 -105600.0   -24.250
 -105500.0   -24.375
 -105400.0   -24.500
 -105300.0   -24.625
 -105200.0   -24.750
 -105100.0   -24.875
 -105000.0   -25.000
 -104900.0   -25.125
 -104800.0   -25.250
 -104700.0   -25.375
 -104600.0   -25.500
 -104500.0   -25.625
 -104400.0   -25.750
 -104300.0   -25.875
 -104200.0   -26.000
 -104100.0   -26.125
 -104000.0   -26.250
 -103900.0   -26.375
 -103800.0   -26.500
 -103700.0   -26.625
 -103600.0   -26.750
 -103500.0   -26.875
 -103400.0   -27.000
 -103300.0   -27.125
 -103200.0   -27.250
 -103100.0   -27.375
 -103000.0   -27.500
 -102900.0   -27.625
 -102800.0   -27.750
 -102700.0   -27.875
 -102600.0   -28.000
 -102500.0   -28.125
 -102400.0   -28.250
 -102300.0   -28.375
 -102200.0   -28.500
 -102100.0   -28.625
 -102000.0   -28.750
 -101900.0   -28.875
 -101800.0   -29.000
 -101700.0   -29.125
 -101600.0   -29.250
 -101500.0   -29.375
 -101400.0   -29.500
 -101300.0   -29.625
 -101200.0   -29.750
 -101100.0   -29.875
 -101000.0   -30.000
 -100900.0   -30.125
 -100800.0   -30.250
 -100700.0   -30.375
 -100600.0   -30.500
 -100500.0   -30.625
 -100400.0   -30.750
 -100300.0   -30.875
 -100200.0   -31.000
 -100100.0   -31.125
 -100000.0   -31.250
  -99900.0   -31.375
  -99800.0   -31.500
  -99700.0   -31.625
  -99600.0   -31.750
  -99500.0   -31.875
  -99400.0   -32.000
  -99300.0   -32.125
  -99200.0   -32.250
  -99100.0   -32.375
  -99000.0   -32.500
  -98900.0   -32.625
  -98800.0   -32.750
  -98700.0   -32.875
  -98600.0   -33.000
  -98500.0   -33.125
  -98400.0   -33.250
  -98300.0   -33.375
  -98200.0   -33.500
  -98100.0   -33.625
  -98000.0   -33.750
  -97900.0   -33.875
  -97800.0   -34.000
  -97700.0   -34.125
  -97600.0   -34.250
  -97500.0   -34.375
  -97400.0   -34.500
  -97300.0   -34.625
  -97200.0   -34.750
  -97100.0   -34.875
  -97000.0   -35.000
  -96900.0   -35.125
  -96800.0   -35.250
  -96700.0   -35.375
  -96600.0   -35.500
  -96500.0   -35.625
  -96400.0   -35.750
  -96300.0   -35.875
  -96200.0   -36.000
  -96100.0   -36.125
  -96000.0   -36.250
  -95900.0   -36.375
  -95800.0   -36.500
  -95700.0   -36.625
  -95600.0   -36.750
  -95500.0   -36.875
  -95400.0   -37.000
  -95300.0   -37.125
  -95200.0   -37.250
  -95100.0   -37.375
  -95000.0   -37.500
  -94900.0   -37.625
  -94800.0   -37.750
  -94700.0   -37.875
  -94600.0   -38.000
  -94500.0   -38.125
  -94400.0   -38.250
  -94300.0   -38.375
  -94200.0   -38.500
  -94100.0   -38.625
  -94000.0   -38.750
  -93900.0   -38.875
  -93800.0   -39.000
  -93700.0   -39.125
  -93600.0   -39.250
  -93500.0   -39.375
  -93400.0   -39.500
  -93300.0   -39.625
  -93200.0   -39.750
  -93100.0   -39.875
  -93000.0   -40.000
  -92900.0   -40.125
  -92800.0   -40.250
  -92700.0   -40.375
  -92600.0   -40.500
  -92500.0   -40.625
  -92400.0   -40.750
  -92300.0   -40.875
  -92200.0   -41.000
  -92100.0   -41.125
  -92000.0   -41.250
  -91900.0   -41.375
  -91800.0   -41.500
  -91700.0   -41.625
  -91600.0   -41.750
  -91500.0   -41.875
  -91400.0   -42.000
  -91300.0   -42.125
  -91200.0   -42.250
  -91100.0   -42.375
  -91000.0   -42.500
  -90900.0   -42.625
  -90800.0   -42.750
  -90700.0   -42.875
  -90600.0   -43.000
  -90500.0   -43.125
  -90400.0   -43.250
  -90300.0   -43.375
  -90200.0   -43.500
  -90100.0   -43.625
  -90000.0   -43.750
  -89900.0   -43.875
  -89800.0   -44.000
  -89700.0   -44.125
  -89600.0   -44.250
  -89500.0   -44.375
  -89400.0   -44.500
  -89300.0   -44.625
  -89200.0   -44.750
  -89100.0   -44.875
  -89000.0   -45.000
  -88900.0   -45.125
  -88800.0   -45.250
  -88700.0   -45.375
  -88600.0   -45.500
  -88500.0   -45.625
  -88400.0   -45.750
  -88300.0   -45.875
  -88200.0   -46.000
  -88100.0   -46.125
  -88000.0   -46.250
  -87900.0   -46.375
  -87800.0   -46.500
  -87700.0   -46.625
  -87600.0   -46.750
  -87500.0   -46.875
  -87400.0   -47.000
  -87300.0   -47.125
  -87200.0   -47.250
  -87100.0   -47.375
  -87000.0   -47.500
  -86900.0   -47.625
  -86800.0   -47.750
  -86700.0   -47.875
  -86600.0   -48.000
  -86500.0   -48.125
  -86400.0   -48.250
  -86300.0   -48.375
  -86200.0   -48.500
  -86100.0   -48.625
  -86000.0   -48.750
  -85900.0   -48.875
  -85800.0   -49.000
  -85700.0   -49.125
  -85600.0   -49.250
  -85500.0   -49.375
  -85400.0   -49.500
  -85300.0   -49.625
  -85200.0   -49.750
  -85100.0   -49.875
  -85000.0   -50.000
  -84900.0   -50.125
  -84800.0   -50.250
  -84700.0   -50.375
  -84600.0   -50.500
  -84500.0   -50.625
  -84400.0   -50.750
  -84300.0   -50.875
  -84200.0   -51.000
  -84100.0   -51.125
  -84000.0   -51.250
  -83900.0   -51.375
  -83800.0   -51.500
  -83700.0   -51.625
  -83600.0   -51.750
  -83500.0   -51.875
  -83400.0   -52.000
  -83300.0   -52.125
  -83200.0   -52.250
  -83100.0   -52.375
  -83000.0   -52.500
  -82900.0   -52.625
  -82800.0   -52.750
  -82700.0   -52.875
  -82600.0   -53.000
  -82500.0   -53.125
  -82400.0   -53.250
  -82300.0   -53.375
  -82200.0   -53.500
  -82100.0   -53.625
  -82000.0   -53.750
  -81900.0   -53.875
  -81800.0   -54.000
  -81700.0   -54.125
  -81600.0   -54.250
  -81500.0   -54.375
  -81400.0   -54.500
  -81300.0   -54.625
  -81200.0   -54.750
  -81100.0   -54.875
  -81000.0   -55.000
  -80900.0   -55.125
  -80800.0   -55.250
  -80700.0   -55.375
  -80600.0   -55.500
  -80500.0   -55.625
  -80400.0   -55.750
  -80300.0   -55.875
  -80200.0   -56.000
  -80100.0   -56.125
  -80000.0   -56.250
  -79900.0   -56.375
  -79800.0   -56.500
  -79700.0   -56.625
  -79600.0   -56.750
  -79500.0   -56.875
  -79400.0   -57.000
  -79300.0   -57.125
  -79200.0   -57.250
  -79100.0   -57.375
  -79000.0   -57.500
  -78900.0   -57.625
  -78800.0   -57.750
  -78700.0   -57.875
  -78600.0   -58.000
  -78500.0   -58.125
  -78400.0   -58.250
  -78300.0   -58.375
  -78200.0   -58.500
  -78100.0   -58.625
  -78000.0   -58.750
  -77900.0   -58.875
  -77800.0   -59.000
  -77700.0   -59.125
  -77600.0   -59.250
  -77500.0   -59.375
  -77400.0   -59.500
  -77300.0   -59.625
  -77200.0   -59.750
  -77100.0   -59.875
  -77000.0   -60.000
  -76900.0   -60.125
  -76800.0   -60.250
  -76700.0   -60.375
  -76600.0   -60.500
  -76500.0   -60.625
  -76400.0   -60.750
  -76300.0   -60.875
  -76200.0   -61.000
  -76100.0   -61.125
  -76000.0   -61.250
  -75900.0   -61.375
  -75800.0   -61.500
  -75700.0   -61.625
  -75600.0   -61.750
  -75500.0   -61.875
  -75400.0   -62.000
  -75300.0   -62.125
  -75200.0   -62.250
  -75100.0   -62.375
  -75000.0   -62.500
  -74900.0   -62.625
  -74800.0   -62.750
  -74700.0   -62.875
  -74600.0   -63.000
  -74500.0   -63.125
  -74400.0   -63.250
  -74300.0   -63.375
  -74200.0   -63.500
  -74100.0   -63.625
  -74000.0   -63.750
  -73900.0   -63.875
  -73800.0   -64.000
  -73700.0   -64.125
  -73600.0   -64.250
  -73500.0   -64.375
  -73400.0   -64.500
  -73300.0   -64.625
  -73200.0   -64.750
  -73100.0   -64.875
  -73000.0   -65.000
  -72900.0   -65.125
  -72800.0   -65.250
  -72700.0   -65.375
  -72600.0   -65.500
  -72500.0   -65.625
  -72400.0   -65.750
  -72300.0   -65.875
  -72200.0   -66.000
  -72100.0   -66.125
  -72000.0   -66.250
  -71900.0   -66.375
  -71800.0   -66.500
  -71700.0   -66.625
  -71600.0   -66.750
  -71500.0   -66.875
  -71400.0   -67.000
  -71300.0   -67.125
  -71200.0   -67.250
  -71100.0   -67.375
  -71000.0   -67.500
  -70900.0   -67.625
  -70800.0   -67.750
  -70700.0   -67.875
  -70600.0   -68.000
  -70500.0   -68.125
  -70400.0   -68.250
  -70300.0   -68.375
  -70200.0   -68.500
  -70100.0   -68.625
  -70000.0   -68.750
  -69900.0   -68.875
  -69800.0   -69.000
  -69700.0   -69.125
  -69600.0   -69.250
  -69500.0   -69.375
  -69400.0   -69.500
  -69300.0   -69.625
  -69200.0   -69.750
  -69100.0   -69.875
  -69000.0   -70.000
  -68900.0   -70.125
  -68800.0   -70.250
  -68700.0   -70.375
  -68600.0   -70.500
  -68500.0   -70.625
  -68400.0   -70.750
  -68300.0   -70.875
  -68200.0   -71.000
  -68100.0   -71.125
  -68000.0   -71.250
  -67900.0   -71.375
  -67800.0   -71.500
  -67700.0   -71.625
  -67600.0   -71.750
  -67500.0   -71.875
  -67400.0   -72.000
  -67300.0   -72.125
  -67200.0   -72.250
  -67100.0   -72.375
  -67000.0   -72.500
  -66900.0   -72.625
  -66800.0   -72.750
  -66700.0   -72.875
  -66600.0   -73.000
  -66500.0   -73.125
  -66400.0   -73.250
  -66300.0   -73.375
  -66200.0   -73.500
  -66100.0   -73.625
  -66000.0   -73.750
  -65900.0   -73.875
  -65800.0   -74.000
  -65700.0   -74.125
  -65600.0   -74.250
  -65500.0   -74.375
  -65400.0   -74.500
  -65300.0   -74.625
  -65200.0   -74.750
  -65100.0   -74.875
  -65000.0   -75.000
  -64900.0   -75.125
  -64800.0   -75.250
  -64700.0   -75.375
  -64600.0   -75.500
  -64500.0   -75.625
  -64400.0   -75.750
  -64300.0   -75.875
  -64200.0   -76.000
  -64100.0   -76.125
  -64000.0   -76.250
  -63900.0   -76.375
  -63800.0   -76.500
  -63700.0   -76.625
  -63600.0   -76.750
  -63500.0   -76.875
  -63400.0   -77.000
  -63300.0   -77.125
  -63200.0   -77.250
  -63100.0   -77.375
  -63000.0   -77.500
  -62900.0   -77.625
  -62800.0   -77.750
  -62700.0   -77.875
  -62600.0   -78.000
  -62500.0   -78.125
  -62400.0   -78.250
  -62300.0   -78.375
  -62200.0   -78.500
  -62100.0   -78.625
  -62000.0   -78.750
  -61900.0   -78.875
  -61800.0   -79.000
  -61700.0   -79.125
  -61600.0   -79.250
  -61500.0   -79.375
  -61400.0   -79.500
  -61300.0   -79.625
  -61200.0   -79.750
  -61100.0   -79.875
  -61000.0   -80.000
  -60900.0   -80.125
  -60800.0   -80.250
  -60700.0   -80.375
  -60600.0   -80.500
  -60500.0   -80.625
  -60400.0   -80.750
  -60300.0   -80.875
  -60200.0   -81.000
  -60100.0   -81.125
  -60000.0   -81.250
  -59900.0   -81.375
  -59800.0   -81.500
  -59700.0   -81.625
  -59600.0   -81.750
  -59500.0   -81.875
  -59400.0   -82.000
  -59300.0   -82.125
  -59200.0   -82.250
  -59100.0   -82.375
  -59000.0   -82.500
  -58900.0   -82.625
  -58800.0   -82.750
  -58700.0   -82.875
  -58600.0   -83.000
  -58500.0   -83.125
  -58400.0   -83.250
  -58300.0   -83.375
  -58200.0   -83.500
  -58100.0   -83.625
  -58000.0   -83.750
  -57900.0   -83.875
  -57800.0   -84.000
  -57700.0   -84.125
  -57600.0   -84.250
  -57500.0   -84.375
  -57400.0   -84.500
  -57300.0   -84.625
  -57200.0   -84.750
  -57100.0   -84.875
  -57000.0   -85.000
  -56900.0   -85.125
  -56800.0   -85.250
  -56700.0   -85.375
  -56600.0   -85.500
  -56500.0   -85.625
  -56400.0   -85.750
  -56300.0   -85.875
  -56200.0   -86.000
  -56100.0   -86.125
  -56000.0   -86.250
  -55900.0   -86.375
  -55800.0   -86.500
  -55700.0   -86.625
  -55600.0   -86.750
  -55500.0   -86.875
  -55400.0   -87.000
  -55300.0   -87.125
  -55200.0   -87.250
  -55100.0   -87.375
  -55000.0   -87.500
  -54900.0   -87.625
  -54800.0   -87.750
  -54700.0   -87.875
  -54600.0   -88.000
  -54500.0   -88.125
  -54400.0   -88.250
  -54300.0   -88.375
  -54200.0   -88.500
  -54100.0   -88.625
  -54000.0   -88.750
  -53900.0   -88.875
  -53800.0   -89.000
  -53700.0   -89.125
  -53600.0   -89.250
  -53500.0   -89.375
  -53400.0   -89.500
  -53300.0   -89.625
  -53200.0   -89.750
  -53100.0   -89.875
  -53000.0   -90.000
  -52900.0   -90.125
  -52800.0   -90.250
  -52700.0   -90.375
  -52600.0   -90.500
  -52500.0   -90.625
  -52400.0   -90.750
  -52300.0   -90.875
  -52200.0   -91.000
  -52100.0   -91.125
  -52000.0   -91.250
  -51900.0   -91.375
  -51800.0   -91.500
  -51700.0   -91.625
  -51600.0   -91.750
  -51500.0   -91.875
  -51400.0   -92.000
  -51300.0   -92.125
  -51200.0   -92.250
  -51100.0   -92.375
  -51000.0   -92.500
  -50900.0   -92.625
  -50800.0   -92.750
  -50700.0   -92.875
  -50600.0   -93.000
  -50500.0   -93.125
  -50400.0   -93.250
  -50300.0   -93.375
  -50200.0   -93.500
  -50100.0   -93.625
  -50000.0   -93.750
  -49900.0   -93.875
  -49800.0   -94.000
  -49700.0   -94.125
  -49600.0   -94.250
  -49500.0   -94.375
  -49400.0   -94.500
  -49300.0   -94.625
  -49200.0   -94.750
  -49100.0   -94.875
  -49000.0   -95.000
  -48900.0   -95.125
  -48800.0   -95.250
  -48700.0   -95.375
  -48600.0   -95.500
  -48500.0   -95.625
  -48400.0   -95.750
  -48300.0   -95.875
  -48200.0   -96.000
  -48100.0   -96.125
  -48000.0   -96.250
  -47900.0   -96.375
  -47800.0   -96.500
  -47700.0   -96.625
  -47600.0   -96.750
  -47500.0   -96.875
  -47400.0   -97.000
  -47300.0   -97.125
  -47200.0   -97.250
  -47100.0   -97.375
  -47000.0   -97.500
  -46900.0   -97.625
  -46800.0   -97.750
  -46700.0   -97.875
  -46600.0   -98.000
  -46500.0   -98.125
  -46400.0   -98.250
  -46300.0   -98.375
  -46200.0   -98.500
  -46100.0   -98.625
  -46000.0   -98.750
  -45900.0   -98.875
  -45800.0   -99.000
  -45700.0   -99.125
  -45600.0   -99.250
  -45500.0   -99.375
  -45400.0   -99.500
  -45300.0   -99.625
  -45200.0   -99.750
  -45100.0   -99.875
  -45000.0  -100.000
  -44900.0  -100.125
  -44800.0  -100.250
  -44700.0  -100.375
  -44600.0  -100.500
  -44500.0  -100.625
  -44400.0  -100.750
  -44300.0  -100.875
  -44200.0  -101.000
  -44100.0  -101.125
  -44000.0  -101.250
  -43900.0  -101.375
  -43800.0  -101.500
  -43700.0  -101.625
  -43600.0  -101.750
  -43500.0  -101.875
  -43400.0  -102.000
  -43300.0  -102.125
  -43200.0  -102.250
  -43100.0  -102.375
  -43000.0  -102.500
  -42900.0  -102.625
  -42800.0  -102.750
  -42700.0  -102.875
  -42600.0  -103.000
  -42500.0  -103.125
  -42400.0  -103.250
  -42300.0  -103.375
  -42200.0  -103.500
  -42100.0  -103.625
  -42000.0  -103.750
  -41900.0  -103.875
  -41800.0  -104.000
  -41700.0  -104.125
  -41600.0  -104.250
  -41500.0  -104.375
  -41400.0  -104.500
  -41300.0  -104.625
  -41200.0  -104.750
  -41100.0  -104.875
  -41000.0  -105.000
  -40900.0  -105.125
  -40800.0  -105.250
  -40700.0  -105.375
  -40600.0  -105.500
  -40500.0  -105.625
  -40400.0  -105.750
  -40300.0  -105.875
  -40200.0  -106.000
  -40100.0  -106.125
  -40000.0  -106.250
  -39900.0  -106.375
  -39800.0  -106.500
  -39700.0  -106.625
  -39600.0  -106.750
  -39500.0  -106.875
  -39400.0  -107.000
  -39300.0  -107.125
  -39200.0  -107.250
  -39100.0  -107.375
  -39000.0  -107.500
  -38900.0  -107.625
  -38800.0  -107.750
  -38700.0  -107.875
  -38600.0  -108.000
  -38500.0  -108.125
  -38400.0  -108.250
  -38300.0  -108.375
  -38200.0  -108.500
  -38100.0  -108.625
  -38000.0  -108.750
  -37900.0  -108.875
  -37800.0  -109.000
  -37700.0  -109.125
  -37600.0  -109.250
  -37500.0  -109.375
  -37400.0  -109.500
  -37300.0  -109.625
  -37200.0  -109.750
  -37100.0  -109.875
  -37000.0  -110.000
  -36900.0  -110.125
  -36800.0  -110.250
  -36700.0  -110.375
  -36600.0  -110.500
  -36500.0  -110.625
  -36400.0  -110.750
  -36300.0  -110.875
  -36200.0  -111.000
  -36100.0  -111.125
  -36000.0  -111.250
  -35900.0  -111.375
  -35800.0  -111.500
  -35700.0  -111.625
  -35600.0  -111.750
  -35500.0  -111.875
  -35400.0  -112.000
  -35300.0  -112.125
  -35200.0  -112.250
  -35100.0  -112.375
  -35000.0  -112.500
  -34900.0  -112.625
  -34800.0  -112.750
  -34700.0  -112.875
  -34600.0  -113.000
  -34500.0  -113.125
  -34400.0  -113.250
  -34300.0  -113.375
  -34200.0  -113.500
  -34100.0  -113.625
  -34000.0  -113.750
  -33900.0  -113.875
  -33800.0  -114.000
  -33700.0  -114.125
  -33600.0  -114.250
  -33500.0  -114.375
  -33400.0  -114.500
  -33300.0  -114.625
  -33200.0  -114.750
  -33100.0  -114.875
  -33000.0  -115.000
  -32900.0  -115.125
  -32800.0  -115.250
  -32700.0  -115.375
  -32600.0  -115.500
  -32500.0  -115.625
  -32400.0  -115.750
  -32300.0  -115.875
  -32200.0  -116.000
  -32100.0  -116.125
  -32000.0  -116.250
  -31900.0  -116.375
  -31800.0  -116.500
  -31700.0  -116.625
  -31600.0  -116.750
  -31500.0  -116.875
  -31400.0  -117.000
  -31300.0  -117.125
  -31200.0  -117.250
  -31100.0  -117.375
  -31000.0  -117.500
  -30900.0  -117.625
  -30800.0  -117.750
  -30700.0  -117.875
  -30600.0  -118.000
  -30500.0  -118.125
  -30400.0  -118.250
  -30300.0  -118.375
  -30200.0  -118.500
  -30100.0  -118.625
  -30000.0  -118.750
  -29900.0  -118.875
  -29800.0  -119.000
  -29700.0  -119.125
  -29600.0  -119.250
  -29500.0  -119.375
  -29400.0  -119.500
  -29300.0  -119.625
  -29200.0  -119.750
  -29100.0  -119.875
  -29000.0  -120.000
  -28900.0  -120.125
  -28800.0  -120.250
  -28700.0  -120.375
  -28600.0  -120.500
  -28500.0  -120.625
  -28400.0  -120.750
  -28300.0  -120.875
  -28200.0  -121.000
  -28100.0  -121.125
  -28000.0  -121.250
  -27900.0  -121.375
  -27800.0  -121.500
  -27700.0  -121.625
  -27600.0  -121.750
  -27500.0  -121.875
  -27400.0  -122.000
  -27300.0  -122.125
  -27200.0  -122.250
  -27100.0  -122.375
  -27000.0  -122.500
  -26900.0  -122.625
  -26800.0  -122.750
  -26700.0  -122.875
  -26600.0  -123.000
  -26500.0  -123.125
  -26400.0  -123.250
  -26300.0  -123.375
  -26200.0  -123.500
  -26100.0  -123.625
  -26000.0  -123.750
  -25900.0  -123.875
  -25800.0  -124.000
  -25700.0  -124.125
  -25600.0  -124.250
  -25500.0  -124.375
  -25400.0  -124.500
  -25300.0  -124.625
  -25200.0  -124.750
  -25100.0  -124.875
  -25000.0  -125.000
  -24900.0  -125.125
  -24800.0  -125.250
  -24700.0  -125.375
  -24600.0  -125.500
  -24500.0  -125.625
  -24400.0  -125.750
  -24300.0  -125.875
  -24200.0  -126.000
  -24100.0  -126.125
  -24000.0  -126.250
  -23900.0  -126.375
  -23800.0  -126.500
  -23700.0  -126.625
  -23600.0  -126.750
  -23500.0  -126.875
  -23400.0  -127.000
  -23300.0  -127.125
  -23200.0  -127.250
  -23100.0  -127.375
  -23000.0  -127.500
  -22900.0  -127.625
  -22800.0  -127.750
  -22700.0  -127.875
  -22600.0  -128.000
  -22500.0  -128.125
  -22400.0  -128.250
  -22300.0  -128.375
  -22200.0  -128.500
  -22100.0  -128.625
  -22000.0  -128.750
  -21900.0  -128.875
  -21800.0  -129.000
  -21700.0  -129.125
  -21600.0  -129.250
  -21500.0  -129.375
  -21400.0  -129.500
  -21300.0  -129.625
  -21200.0  -129.750
  -21100.0  -129.875
  -21000.0  -130.000
  -20900.0  -129.000
  -20800.0  -128.000
  -20700.0  -127.000
  -20600.0  -126.000
  -20500.0  -125.000
  -20400.0  -124.000
  -20300.0  -123.000
  -20200.0  -122.000
  -20100.0  -121.000
  -20000.0  -120.000
  -19900.0  -119.000
  -19800.0  -118.000
  -19700.0  -117.000
  -19600.0  -116.000
  -19500.0  -115.000
  -19400.0  -114.000
  -19300.0  -113.000
  -19200.0  -112.000
  -19100.0  -111.000
  -19000.0  -110.000
  -18900.0  -109.000
  -18800.0  -108.000
  -18700.0  -107.000
  -18600.0  -106.000
  -18500.0  -105.000
  -18400.0  -104.000
  -18300.0  -103.000
  -18200.0  -102.000
  -18100.0  -101.000
  -18000.0  -100.000
  -17900.0   -99.000
  -17800.0   -98.000
  -17700.0   -97.000
  -17600.0   -96.000
  -17500.0   -95.000
  -17400.0   -94.000
  -17300.0   -93.000
  -17200.0   -92.000
  -17100.0   -91.000
  -17000.0   -90.000
  -16900.0   -89.000
  -16800.0   -88.000
  -16700.0   -87.000
  -16600.0   -86.000
  -16500.0   -85.000
  -16400.0   -84.000
  -16300.0   -83.000
  -16200.0   -82.000
  -16100.0   -81.000
  -16000.0   -80.000
  -15900.0   -79.000
  -15800.0   -78.000
  -15700.0   -77.000
  -15600.0   -76.000
  -15500.0   -75.000
  -15400.0   -74.000
  -15300.0   -73.000
  -15200.0   -72.000
  -15100.0   -71.000
  -15000.0   -70.000
  -14900.0   -69.000
  -14800.0   -68.000
  -14700.0   -67.000
  -14600.0   -66.000
  -14500.0   -65.000
  -14400.0   -64.000
  -14300.0   -63.000
  -14200.0   -62.000
  -14100.0   -61.000
  -14000.0   -60.000
  -13900.0   -59.000
  -13800.0   -58.000
  -13700.0   -57.000
  -13600.0   -56.000
  -13500.0   -55.000
  -13400.0   -54.000
  -13300.0   -53.000
  -13200.0   -52.000
  -13100.0   -51.000
  -13000.0   -50.000
  -12900.0   -49.000
  -12800.0   -48.000
  -12700.0   -47.000
  -12600.0   -46.000
  -12500.0   -45.000
  -12400.0   -44.000
  -12300.0   -43.000
  -12200.0   -42.000
  -12100.0   -41.000
  -12000.0   -40.000
  -11900.0   -39.000
  -11800.0   -38.000
  -11700.0   -37.000
  -11600.0   -36.000
  -11500.0   -35.000
  -11400.0   -34.000
  -11300.0   -33.000
  -11200.0   -32.000
  -11100.0   -31.000
  -11000.0   -30.000
  -10900.0   -29.000
  -10800.0   -28.000
  -10700.0   -27.000
  -10600.0   -26.000
  -10500.0   -25.000
  -10400.0   -24.000
  -10300.0   -23.000
  -10200.0   -22.000
  -10100.0   -21.000
  -10000.0   -20.000
   -9900.0   -19.000
   -9800.0   -18.000
   -9700.0   -17.000
   -9600.0   -16.000
   -9500.0   -15.000
   -9400.0   -14.000
   -9300.0   -13.000
   -9200.0   -12.000
   -9100.0   -11.000
   -9000.0   -10.000
   -8900.0    -9.000
   -8800.0    -8.000
   -8700.0    -7.000
   -8600.0    -6.000
   -8500.0    -5.000
   -8400.0    -4.000
   -8300.0    -3.000
   -8200.0    -2.000
   -8100.0    -1.000
   -8000.0     0.000
   -7900.0     0.000
   -7800.0     0.000
   -7700.0     0.000
   -7600.0     0.000
   -7500.0     0.000
   -7400.0     0.000
   -7300.0     0.000
   -7200.0     0.000
   -7100.0     0.000
   -7000.0     0.000
   -6900.0     0.000
   -6800.0     0.000
   -6700.0     0.000
   -6600.0     0.000
   -6500.0     0.000
   -6400.0     0.000
   -6300.0     0.000
   -6200.0     0.000
   -6100.0     0.000
   -6000.0     0.000
   -5900.0     0.000
   -5800.0     0.000
   -5700.0     0.000
   -5600.0     0.000
   -5500.0     0.000
   -5400.0     0.000
   -5300.0     0.000
   -5200.0     0.000
   -5100.0     0.000
   -5000.0     0.000
   -4900.0     0.000
   -4800.0     0.000
   -4700.0     0.000
   -4600.0     0.000
   -4500.0     0.000
   -4400.0     0.000
   -4300.0     0.000
   -4200.0     0.000
   -4100.0     0.000
   -4000.0     0.000
   -3900.0     0.000
   -3800.0     0.000
   -3700.0     0.000
   -3600.0     0.000
   -3500.0     0.000
   -3400.0     0.000
   -3300.0     0.000
   -3200.0     0.000
   -3100.0     0.000
   -3000.0     0.000
   -2900.0     0.000
   -2800.0     0.000
   -2700.0     0.000
   -2600.0     0.000
   -2500.0     0.000
   -2400.0     0.000
   -2300.0     0.000
   -2200.0     0.000
   -2100.0     0.000
   -2000.0     0.000
   -1900.0     0.000
   -1800.0     0.000
   -1700.0     0.000
   -1600.0     0.000
   -1500.0     0.000
   -1400.0     0.000
   -1300.0     0.000
   -1200.0     0.000
   -1100.0     0.000
   -1000.0     0.000
    -900.0     0.000
    -800.0     0.000
    -700.0     0.000
    -600.0     0.000
    -500.0     0.000
    -400.0     0.000
    -300.0     0.000
    -200.0     0.000
    -100.0     0.000
       0.0     0.000
 
# Saw-tooth-shaped palaeoclimatic sea-level forcing
# 
# 20231025T165924
