#  -422000  100  0
 -422000.0     0.095
 -421900.0     0.106
 -421800.0     0.117
 -421700.0     0.128
 -421600.0     0.140
 -421500.0     0.152
 -421400.0     0.179
 -421300.0     0.207
 -421200.0     0.234
 -421100.0     0.262
 -421000.0     0.289
 -420900.0     0.317
 -420800.0     0.352
 -420700.0     0.388
 -420600.0     0.424
 -420500.0     0.461
 -420400.0     0.497
 -420300.0     0.533
 -420200.0     0.536
 -420100.0     0.531
 -420000.0     0.526
 -419900.0     0.521
 -419800.0     0.516
 -419700.0     0.511
 -419600.0     0.570
 -419500.0     0.643
 -419400.0     0.717
 -419300.0     0.790
 -419200.0     0.863
 -419100.0     0.936
 -419000.0     0.995
 -418900.0     1.053
 -418800.0     1.111
 -418700.0     1.169
 -418600.0     1.227
 -418500.0     1.276
 -418400.0     1.299
 -418300.0     1.323
 -418200.0     1.346
 -418100.0     1.369
 -418000.0     1.393
 -417900.0     1.404
 -417800.0     1.409
 -417700.0     1.415
 -417600.0     1.420
 -417500.0     1.426
 -417400.0     1.428
 -417300.0     1.415
 -417200.0     1.402
 -417100.0     1.389
 -417000.0     1.376
 -416900.0     1.364
 -416800.0     1.355
 -416700.0     1.347
 -416600.0     1.340
 -416500.0     1.333
 -416400.0     1.325
 -416300.0     1.311
 -416200.0     1.276
 -416100.0     1.241
 -416000.0     1.206
 -415900.0     1.171
 -415800.0     1.137
 -415700.0     1.134
 -415600.0     1.140
 -415500.0     1.145
 -415400.0     1.151
 -415300.0     1.156
 -415200.0     1.154
 -415100.0     1.138
 -415000.0     1.121
 -414900.0     1.104
 -414800.0     1.088
 -414700.0     1.071
 -414600.0     1.033
 -414500.0     0.992
 -414400.0     0.952
 -414300.0     0.912
 -414200.0     0.871
 -414100.0     0.846
 -414000.0     0.837
 -413900.0     0.827
 -413800.0     0.818
 -413700.0     0.809
 -413600.0     0.801
 -413500.0     0.852
 -413400.0     0.904
 -413300.0     0.956
 -413200.0     1.008
 -413100.0     1.060
 -413000.0     1.088
 -412900.0     1.101
 -412800.0     1.115
 -412700.0     1.128
 -412600.0     1.141
 -412500.0     1.155
 -412400.0     1.170
 -412300.0     1.186
 -412200.0     1.201
 -412100.0     1.216
 -412000.0     1.232
 -411900.0     1.253
 -411800.0     1.274
 -411700.0     1.296
 -411600.0     1.317
 -411500.0     1.338
 -411400.0     1.327
 -411300.0     1.314
 -411200.0     1.300
 -411100.0     1.287
 -411000.0     1.273
 -410900.0     1.407
 -410800.0     1.580
 -410700.0     1.754
 -410600.0     1.927
 -410500.0     2.101
 -410400.0     2.047
 -410300.0     1.946
 -410200.0     1.846
 -410100.0     1.745
 -410000.0     1.645
 -409900.0     1.571
 -409800.0     1.499
 -409700.0     1.427
 -409600.0     1.355
 -409500.0     1.283
 -409400.0     1.250
 -409300.0     1.218
 -409200.0     1.186
 -409100.0     1.154
 -409000.0     1.123
 -408900.0     1.087
 -408800.0     1.052
 -408700.0     1.016
 -408600.0     0.981
 -408500.0     0.945
 -408400.0     0.925
 -408300.0     0.907
 -408200.0     0.890
 -408100.0     0.872
 -408000.0     0.854
 -407900.0     0.829
 -407800.0     0.801
 -407700.0     0.774
 -407600.0     0.746
 -407500.0     0.719
 -407400.0     0.680
 -407300.0     0.637
 -407200.0     0.594
 -407100.0     0.551
 -407000.0     0.508
 -406900.0     0.470
 -406800.0     0.435
 -406700.0     0.400
 -406600.0     0.365
 -406500.0     0.331
 -406400.0     0.300
 -406300.0     0.275
 -406200.0     0.250
 -406100.0     0.224
 -406000.0     0.199
 -405900.0     0.168
 -405800.0     0.114
 -405700.0     0.060
 -405600.0     0.007
 -405500.0    -0.047
 -405400.0    -0.100
 -405300.0    -0.134
 -405200.0    -0.169
 -405100.0    -0.203
 -405000.0    -0.237
 -404900.0    -0.271
 -404800.0    -0.293
 -404700.0    -0.310
 -404600.0    -0.327
 -404500.0    -0.344
 -404400.0    -0.361
 -404300.0    -0.388
 -404200.0    -0.428
 -404100.0    -0.467
 -404000.0    -0.507
 -403900.0    -0.546
 -403800.0    -0.592
 -403700.0    -0.672
 -403600.0    -0.752
 -403500.0    -0.831
 -403400.0    -0.911
 -403300.0    -0.991
 -403200.0    -1.041
 -403100.0    -1.081
 -403000.0    -1.121
 -402900.0    -1.161
 -402800.0    -1.201
 -402700.0    -1.232
 -402600.0    -1.237
 -402500.0    -1.242
 -402400.0    -1.248
 -402300.0    -1.253
 -402200.0    -1.259
 -402100.0    -1.235
 -402000.0    -1.204
 -401900.0    -1.173
 -401800.0    -1.141
 -401700.0    -1.110
 -401600.0    -1.095
 -401500.0    -1.110
 -401400.0    -1.125
 -401300.0    -1.140
 -401200.0    -1.155
 -401100.0    -1.170
 -401000.0    -1.243
 -400900.0    -1.318
 -400800.0    -1.394
 -400700.0    -1.469
 -400600.0    -1.545
 -400500.0    -1.586
 -400400.0    -1.597
 -400300.0    -1.608
 -400200.0    -1.619
 -400100.0    -1.629
 -400000.0    -1.640
 -399900.0    -1.642
 -399800.0    -1.644
 -399700.0    -1.646
 -399600.0    -1.647
 -399500.0    -1.649
 -399400.0    -1.653
 -399300.0    -1.659
 -399200.0    -1.664
 -399100.0    -1.670
 -399000.0    -1.675
 -398900.0    -1.684
 -398800.0    -1.728
 -398700.0    -1.772
 -398600.0    -1.815
 -398500.0    -1.859
 -398400.0    -1.903
 -398300.0    -1.943
 -398200.0    -1.981
 -398100.0    -2.019
 -398000.0    -2.057
 -397900.0    -2.095
 -397800.0    -2.131
 -397700.0    -2.144
 -397600.0    -2.156
 -397500.0    -2.169
 -397400.0    -2.181
 -397300.0    -2.194
 -397200.0    -2.232
 -397100.0    -2.293
 -397000.0    -2.354
 -396900.0    -2.415
 -396800.0    -2.476
 -396700.0    -2.536
 -396600.0    -2.583
 -396500.0    -2.629
 -396400.0    -2.675
 -396300.0    -2.720
 -396200.0    -2.766
 -396100.0    -2.828
 -396000.0    -2.936
 -395900.0    -3.044
 -395800.0    -3.152
 -395700.0    -3.260
 -395600.0    -3.368
 -395500.0    -3.487
 -395400.0    -3.618
 -395300.0    -3.750
 -395200.0    -3.881
 -395100.0    -4.013
 -395000.0    -4.144
 -394900.0    -4.273
 -394800.0    -4.397
 -394700.0    -4.521
 -394600.0    -4.645
 -394500.0    -4.769
 -394400.0    -4.892
 -394300.0    -5.016
 -394200.0    -5.076
 -394100.0    -5.133
 -394000.0    -5.191
 -393900.0    -5.248
 -393800.0    -5.306
 -393700.0    -5.363
 -393600.0    -5.395
 -393500.0    -5.382
 -393400.0    -5.368
 -393300.0    -5.354
 -393200.0    -5.341
 -393100.0    -5.327
 -393000.0    -5.314
 -392900.0    -5.295
 -392800.0    -5.273
 -392700.0    -5.252
 -392600.0    -5.230
 -392500.0    -5.209
 -392400.0    -5.188
 -392300.0    -5.181
 -392200.0    -5.246
 -392100.0    -5.312
 -392000.0    -5.377
 -391900.0    -5.442
 -391800.0    -5.507
 -391700.0    -5.573
 -391600.0    -5.579
 -391500.0    -5.542
 -391400.0    -5.506
 -391300.0    -5.470
 -391200.0    -5.433
 -391100.0    -5.397
 -391000.0    -5.360
 -390900.0    -5.357
 -390800.0    -5.354
 -390700.0    -5.351
 -390600.0    -5.348
 -390500.0    -5.345
 -390400.0    -5.342
 -390300.0    -5.348
 -390200.0    -5.363
 -390100.0    -5.378
 -390000.0    -5.394
 -389900.0    -5.409
 -389800.0    -5.425
 -389700.0    -5.440
 -389600.0    -5.382
 -389500.0    -5.324
 -389400.0    -5.266
 -389300.0    -5.208
 -389200.0    -5.150
 -389100.0    -5.093
 -389000.0    -5.065
 -388900.0    -5.057
 -388800.0    -5.049
 -388700.0    -5.041
 -388600.0    -5.033
 -388500.0    -5.025
 -388400.0    -5.041
 -388300.0    -5.101
 -388200.0    -5.162
 -388100.0    -5.222
 -388000.0    -5.282
 -387900.0    -5.342
 -387800.0    -5.400
 -387700.0    -5.410
 -387600.0    -5.419
 -387500.0    -5.429
 -387400.0    -5.438
 -387300.0    -5.447
 -387200.0    -5.457
 -387100.0    -5.480
 -387000.0    -5.510
 -386900.0    -5.539
 -386800.0    -5.569
 -386700.0    -5.599
 -386600.0    -5.629
 -386500.0    -5.637
 -386400.0    -5.591
 -386300.0    -5.546
 -386200.0    -5.500
 -386100.0    -5.454
 -386000.0    -5.408
 -385900.0    -5.363
 -385800.0    -5.233
 -385700.0    -5.097
 -385600.0    -4.962
 -385500.0    -4.827
 -385400.0    -4.692
 -385300.0    -4.556
 -385200.0    -4.473
 -385100.0    -4.397
 -385000.0    -4.321
 -384900.0    -4.245
 -384800.0    -4.169
 -384700.0    -4.084
 -384600.0    -3.928
 -384500.0    -3.772
 -384400.0    -3.616
 -384300.0    -3.460
 -384200.0    -3.304
 -384100.0    -3.156
 -384000.0    -3.013
 -383900.0    -2.870
 -383800.0    -2.727
 -383700.0    -2.584
 -383600.0    -2.518
 -383500.0    -2.561
 -383400.0    -2.605
 -383300.0    -2.648
 -383200.0    -2.691
 -383100.0    -2.733
 -383000.0    -2.772
 -382900.0    -2.811
 -382800.0    -2.850
 -382700.0    -2.890
 -382600.0    -2.953
 -382500.0    -3.105
 -382400.0    -3.257
 -382300.0    -3.409
 -382200.0    -3.561
 -382100.0    -3.712
 -382000.0    -3.778
 -381900.0    -3.838
 -381800.0    -3.899
 -381700.0    -3.960
 -381600.0    -4.020
 -381500.0    -4.075
 -381400.0    -4.124
 -381300.0    -4.172
 -381200.0    -4.221
 -381100.0    -4.270
 -381000.0    -4.319
 -380900.0    -4.382
 -380800.0    -4.446
 -380700.0    -4.510
 -380600.0    -4.574
 -380500.0    -4.638
 -380400.0    -4.692
 -380300.0    -4.727
 -380200.0    -4.762
 -380100.0    -4.797
 -380000.0    -4.832
 -379900.0    -4.867
 -379800.0    -4.852
 -379700.0    -4.808
 -379600.0    -4.764
 -379500.0    -4.720
 -379400.0    -4.675
 -379300.0    -4.631
 -379200.0    -4.570
 -379100.0    -4.509
 -379000.0    -4.448
 -378900.0    -4.386
 -378800.0    -4.325
 -378700.0    -4.244
 -378600.0    -4.137
 -378500.0    -4.030
 -378400.0    -3.923
 -378300.0    -3.816
 -378200.0    -3.706
 -378100.0    -3.562
 -378000.0    -3.418
 -377900.0    -3.275
 -377800.0    -3.131
 -377700.0    -2.991
 -377600.0    -3.047
 -377500.0    -3.104
 -377400.0    -3.160
 -377300.0    -3.216
 -377200.0    -3.276
 -377100.0    -3.432
 -377000.0    -3.588
 -376900.0    -3.743
 -376800.0    -3.899
 -376700.0    -4.054
 -376600.0    -4.151
 -376500.0    -4.240
 -376400.0    -4.330
 -376300.0    -4.420
 -376200.0    -4.510
 -376100.0    -4.603
 -376000.0    -4.699
 -375900.0    -4.795
 -375800.0    -4.891
 -375700.0    -4.988
 -375600.0    -5.081
 -375500.0    -5.113
 -375400.0    -5.145
 -375300.0    -5.177
 -375200.0    -5.209
 -375100.0    -5.241
 -375000.0    -5.265
 -374900.0    -5.278
 -374800.0    -5.290
 -374700.0    -5.302
 -374600.0    -5.315
 -374500.0    -5.327
 -374400.0    -5.375
 -374300.0    -5.433
 -374200.0    -5.491
 -374100.0    -5.549
 -374000.0    -5.607
 -373900.0    -5.664
 -373800.0    -5.705
 -373700.0    -5.747
 -373600.0    -5.788
 -373500.0    -5.830
 -373400.0    -5.871
 -373300.0    -5.913
 -373200.0    -5.956
 -373100.0    -5.999
 -373000.0    -6.041
 -372900.0    -6.084
 -372800.0    -6.127
 -372700.0    -6.183
 -372600.0    -6.255
 -372500.0    -6.327
 -372400.0    -6.399
 -372300.0    -6.471
 -372200.0    -6.543
 -372100.0    -6.587
 -372000.0    -6.602
 -371900.0    -6.617
 -371800.0    -6.632
 -371700.0    -6.647
 -371600.0    -6.662
 -371500.0    -6.598
 -371400.0    -6.439
 -371300.0    -6.281
 -371200.0    -6.122
 -371100.0    -5.963
 -371000.0    -5.804
 -370900.0    -5.706
 -370800.0    -5.648
 -370700.0    -5.591
 -370600.0    -5.533
 -370500.0    -5.476
 -370400.0    -5.419
 -370300.0    -5.384
 -370200.0    -5.349
 -370100.0    -5.314
 -370000.0    -5.280
 -369900.0    -5.245
 -369800.0    -5.154
 -369700.0    -5.023
 -369600.0    -4.892
 -369500.0    -4.761
 -369400.0    -4.630
 -369300.0    -4.509
 -369200.0    -4.407
 -369100.0    -4.305
 -369000.0    -4.204
 -368900.0    -4.102
 -368800.0    -4.055
 -368700.0    -4.141
 -368600.0    -4.227
 -368500.0    -4.313
 -368400.0    -4.399
 -368300.0    -4.489
 -368200.0    -4.588
 -368100.0    -4.688
 -368000.0    -4.787
 -367900.0    -4.886
 -367800.0    -4.967
 -367700.0    -4.945
 -367600.0    -4.924
 -367500.0    -4.903
 -367400.0    -4.882
 -367300.0    -4.861
 -367200.0    -4.856
 -367100.0    -4.852
 -367000.0    -4.848
 -366900.0    -4.845
 -366800.0    -4.841
 -366700.0    -4.887
 -366600.0    -4.943
 -366500.0    -4.999
 -366400.0    -5.055
 -366300.0    -5.111
 -366200.0    -5.165
 -366100.0    -5.216
 -366000.0    -5.268
 -365900.0    -5.319
 -365800.0    -5.371
 -365700.0    -5.439
 -365600.0    -5.528
 -365500.0    -5.618
 -365400.0    -5.708
 -365300.0    -5.797
 -365200.0    -5.885
 -365100.0    -5.945
 -365000.0    -6.005
 -364900.0    -6.065
 -364800.0    -6.125
 -364700.0    -6.185
 -364600.0    -6.170
 -364500.0    -6.102
 -364400.0    -6.034
 -364300.0    -5.966
 -364200.0    -5.898
 -364100.0    -5.837
 -364000.0    -5.814
 -363900.0    -5.792
 -363800.0    -5.769
 -363700.0    -5.747
 -363600.0    -5.724
 -363500.0    -5.791
 -363400.0    -5.881
 -363300.0    -5.970
 -363200.0    -6.059
 -363100.0    -6.148
 -363000.0    -6.177
 -362900.0    -6.121
 -362800.0    -6.065
 -362700.0    -6.010
 -362600.0    -5.954
 -362500.0    -5.899
 -362400.0    -5.879
 -362300.0    -5.858
 -362200.0    -5.837
 -362100.0    -5.816
 -362000.0    -5.796
 -361900.0    -5.852
 -361800.0    -5.936
 -361700.0    -6.020
 -361600.0    -6.105
 -361500.0    -6.189
 -361400.0    -6.226
 -361300.0    -6.190
 -361200.0    -6.155
 -361100.0    -6.119
 -361000.0    -6.084
 -360900.0    -6.049
 -360800.0    -6.018
 -360700.0    -5.988
 -360600.0    -5.958
 -360500.0    -5.928
 -360400.0    -5.897
 -360300.0    -5.877
 -360200.0    -5.860
 -360100.0    -5.842
 -360000.0    -5.825
 -359900.0    -5.808
 -359800.0    -5.864
 -359700.0    -5.979
 -359600.0    -6.095
 -359500.0    -6.210
 -359400.0    -6.326
 -359300.0    -6.421
 -359200.0    -6.464
 -359100.0    -6.507
 -359000.0    -6.549
 -358900.0    -6.592
 -358800.0    -6.634
 -358700.0    -6.600
 -358600.0    -6.554
 -358500.0    -6.507
 -358400.0    -6.461
 -358300.0    -6.415
 -358200.0    -6.407
 -358100.0    -6.442
 -358000.0    -6.478
 -357900.0    -6.513
 -357800.0    -6.549
 -357700.0    -6.589
 -357600.0    -6.668
 -357500.0    -6.747
 -357400.0    -6.826
 -357300.0    -6.905
 -357200.0    -6.984
 -357100.0    -7.038
 -357000.0    -7.079
 -356900.0    -7.121
 -356800.0    -7.162
 -356700.0    -7.204
 -356600.0    -7.233
 -356500.0    -7.179
 -356400.0    -7.125
 -356300.0    -7.070
 -356200.0    -7.016
 -356100.0    -6.962
 -356000.0    -6.961
 -355900.0    -6.995
 -355800.0    -7.030
 -355700.0    -7.065
 -355600.0    -7.099
 -355500.0    -7.136
 -355400.0    -7.187
 -355300.0    -7.237
 -355200.0    -7.288
 -355100.0    -7.338
 -355000.0    -7.389
 -354900.0    -7.415
 -354800.0    -7.424
 -354700.0    -7.433
 -354600.0    -7.442
 -354500.0    -7.451
 -354400.0    -7.460
 -354300.0    -7.504
 -354200.0    -7.549
 -354100.0    -7.593
 -354000.0    -7.638
 -353900.0    -7.682
 -353800.0    -7.710
 -353700.0    -7.710
 -353600.0    -7.710
 -353500.0    -7.710
 -353400.0    -7.710
 -353300.0    -7.710
 -353200.0    -7.718
 -353100.0    -7.728
 -353000.0    -7.739
 -352900.0    -7.750
 -352800.0    -7.760
 -352700.0    -7.768
 -352600.0    -7.744
 -352500.0    -7.721
 -352400.0    -7.698
 -352300.0    -7.675
 -352200.0    -7.652
 -352100.0    -7.634
 -352000.0    -7.621
 -351900.0    -7.608
 -351800.0    -7.596
 -351700.0    -7.583
 -351600.0    -7.571
 -351500.0    -7.582
 -351400.0    -7.595
 -351300.0    -7.608
 -351200.0    -7.620
 -351100.0    -7.633
 -351000.0    -7.640
 -350900.0    -7.640
 -350800.0    -7.640
 -350700.0    -7.640
 -350600.0    -7.640
 -350500.0    -7.640
 -350400.0    -7.635
 -350300.0    -7.629
 -350200.0    -7.624
 -350100.0    -7.618
 -350000.0    -7.613
 -349900.0    -7.586
 -349800.0    -7.532
 -349700.0    -7.479
 -349600.0    -7.425
 -349500.0    -7.371
 -349400.0    -7.318
 -349300.0    -7.261
 -349200.0    -7.204
 -349100.0    -7.147
 -349000.0    -7.090
 -348900.0    -7.033
 -348800.0    -7.024
 -348700.0    -7.030
 -348600.0    -7.036
 -348500.0    -7.042
 -348400.0    -7.048
 -348300.0    -7.036
 -348200.0    -7.010
 -348100.0    -6.985
 -348000.0    -6.960
 -347900.0    -6.935
 -347800.0    -6.913
 -347700.0    -6.895
 -347600.0    -6.878
 -347500.0    -6.860
 -347400.0    -6.842
 -347300.0    -6.831
 -347200.0    -6.833
 -347100.0    -6.835
 -347000.0    -6.837
 -346900.0    -6.838
 -346800.0    -6.836
 -346700.0    -6.820
 -346600.0    -6.805
 -346500.0    -6.789
 -346400.0    -6.773
 -346300.0    -6.756
 -346200.0    -6.734
 -346100.0    -6.712
 -346000.0    -6.690
 -345900.0    -6.667
 -345800.0    -6.647
 -345700.0    -6.633
 -345600.0    -6.619
 -345500.0    -6.605
 -345400.0    -6.590
 -345300.0    -6.572
 -345200.0    -6.541
 -345100.0    -6.510
 -345000.0    -6.479
 -344900.0    -6.449
 -344800.0    -6.463
 -344700.0    -6.546
 -344600.0    -6.630
 -344500.0    -6.713
 -344400.0    -6.797
 -344300.0    -6.832
 -344200.0    -6.816
 -344100.0    -6.800
 -344000.0    -6.784
 -343900.0    -6.768
 -343800.0    -6.747
 -343700.0    -6.722
 -343600.0    -6.698
 -343500.0    -6.673
 -343400.0    -6.649
 -343300.0    -6.633
 -343200.0    -6.623
 -343100.0    -6.613
 -343000.0    -6.602
 -342900.0    -6.592
 -342800.0    -6.545
 -342700.0    -6.489
 -342600.0    -6.432
 -342500.0    -6.376
 -342400.0    -6.320
 -342300.0    -6.307
 -342200.0    -6.294
 -342100.0    -6.282
 -342000.0    -6.269
 -341900.0    -6.263
 -341800.0    -6.274
 -341700.0    -6.285
 -341600.0    -6.295
 -341500.0    -6.306
 -341400.0    -6.384
 -341300.0    -6.503
 -341200.0    -6.622
 -341100.0    -6.742
 -341000.0    -6.861
 -340900.0    -6.975
 -340800.0    -7.089
 -340700.0    -7.202
 -340600.0    -7.315
 -340500.0    -7.429
 -340400.0    -7.384
 -340300.0    -7.321
 -340200.0    -7.259
 -340100.0    -7.197
 -340000.0    -7.134
 -339900.0    -7.101
 -339800.0    -7.071
 -339700.0    -7.040
 -339600.0    -7.009
 -339500.0    -6.984
 -339400.0    -7.070
 -339300.0    -7.156
 -339200.0    -7.241
 -339100.0    -7.327
 -339000.0    -7.397
 -338900.0    -7.377
 -338800.0    -7.356
 -338700.0    -7.336
 -338600.0    -7.316
 -338500.0    -7.294
 -338400.0    -7.265
 -338300.0    -7.237
 -338200.0    -7.208
 -338100.0    -7.179
 -338000.0    -7.178
 -337900.0    -7.231
 -337800.0    -7.284
 -337700.0    -7.337
 -337600.0    -7.390
 -337500.0    -7.409
 -337400.0    -7.385
 -337300.0    -7.360
 -337200.0    -7.336
 -337100.0    -7.311
 -337000.0    -7.315
 -336900.0    -7.341
 -336800.0    -7.368
 -336700.0    -7.395
 -336600.0    -7.421
 -336500.0    -7.409
 -336400.0    -7.378
 -336300.0    -7.348
 -336200.0    -7.317
 -336100.0    -7.286
 -336000.0    -7.330
 -335900.0    -7.392
 -335800.0    -7.453
 -335700.0    -7.515
 -335600.0    -7.577
 -335500.0    -7.636
 -335400.0    -7.694
 -335300.0    -7.753
 -335200.0    -7.811
 -335100.0    -7.870
 -335000.0    -7.882
 -334900.0    -7.894
 -334800.0    -7.906
 -334700.0    -7.918
 -334600.0    -7.930
 -334500.0    -7.932
 -334400.0    -7.934
 -334300.0    -7.936
 -334200.0    -7.938
 -334100.0    -7.940
 -334000.0    -7.960
 -333900.0    -7.980
 -333800.0    -8.000
 -333700.0    -8.020
 -333600.0    -8.039
 -333500.0    -8.003
 -333400.0    -7.967
 -333300.0    -7.930
 -333200.0    -7.894
 -333100.0    -7.853
 -333000.0    -7.737
 -332900.0    -7.621
 -332800.0    -7.504
 -332700.0    -7.388
 -332600.0    -7.265
 -332500.0    -7.119
 -332400.0    -6.974
 -332300.0    -6.828
 -332200.0    -6.682
 -332100.0    -6.547
 -332000.0    -6.417
 -331900.0    -6.287
 -331800.0    -6.157
 -331700.0    -6.042
 -331600.0    -5.972
 -331500.0    -5.901
 -331400.0    -5.831
 -331300.0    -5.760
 -331200.0    -5.738
 -331100.0    -5.717
 -331000.0    -5.695
 -330900.0    -5.674
 -330800.0    -5.556
 -330700.0    -5.418
 -330600.0    -5.281
 -330500.0    -5.143
 -330400.0    -5.070
 -330300.0    -5.016
 -330200.0    -4.963
 -330100.0    -4.910
 -330000.0    -4.829
 -329900.0    -4.741
 -329800.0    -4.653
 -329700.0    -4.565
 -329600.0    -4.472
 -329500.0    -4.379
 -329400.0    -4.286
 -329300.0    -4.184
 -329200.0    -4.038
 -329100.0    -3.892
 -329000.0    -3.746
 -328900.0    -3.638
 -328800.0    -3.561
 -328700.0    -3.485
 -328600.0    -3.408
 -328500.0    -3.297
 -328400.0    -3.187
 -328300.0    -3.076
 -328200.0    -2.962
 -328100.0    -2.846
 -328000.0    -2.729
 -327900.0    -2.633
 -327800.0    -2.606
 -327700.0    -2.578
 -327600.0    -2.551
 -327500.0    -2.508
 -327400.0    -2.465
 -327300.0    -2.422
 -327200.0    -2.405
 -327100.0    -2.399
 -327000.0    -2.393
 -326900.0    -2.280
 -326800.0    -2.069
 -326700.0    -1.859
 -326600.0    -1.629
 -326500.0    -1.370
 -326400.0    -1.110
 -326300.0    -0.854
 -326200.0    -0.601
 -326100.0    -0.349
 -326000.0    -0.183
 -325900.0    -0.072
 -325800.0     0.038
 -325700.0     0.264
 -325600.0     0.504
 -325500.0     0.779
 -325400.0     1.144
 -325300.0     1.510
 -325200.0     1.639
 -325100.0     1.702
 -325000.0     1.783
 -324900.0     1.894
 -324800.0     2.006
 -324700.0     2.154
 -324600.0     2.302
 -324500.0     2.442
 -324400.0     2.580
 -324300.0     2.697
 -324200.0     2.792
 -324100.0     2.857
 -324000.0     2.848
 -323900.0     2.848
 -323800.0     2.917
 -323700.0     2.987
 -323600.0     3.057
 -323500.0     3.127
 -323400.0     3.117
 -323300.0     3.089
 -323200.0     3.080
 -323100.0     3.080
 -323000.0     3.107
 -322900.0     3.155
 -322800.0     3.182
 -322700.0     3.187
 -322600.0     3.124
 -322500.0     2.949
 -322400.0     2.824
 -322300.0     2.838
 -322200.0     2.837
 -322100.0     2.743
 -322000.0     2.650
 -321900.0     2.433
 -321800.0     2.217
 -321700.0     1.987
 -321600.0     1.755
 -321500.0     1.557
 -321400.0     1.383
 -321300.0     1.245
 -321200.0     1.194
 -321100.0     1.143
 -321000.0     0.838
 -320900.0     0.520
 -320800.0     0.274
 -320700.0     0.086
 -320600.0    -0.092
 -320500.0    -0.128
 -320400.0    -0.164
 -320300.0    -0.167
 -320200.0    -0.143
 -320100.0    -0.118
 -320000.0    -0.009
 -319900.0     0.099
 -319800.0     0.169
 -319700.0     0.206
 -319600.0     0.237
 -319500.0     0.205
 -319400.0     0.172
 -319300.0     0.124
 -319200.0     0.067
 -319100.0     0.019
 -319000.0     0.015
 -318900.0     0.011
 -318800.0     0.066
 -318700.0     0.144
 -318600.0     0.179
 -318500.0     0.105
 -318400.0     0.031
 -318300.0     0.003
 -318200.0    -0.018
 -318100.0    -0.048
 -318000.0    -0.094
 -317900.0    -0.139
 -317800.0    -0.250
 -317700.0    -0.362
 -317600.0    -0.414
 -317500.0    -0.402
 -317400.0    -0.389
 -317300.0    -0.312
 -317200.0    -0.235
 -317100.0    -0.229
 -317000.0    -0.282
 -316900.0    -0.324
 -316800.0    -0.262
 -316700.0    -0.201
 -316600.0    -0.180
 -316500.0    -0.180
 -316400.0    -0.212
 -316300.0    -0.347
 -316200.0    -0.482
 -316100.0    -0.494
 -316000.0    -0.473
 -315900.0    -0.463
 -315800.0    -0.471
 -315700.0    -0.479
 -315600.0    -0.538
 -315500.0    -0.603
 -315400.0    -0.697
 -315300.0    -0.830
 -315200.0    -0.962
 -315100.0    -0.977
 -315000.0    -0.985
 -314900.0    -1.009
 -314800.0    -1.053
 -314700.0    -1.096
 -314600.0    -1.180
 -314500.0    -1.266
 -314400.0    -1.326
 -314300.0    -1.342
 -314200.0    -1.357
 -314100.0    -1.367
 -314000.0    -1.374
 -313900.0    -1.376
 -313800.0    -1.360
 -313700.0    -1.344
 -313600.0    -1.418
 -313500.0    -1.524
 -313400.0    -1.623
 -313300.0    -1.692
 -313200.0    -1.762
 -313100.0    -1.819
 -313000.0    -1.869
 -312900.0    -1.919
 -312800.0    -2.058
 -312700.0    -2.198
 -312600.0    -2.298
 -312500.0    -2.320
 -312400.0    -2.343
 -312300.0    -2.375
 -312200.0    -2.412
 -312100.0    -2.450
 -312000.0    -2.365
 -311900.0    -2.279
 -311800.0    -2.233
 -311700.0    -2.275
 -311600.0    -2.317
 -311500.0    -2.345
 -311400.0    -2.368
 -311300.0    -2.391
 -311200.0    -2.447
 -311100.0    -2.503
 -311000.0    -2.571
 -310900.0    -2.660
 -310800.0    -2.750
 -310700.0    -2.848
 -310600.0    -2.950
 -310500.0    -3.053
 -310400.0    -3.147
 -310300.0    -3.241
 -310200.0    -3.324
 -310100.0    -3.349
 -310000.0    -3.374
 -309900.0    -3.426
 -309800.0    -3.532
 -309700.0    -3.638
 -309600.0    -3.715
 -309500.0    -3.764
 -309400.0    -3.813
 -309300.0    -3.837
 -309200.0    -3.847
 -309100.0    -3.858
 -309000.0    -3.884
 -308900.0    -3.915
 -308800.0    -3.947
 -308700.0    -3.993
 -308600.0    -4.042
 -308500.0    -4.090
 -308400.0    -4.199
 -308300.0    -4.308
 -308200.0    -4.416
 -308100.0    -4.510
 -308000.0    -4.604
 -307900.0    -4.687
 -307800.0    -4.650
 -307700.0    -4.614
 -307600.0    -4.584
 -307500.0    -4.631
 -307400.0    -4.677
 -307300.0    -4.731
 -307200.0    -4.853
 -307100.0    -4.974
 -307000.0    -5.091
 -306900.0    -5.107
 -306800.0    -5.123
 -306700.0    -5.140
 -306600.0    -5.266
 -306500.0    -5.394
 -306400.0    -5.522
 -306300.0    -5.507
 -306200.0    -5.469
 -306100.0    -5.430
 -306000.0    -5.354
 -305900.0    -5.263
 -305800.0    -5.173
 -305700.0    -5.072
 -305600.0    -4.966
 -305500.0    -4.859
 -305400.0    -4.712
 -305300.0    -4.541
 -305200.0    -4.370
 -305100.0    -4.273
 -305000.0    -4.206
 -304900.0    -4.139
 -304800.0    -4.053
 -304700.0    -3.964
 -304600.0    -3.871
 -304500.0    -3.717
 -304400.0    -3.563
 -304300.0    -3.406
 -304200.0    -3.244
 -304100.0    -3.082
 -304000.0    -2.990
 -303900.0    -2.932
 -303800.0    -2.859
 -303700.0    -2.644
 -303600.0    -2.430
 -303500.0    -2.196
 -303400.0    -1.948
 -303300.0    -1.760
 -303200.0    -1.886
 -303100.0    -2.011
 -303000.0    -2.116
 -302900.0    -2.215
 -302800.0    -2.403
 -302700.0    -2.766
 -302600.0    -3.128
 -302500.0    -3.332
 -302400.0    -3.503
 -302300.0    -3.572
 -302200.0    -3.232
 -302100.0    -2.893
 -302000.0    -2.701
 -301900.0    -2.604
 -301800.0    -2.561
 -301700.0    -2.877
 -301600.0    -3.194
 -301500.0    -3.226
 -301400.0    -3.069
 -301300.0    -2.925
 -301200.0    -3.024
 -301100.0    -3.123
 -301000.0    -3.129
 -300900.0    -3.050
 -300800.0    -2.971
 -300700.0    -3.033
 -300600.0    -3.096
 -300500.0    -3.154
 -300400.0    -3.205
 -300300.0    -3.256
 -300200.0    -3.194
 -300100.0    -3.123
 -300000.0    -3.097
 -299900.0    -3.141
 -299800.0    -3.185
 -299700.0    -3.280
 -299600.0    -3.382
 -299500.0    -3.481
 -299400.0    -3.574
 -299300.0    -3.667
 -299200.0    -3.790
 -299100.0    -3.923
 -299000.0    -4.030
 -298900.0    -3.942
 -298800.0    -3.855
 -298700.0    -3.882
 -298600.0    -4.030
 -298500.0    -4.178
 -298400.0    -4.288
 -298300.0    -4.392
 -298200.0    -4.485
 -298100.0    -4.518
 -298000.0    -4.551
 -297900.0    -4.590
 -297800.0    -4.638
 -297700.0    -4.685
 -297600.0    -4.750
 -297500.0    -4.822
 -297400.0    -4.895
 -297300.0    -4.870
 -297200.0    -4.837
 -297100.0    -4.816
 -297000.0    -4.856
 -296900.0    -4.896
 -296800.0    -4.937
 -296700.0    -4.980
 -296600.0    -5.024
 -296500.0    -4.924
 -296400.0    -4.737
 -296300.0    -4.551
 -296200.0    -4.543
 -296100.0    -4.558
 -296000.0    -4.597
 -295900.0    -4.734
 -295800.0    -4.870
 -295700.0    -4.944
 -295600.0    -4.951
 -295500.0    -4.958
 -295400.0    -5.006
 -295300.0    -5.067
 -295200.0    -5.129
 -295100.0    -5.204
 -295000.0    -5.279
 -294900.0    -5.355
 -294800.0    -5.433
 -294700.0    -5.511
 -294600.0    -5.624
 -294500.0    -5.797
 -294400.0    -5.970
 -294300.0    -5.983
 -294200.0    -5.824
 -294100.0    -5.664
 -294000.0    -5.544
 -293900.0    -5.452
 -293800.0    -5.359
 -293700.0    -5.306
 -293600.0    -5.262
 -293500.0    -5.217
 -293400.0    -5.046
 -293300.0    -4.876
 -293200.0    -4.624
 -293100.0    -4.198
 -293000.0    -3.772
 -292900.0    -3.605
 -292800.0    -3.519
 -292700.0    -3.468
 -292600.0    -3.493
 -292500.0    -3.518
 -292400.0    -3.741
 -292300.0    -3.987
 -292200.0    -4.210
 -292100.0    -4.402
 -292000.0    -4.593
 -291900.0    -4.766
 -291800.0    -4.936
 -291700.0    -5.059
 -291600.0    -5.006
 -291500.0    -4.954
 -291400.0    -4.871
 -291300.0    -4.764
 -291200.0    -4.657
 -291100.0    -4.826
 -291000.0    -5.016
 -290900.0    -5.176
 -290800.0    -5.265
 -290700.0    -5.354
 -290600.0    -5.522
 -290500.0    -5.741
 -290400.0    -5.961
 -290300.0    -6.000
 -290200.0    -6.000
 -290100.0    -6.000
 -290000.0    -5.841
 -289900.0    -5.682
 -289800.0    -5.569
 -289700.0    -5.609
 -289600.0    -5.650
 -289500.0    -5.739
 -289400.0    -5.879
 -289300.0    -6.019
 -289200.0    -6.170
 -289100.0    -6.324
 -289000.0    -6.478
 -288900.0    -6.452
 -288800.0    -6.397
 -288700.0    -6.341
 -288600.0    -6.151
 -288500.0    -5.958
 -288400.0    -5.792
 -288300.0    -5.748
 -288200.0    -5.704
 -288100.0    -5.580
 -288000.0    -5.358
 -287900.0    -5.137
 -287800.0    -5.147
 -287700.0    -5.220
 -287600.0    -5.302
 -287500.0    -5.430
 -287400.0    -5.557
 -287300.0    -5.684
 -287200.0    -5.809
 -287100.0    -5.934
 -287000.0    -6.014
 -286900.0    -6.083
 -286800.0    -6.150
 -286700.0    -6.132
 -286600.0    -6.114
 -286500.0    -6.115
 -286400.0    -6.177
 -286300.0    -6.238
 -286200.0    -6.292
 -286100.0    -6.339
 -286000.0    -6.385
 -285900.0    -6.441
 -285800.0    -6.501
 -285700.0    -6.562
 -285600.0    -6.695
 -285500.0    -6.841
 -285400.0    -6.987
 -285300.0    -7.142
 -285200.0    -7.298
 -285100.0    -7.449
 -285000.0    -7.399
 -284900.0    -7.348
 -284800.0    -7.300
 -284700.0    -7.289
 -284600.0    -7.279
 -284500.0    -7.258
 -284400.0    -7.106
 -284300.0    -6.954
 -284200.0    -6.773
 -284100.0    -6.455
 -284000.0    -6.137
 -283900.0    -5.886
 -283800.0    -5.731
 -283700.0    -5.576
 -283600.0    -5.543
 -283500.0    -5.547
 -283400.0    -5.528
 -283300.0    -5.400
 -283200.0    -5.271
 -283100.0    -5.131
 -283000.0    -4.983
 -282900.0    -4.862
 -282800.0    -4.983
 -282700.0    -5.103
 -282600.0    -5.274
 -282500.0    -5.477
 -282400.0    -5.676
 -282300.0    -5.786
 -282200.0    -5.897
 -282100.0    -6.029
 -282000.0    -6.189
 -281900.0    -6.350
 -281800.0    -6.420
 -281700.0    -6.461
 -281600.0    -6.497
 -281500.0    -6.353
 -281400.0    -6.208
 -281300.0    -6.055
 -281200.0    -5.882
 -281100.0    -5.710
 -281000.0    -5.559
 -280900.0    -5.418
 -280800.0    -5.326
 -280700.0    -5.480
 -280600.0    -5.635
 -280500.0    -5.810
 -280400.0    -5.998
 -280300.0    -6.180
 -280200.0    -6.176
 -280100.0    -6.172
 -280000.0    -6.069
 -279900.0    -5.805
 -279800.0    -5.540
 -279700.0    -5.363
 -279600.0    -5.205
 -279500.0    -5.041
 -279400.0    -4.863
 -279300.0    -4.684
 -279200.0    -4.580
 -279100.0    -4.482
 -279000.0    -4.438
 -278900.0    -4.433
 -278800.0    -4.431
 -278700.0    -4.435
 -278600.0    -4.440
 -278500.0    -4.448
 -278400.0    -4.457
 -278300.0    -4.455
 -278200.0    -4.446
 -278100.0    -4.382
 -278000.0    -4.188
 -277900.0    -3.999
 -277800.0    -3.977
 -277700.0    -3.954
 -277600.0    -3.826
 -277500.0    -3.672
 -277400.0    -3.531
 -277300.0    -3.401
 -277200.0    -3.260
 -277100.0    -3.108
 -277000.0    -2.987
 -276900.0    -2.924
 -276800.0    -2.948
 -276700.0    -3.174
 -276600.0    -3.378
 -276500.0    -3.505
 -276400.0    -3.614
 -276300.0    -3.549
 -276200.0    -3.483
 -276100.0    -3.435
 -276000.0    -3.388
 -275900.0    -3.439
 -275800.0    -3.510
 -275700.0    -3.591
 -275600.0    -3.675
 -275500.0    -3.715
 -275400.0    -3.725
 -275300.0    -3.811
 -275200.0    -3.995
 -275100.0    -4.108
 -275000.0    -4.025
 -274900.0    -3.950
 -274800.0    -3.950
 -274700.0    -3.950
 -274600.0    -3.886
 -274500.0    -3.816
 -274400.0    -3.814
 -274300.0    -3.833
 -274200.0    -3.916
 -274100.0    -4.037
 -274000.0    -4.198
 -273900.0    -4.401
 -273800.0    -4.523
 -273700.0    -4.424
 -273600.0    -4.330
 -273500.0    -4.330
 -273400.0    -4.330
 -273300.0    -4.338
 -273200.0    -4.347
 -273100.0    -4.374
 -273000.0    -4.410
 -272900.0    -4.476
 -272800.0    -4.575
 -272700.0    -4.677
 -272600.0    -4.788
 -272500.0    -4.900
 -272400.0    -4.766
 -272300.0    -4.632
 -272200.0    -4.668
 -272100.0    -4.758
 -272000.0    -4.995
 -271900.0    -5.363
 -271800.0    -5.658
 -271700.0    -5.696
 -271600.0    -5.734
 -271500.0    -5.708
 -271400.0    -5.670
 -271300.0    -5.579
 -271200.0    -5.429
 -271100.0    -5.308
 -271000.0    -5.369
 -270900.0    -5.430
 -270800.0    -5.567
 -270700.0    -5.720
 -270600.0    -5.840
 -270500.0    -5.924
 -270400.0    -5.998
 -270300.0    -5.977
 -270200.0    -5.956
 -270100.0    -6.098
 -270000.0    -6.312
 -269900.0    -6.483
 -269800.0    -6.531
 -269700.0    -6.579
 -269600.0    -6.609
 -269500.0    -6.633
 -269400.0    -6.672
 -269300.0    -6.748
 -269200.0    -6.823
 -269100.0    -6.818
 -269000.0    -6.791
 -268900.0    -6.753
 -268800.0    -6.689
 -268700.0    -6.625
 -268600.0    -6.403
 -268500.0    -6.135
 -268400.0    -6.051
 -268300.0    -6.313
 -268200.0    -6.574
 -268100.0    -6.692
 -268000.0    -6.801
 -267900.0    -6.936
 -267800.0    -7.101
 -267700.0    -7.267
 -267600.0    -7.410
 -267500.0    -7.552
 -267400.0    -7.651
 -267300.0    -7.655
 -267200.0    -7.659
 -267100.0    -7.629
 -267000.0    -7.584
 -266900.0    -7.544
 -266800.0    -7.624
 -266700.0    -7.704
 -266600.0    -7.727
 -266500.0    -7.674
 -266400.0    -7.621
 -266300.0    -7.476
 -266200.0    -7.309
 -266100.0    -7.233
 -266000.0    -7.466
 -265900.0    -7.699
 -265800.0    -7.970
 -265700.0    -8.263
 -265600.0    -8.555
 -265500.0    -8.417
 -265400.0    -8.257
 -265300.0    -8.108
 -265200.0    -8.003
 -265100.0    -7.897
 -265000.0    -7.852
 -264900.0    -7.856
 -264800.0    -7.860
 -264700.0    -7.739
 -264600.0    -7.608
 -264500.0    -7.572
 -264400.0    -7.730
 -264300.0    -7.887
 -264200.0    -8.093
 -264100.0    -8.316
 -264000.0    -8.527
 -263900.0    -8.442
 -263800.0    -8.358
 -263700.0    -8.274
 -263600.0    -8.191
 -263500.0    -8.108
 -263400.0    -8.092
 -263300.0    -8.111
 -263200.0    -8.131
 -263100.0    -8.239
 -263000.0    -8.347
 -262900.0    -8.394
 -262800.0    -8.316
 -262700.0    -8.237
 -262600.0    -8.232
 -262500.0    -8.266
 -262400.0    -8.300
 -262300.0    -8.344
 -262200.0    -8.389
 -262100.0    -8.390
 -262000.0    -8.292
 -261900.0    -8.194
 -261800.0    -8.167
 -261700.0    -8.179
 -261600.0    -8.192
 -261500.0    -8.282
 -261400.0    -8.372
 -261300.0    -8.430
 -261200.0    -8.430
 -261100.0    -8.430
 -261000.0    -8.453
 -260900.0    -8.487
 -260800.0    -8.519
 -260700.0    -8.421
 -260600.0    -8.323
 -260500.0    -8.267
 -260400.0    -8.286
 -260300.0    -8.305
 -260200.0    -8.307
 -260100.0    -8.303
 -260000.0    -8.289
 -259900.0    -8.170
 -259800.0    -8.050
 -259700.0    -8.002
 -259600.0    -8.025
 -259500.0    -8.048
 -259400.0    -8.064
 -259300.0    -8.080
 -259200.0    -8.075
 -259100.0    -8.032
 -259000.0    -7.989
 -258900.0    -7.989
 -258800.0    -8.001
 -258700.0    -7.979
 -258600.0    -7.844
 -258500.0    -7.709
 -258400.0    -7.621
 -258300.0    -7.552
 -258200.0    -7.534
 -258100.0    -7.674
 -258000.0    -7.815
 -257900.0    -7.805
 -257800.0    -7.745
 -257700.0    -7.687
 -257600.0    -7.639
 -257500.0    -7.590
 -257400.0    -7.528
 -257300.0    -7.463
 -257200.0    -7.379
 -257100.0    -7.258
 -257000.0    -7.137
 -256900.0    -7.050
 -256800.0    -6.965
 -256700.0    -6.935
 -256600.0    -6.944
 -256500.0    -6.922
 -256400.0    -6.809
 -256300.0    -6.697
 -256200.0    -6.553
 -256100.0    -6.407
 -256000.0    -6.381
 -255900.0    -6.412
 -255800.0    -6.422
 -255700.0    -6.404
 -255600.0    -6.369
 -255500.0    -6.265
 -255400.0    -6.161
 -255300.0    -5.981
 -255200.0    -5.801
 -255100.0    -5.628
 -255000.0    -5.458
 -254900.0    -5.315
 -254800.0    -5.183
 -254700.0    -5.289
 -254600.0    -5.511
 -254500.0    -5.837
 -254400.0    -6.233
 -254300.0    -6.510
 -254200.0    -6.644
 -254100.0    -6.739
 -254000.0    -6.685
 -253900.0    -6.632
 -253800.0    -6.736
 -253700.0    -6.847
 -253600.0    -6.895
 -253500.0    -6.917
 -253400.0    -6.967
 -253300.0    -7.054
 -253200.0    -7.097
 -253100.0    -6.841
 -253000.0    -6.586
 -252900.0    -6.336
 -252800.0    -6.087
 -252700.0    -6.163
 -252600.0    -6.386
 -252500.0    -6.649
 -252400.0    -6.948
 -252300.0    -7.113
 -252200.0    -6.950
 -252100.0    -6.785
 -252000.0    -6.538
 -251900.0    -6.292
 -251800.0    -6.346
 -251700.0    -6.461
 -251600.0    -6.494
 -251500.0    -6.485
 -251400.0    -6.449
 -251300.0    -6.385
 -251200.0    -6.248
 -251100.0    -5.953
 -251000.0    -5.676
 -250900.0    -5.464
 -250800.0    -5.292
 -250700.0    -5.302
 -250600.0    -5.386
 -250500.0    -5.805
 -250400.0    -6.191
 -250300.0    -6.355
 -250200.0    -6.518
 -250100.0    -6.460
 -250000.0    -6.400
 -249900.0    -6.279
 -249800.0    -6.147
 -249700.0    -6.236
 -249600.0    -6.410
 -249500.0    -6.488
 -249400.0    -6.502
 -249300.0    -6.562
 -249200.0    -6.677
 -249100.0    -6.821
 -249000.0    -7.038
 -248900.0    -7.245
 -248800.0    -7.320
 -248700.0    -7.395
 -248600.0    -7.392
 -248500.0    -7.370
 -248400.0    -7.298
 -248300.0    -7.182
 -248200.0    -7.104
 -248100.0    -7.117
 -248000.0    -7.130
 -247900.0    -7.130
 -247800.0    -7.130
 -247700.0    -6.994
 -247600.0    -6.834
 -247500.0    -6.725
 -247400.0    -6.641
 -247300.0    -6.676
 -247200.0    -6.824
 -247100.0    -6.944
 -247000.0    -7.013
 -246900.0    -7.047
 -246800.0    -6.914
 -246700.0    -6.780
 -246600.0    -6.803
 -246500.0    -6.827
 -246400.0    -6.842
 -246300.0    -6.856
 -246200.0    -6.927
 -246100.0    -7.024
 -246000.0    -7.099
 -245900.0    -7.154
 -245800.0    -7.114
 -245700.0    -6.892
 -245600.0    -6.699
 -245500.0    -6.637
 -245400.0    -6.585
 -245300.0    -6.651
 -245200.0    -6.717
 -245100.0    -6.833
 -245000.0    -6.950
 -244900.0    -7.008
 -244800.0    -7.055
 -244700.0    -7.054
 -244600.0    -7.031
 -244500.0    -7.001
 -244400.0    -6.964
 -244300.0    -6.919
 -244200.0    -6.863
 -244100.0    -6.769
 -244000.0    -6.558
 -243900.0    -6.344
 -243800.0    -6.122
 -243700.0    -5.896
 -243600.0    -5.655
 -243500.0    -5.432
 -243400.0    -5.284
 -243300.0    -5.140
 -243200.0    -5.005
 -243100.0    -4.951
 -243000.0    -5.000
 -242900.0    -5.217
 -242800.0    -5.550
 -242700.0    -5.682
 -242600.0    -5.729
 -242500.0    -5.764
 -242400.0    -5.794
 -242300.0    -5.825
 -242200.0    -5.856
 -242100.0    -5.967
 -242000.0    -6.089
 -241900.0    -6.150
 -241800.0    -6.206
 -241700.0    -6.018
 -241600.0    -5.808
 -241500.0    -5.512
 -241400.0    -5.216
 -241300.0    -4.991
 -241200.0    -4.731
 -241100.0    -4.362
 -241000.0    -4.080
 -240900.0    -3.893
 -240800.0    -3.711
 -240700.0    -3.542
 -240600.0    -3.468
 -240500.0    -3.329
 -240400.0    -3.117
 -240300.0    -2.811
 -240200.0    -2.494
 -240100.0    -2.182
 -240000.0    -2.174
 -239900.0    -2.123
 -239800.0    -1.810
 -239700.0    -1.482
 -239600.0    -1.058
 -239500.0    -0.524
 -239400.0    -0.249
 -239300.0     0.198
 -239200.0     0.499
 -239100.0     0.587
 -239000.0     0.697
 -238900.0     0.947
 -238800.0     1.081
 -238700.0     1.218
 -238600.0     1.402
 -238500.0     1.581
 -238400.0     1.675
 -238300.0     1.758
 -238200.0     1.892
 -238100.0     2.062
 -238000.0     2.175
 -237900.0     2.056
 -237800.0     1.841
 -237700.0     1.735
 -237600.0     1.466
 -237500.0     0.867
 -237400.0     0.370
 -237300.0     0.468
 -237200.0     0.249
 -237100.0     0.128
 -237000.0    -0.137
 -236900.0    -0.642
 -236800.0    -0.901
 -236700.0    -1.074
 -236600.0    -1.158
 -236500.0    -1.162
 -236400.0    -1.117
 -236300.0    -1.293
 -236200.0    -1.418
 -236100.0    -1.495
 -236000.0    -1.816
 -235900.0    -2.010
 -235800.0    -2.115
 -235700.0    -2.129
 -235600.0    -2.203
 -235500.0    -2.122
 -235400.0    -1.921
 -235300.0    -1.928
 -235200.0    -2.185
 -235100.0    -2.506
 -235000.0    -2.734
 -234900.0    -2.701
 -234800.0    -2.547
 -234700.0    -2.267
 -234600.0    -2.230
 -234500.0    -2.220
 -234400.0    -2.254
 -234300.0    -2.562
 -234200.0    -2.716
 -234100.0    -2.711
 -234000.0    -2.396
 -233900.0    -2.474
 -233800.0    -2.660
 -233700.0    -2.853
 -233600.0    -3.108
 -233500.0    -3.384
 -233400.0    -3.680
 -233300.0    -3.681
 -233200.0    -3.608
 -233100.0    -3.464
 -233000.0    -3.635
 -232900.0    -3.821
 -232800.0    -3.892
 -232700.0    -4.028
 -232600.0    -4.174
 -232500.0    -4.256
 -232400.0    -4.261
 -232300.0    -4.211
 -232200.0    -4.316
 -232100.0    -4.420
 -232000.0    -4.519
 -231900.0    -4.728
 -231800.0    -4.935
 -231700.0    -4.965
 -231600.0    -5.006
 -231500.0    -5.060
 -231400.0    -5.109
 -231300.0    -5.170
 -231200.0    -5.300
 -231100.0    -5.560
 -231000.0    -5.974
 -230900.0    -6.037
 -230800.0    -5.964
 -230700.0    -5.949
 -230600.0    -5.963
 -230500.0    -6.092
 -230400.0    -6.097
 -230300.0    -5.915
 -230200.0    -5.959
 -230100.0    -6.130
 -230000.0    -6.243
 -229900.0    -6.358
 -229800.0    -6.560
 -229700.0    -6.735
 -229600.0    -6.833
 -229500.0    -6.916
 -229400.0    -6.980
 -229300.0    -7.061
 -229200.0    -7.157
 -229100.0    -7.241
 -229000.0    -7.320
 -228900.0    -7.336
 -228800.0    -7.331
 -228700.0    -7.099
 -228600.0    -6.821
 -228500.0    -6.479
 -228400.0    -6.174
 -228300.0    -6.071
 -228200.0    -6.124
 -228100.0    -6.400
 -228000.0    -6.610
 -227900.0    -6.781
 -227800.0    -6.950
 -227700.0    -7.118
 -227600.0    -7.157
 -227500.0    -7.217
 -227400.0    -7.442
 -227300.0    -7.629
 -227200.0    -7.670
 -227100.0    -7.602
 -227000.0    -7.253
 -226900.0    -6.930
 -226800.0    -6.648
 -226700.0    -6.464
 -226600.0    -6.350
 -226500.0    -6.255
 -226400.0    -6.142
 -226300.0    -5.795
 -226200.0    -5.612
 -226100.0    -5.696
 -226000.0    -6.084
 -225900.0    -6.590
 -225800.0    -6.228
 -225700.0    -5.806
 -225600.0    -5.215
 -225500.0    -5.329
 -225400.0    -5.875
 -225300.0    -6.066
 -225200.0    -6.203
 -225100.0    -6.215
 -225000.0    -6.107
 -224900.0    -5.913
 -224800.0    -6.284
 -224700.0    -6.707
 -224600.0    -7.002
 -224500.0    -7.278
 -224400.0    -7.521
 -224300.0    -7.564
 -224200.0    -7.414
 -224100.0    -7.426
 -224000.0    -7.528
 -223900.0    -7.571
 -223800.0    -7.598
 -223700.0    -7.615
 -223600.0    -7.621
 -223500.0    -7.443
 -223400.0    -7.254
 -223300.0    -7.027
 -223200.0    -6.919
 -223100.0    -6.992
 -223000.0    -6.936
 -222900.0    -6.800
 -222800.0    -6.638
 -222700.0    -6.540
 -222600.0    -6.995
 -222500.0    -7.247
 -222400.0    -7.125
 -222300.0    -6.797
 -222200.0    -6.299
 -222100.0    -6.136
 -222000.0    -6.056
 -221900.0    -6.032
 -221800.0    -6.071
 -221700.0    -6.174
 -221600.0    -5.980
 -221500.0    -5.674
 -221400.0    -5.146
 -221300.0    -4.925
 -221200.0    -4.899
 -221100.0    -4.991
 -221000.0    -4.823
 -220900.0    -4.483
 -220800.0    -4.387
 -220700.0    -4.552
 -220600.0    -4.853
 -220500.0    -4.952
 -220400.0    -4.761
 -220300.0    -4.413
 -220200.0    -4.276
 -220100.0    -4.267
 -220000.0    -4.320
 -219900.0    -4.361
 -219800.0    -3.841
 -219700.0    -3.254
 -219600.0    -2.859
 -219500.0    -3.243
 -219400.0    -3.253
 -219300.0    -3.114
 -219200.0    -2.976
 -219100.0    -2.915
 -219000.0    -2.923
 -218900.0    -3.031
 -218800.0    -3.203
 -218700.0    -3.226
 -218600.0    -2.850
 -218500.0    -2.449
 -218400.0    -2.175
 -218300.0    -2.077
 -218200.0    -1.987
 -218100.0    -1.890
 -218000.0    -1.944
 -217900.0    -2.085
 -217800.0    -2.036
 -217700.0    -1.188
 -217600.0    -1.197
 -217500.0    -1.148
 -217400.0    -1.062
 -217300.0    -0.940
 -217200.0    -0.942
 -217100.0    -1.114
 -217000.0    -1.189
 -216900.0    -0.973
 -216800.0    -1.044
 -216700.0    -1.324
 -216600.0    -1.859
 -216500.0    -2.120
 -216400.0    -2.130
 -216300.0    -2.154
 -216200.0    -2.383
 -216100.0    -2.303
 -216000.0    -1.974
 -215900.0    -1.629
 -215800.0    -1.548
 -215700.0    -1.636
 -215600.0    -1.198
 -215500.0    -0.918
 -215400.0    -1.006
 -215300.0    -1.189
 -215200.0    -1.345
 -215100.0    -1.544
 -215000.0    -1.556
 -214900.0    -1.362
 -214800.0    -1.302
 -214700.0    -1.372
 -214600.0    -1.565
 -214500.0    -1.604
 -214400.0    -1.473
 -214300.0    -1.404
 -214200.0    -1.445
 -214100.0    -1.527
 -214000.0    -1.531
 -213900.0    -1.360
 -213800.0    -1.449
 -213700.0    -1.975
 -213600.0    -1.888
 -213500.0    -1.732
 -213400.0    -1.711
 -213300.0    -1.826
 -213200.0    -1.867
 -213100.0    -1.512
 -213000.0    -1.645
 -212900.0    -2.001
 -212800.0    -1.760
 -212700.0    -1.642
 -212600.0    -1.825
 -212500.0    -2.043
 -212400.0    -2.089
 -212300.0    -2.154
 -212200.0    -1.841
 -212100.0    -1.982
 -212000.0    -2.010
 -211900.0    -2.407
 -211800.0    -2.734
 -211700.0    -2.551
 -211600.0    -2.286
 -211500.0    -2.498
 -211400.0    -2.551
 -211300.0    -2.621
 -211200.0    -2.658
 -211100.0    -2.542
 -211000.0    -2.205
 -210900.0    -2.144
 -210800.0    -2.292
 -210700.0    -2.630
 -210600.0    -2.849
 -210500.0    -2.834
 -210400.0    -2.665
 -210300.0    -2.640
 -210200.0    -2.530
 -210100.0    -2.893
 -210000.0    -3.325
 -209900.0    -3.550
 -209800.0    -3.504
 -209700.0    -3.702
 -209600.0    -3.607
 -209500.0    -3.366
 -209400.0    -3.084
 -209300.0    -2.903
 -209200.0    -3.053
 -209100.0    -3.554
 -209000.0    -3.614
 -208900.0    -3.568
 -208800.0    -3.598
 -208700.0    -3.590
 -208600.0    -3.659
 -208500.0    -3.753
 -208400.0    -3.771
 -208300.0    -3.796
 -208200.0    -4.304
 -208100.0    -4.119
 -208000.0    -4.063
 -207900.0    -4.212
 -207800.0    -4.509
 -207700.0    -4.479
 -207600.0    -4.416
 -207500.0    -4.407
 -207400.0    -4.478
 -207300.0    -4.340
 -207200.0    -4.298
 -207100.0    -4.320
 -207000.0    -4.355
 -206900.0    -4.278
 -206800.0    -4.531
 -206700.0    -4.637
 -206600.0    -4.573
 -206500.0    -4.397
 -206400.0    -4.597
 -206300.0    -4.857
 -206200.0    -5.026
 -206100.0    -4.952
 -206000.0    -4.583
 -205900.0    -4.400
 -205800.0    -4.322
 -205700.0    -4.231
 -205600.0    -3.993
 -205500.0    -3.738
 -205400.0    -3.654
 -205300.0    -3.683
 -205200.0    -3.674
 -205100.0    -3.559
 -205000.0    -3.256
 -204900.0    -2.925
 -204800.0    -2.670
 -204700.0    -2.703
 -204600.0    -2.997
 -204500.0    -3.178
 -204400.0    -3.246
 -204300.0    -2.918
 -204200.0    -2.751
 -204100.0    -2.927
 -204000.0    -3.070
 -203900.0    -2.998
 -203800.0    -2.890
 -203700.0    -2.719
 -203600.0    -2.451
 -203500.0    -2.538
 -203400.0    -2.399
 -203300.0    -2.055
 -203200.0    -1.946
 -203100.0    -2.182
 -203000.0    -2.426
 -202900.0    -2.425
 -202800.0    -2.304
 -202700.0    -2.379
 -202600.0    -2.538
 -202500.0    -2.511
 -202400.0    -2.580
 -202300.0    -2.443
 -202200.0    -1.784
 -202100.0    -1.855
 -202000.0    -2.213
 -201900.0    -2.203
 -201800.0    -2.162
 -201700.0    -2.154
 -201600.0    -2.030
 -201500.0    -2.069
 -201400.0    -1.856
 -201300.0    -1.566
 -201200.0    -2.003
 -201100.0    -2.605
 -201000.0    -2.777
 -200900.0    -2.833
 -200800.0    -2.824
 -200700.0    -2.585
 -200600.0    -2.443
 -200500.0    -2.203
 -200400.0    -2.121
 -200300.0    -2.577
 -200200.0    -2.977
 -200100.0    -2.758
 -200000.0    -2.716
 -199900.0    -2.945
 -199800.0    -2.809
 -199700.0    -3.110
 -199600.0    -3.498
 -199500.0    -3.496
 -199400.0    -3.499
 -199300.0    -3.690
 -199200.0    -3.759
 -199100.0    -3.355
 -199000.0    -2.989
 -198900.0    -3.059
 -198800.0    -3.231
 -198700.0    -3.235
 -198600.0    -3.436
 -198500.0    -3.727
 -198400.0    -3.808
 -198300.0    -3.804
 -198200.0    -3.847
 -198100.0    -4.023
 -198000.0    -4.324
 -197900.0    -4.400
 -197800.0    -4.443
 -197700.0    -4.834
 -197600.0    -4.866
 -197500.0    -4.814
 -197400.0    -4.880
 -197300.0    -5.030
 -197200.0    -5.143
 -197100.0    -4.895
 -197000.0    -4.277
 -196900.0    -4.286
 -196800.0    -4.816
 -196700.0    -5.384
 -196600.0    -5.446
 -196500.0    -5.643
 -196400.0    -5.720
 -196300.0    -5.688
 -196200.0    -5.592
 -196100.0    -5.699
 -196000.0    -5.757
 -195900.0    -5.832
 -195800.0    -5.946
 -195700.0    -5.893
 -195600.0    -5.646
 -195500.0    -5.276
 -195400.0    -4.902
 -195300.0    -4.812
 -195200.0    -4.882
 -195100.0    -5.094
 -195000.0    -5.159
 -194900.0    -4.888
 -194800.0    -4.258
 -194700.0    -4.729
 -194600.0    -4.911
 -194500.0    -4.729
 -194400.0    -4.629
 -194300.0    -4.876
 -194200.0    -5.193
 -194100.0    -5.543
 -194000.0    -5.775
 -193900.0    -5.884
 -193800.0    -5.864
 -193700.0    -5.701
 -193600.0    -6.059
 -193500.0    -6.470
 -193400.0    -6.703
 -193300.0    -6.335
 -193200.0    -6.235
 -193100.0    -6.062
 -193000.0    -5.755
 -192900.0    -5.369
 -192800.0    -5.814
 -192700.0    -5.991
 -192600.0    -5.963
 -192500.0    -5.826
 -192400.0    -5.558
 -192300.0    -5.186
 -192200.0    -4.928
 -192100.0    -4.874
 -192000.0    -5.042
 -191900.0    -5.440
 -191800.0    -5.383
 -191700.0    -5.469
 -191600.0    -5.535
 -191500.0    -5.482
 -191400.0    -5.353
 -191300.0    -5.213
 -191200.0    -4.832
 -191100.0    -4.159
 -191000.0    -3.648
 -190900.0    -3.876
 -190800.0    -4.549
 -190700.0    -4.723
 -190600.0    -4.782
 -190500.0    -4.827
 -190400.0    -5.279
 -190300.0    -5.759
 -190200.0    -6.083
 -190100.0    -6.460
 -190000.0    -6.335
 -189900.0    -6.152
 -189800.0    -6.170
 -189700.0    -6.636
 -189600.0    -6.927
 -189500.0    -7.050
 -189400.0    -6.941
 -189300.0    -6.493
 -189200.0    -6.598
 -189100.0    -6.861
 -189000.0    -7.178
 -188900.0    -7.439
 -188800.0    -7.493
 -188700.0    -7.659
 -188600.0    -7.902
 -188500.0    -7.697
 -188400.0    -7.728
 -188300.0    -7.845
 -188200.0    -7.866
 -188100.0    -7.381
 -188000.0    -7.024
 -187900.0    -7.031
 -187800.0    -7.330
 -187700.0    -7.600
 -187600.0    -7.855
 -187500.0    -8.105
 -187400.0    -7.905
 -187300.0    -7.602
 -187200.0    -7.273
 -187100.0    -7.338
 -187000.0    -7.638
 -186900.0    -7.968
 -186800.0    -8.073
 -186700.0    -7.847
 -186600.0    -7.815
 -186500.0    -8.137
 -186400.0    -8.008
 -186300.0    -7.962
 -186200.0    -7.973
 -186100.0    -7.916
 -186000.0    -7.768
 -185900.0    -7.824
 -185800.0    -8.419
 -185700.0    -8.627
 -185600.0    -8.506
 -185500.0    -7.972
 -185400.0    -7.812
 -185300.0    -7.933
 -185200.0    -8.219
 -185100.0    -8.128
 -185000.0    -7.929
 -184900.0    -7.841
 -184800.0    -8.168
 -184700.0    -8.514
 -184600.0    -8.246
 -184500.0    -7.102
 -184400.0    -7.304
 -184300.0    -7.724
 -184200.0    -8.036
 -184100.0    -7.816
 -184000.0    -7.972
 -183900.0    -8.121
 -183800.0    -8.199
 -183700.0    -8.178
 -183600.0    -7.926
 -183500.0    -7.725
 -183400.0    -8.063
 -183300.0    -8.393
 -183200.0    -8.333
 -183100.0    -7.769
 -183000.0    -7.718
 -182900.0    -7.503
 -182800.0    -7.464
 -182700.0    -8.045
 -182600.0    -7.794
 -182500.0    -7.602
 -182400.0    -7.594
 -182300.0    -7.944
 -182200.0    -7.921
 -182100.0    -7.676
 -182000.0    -7.270
 -181900.0    -7.001
 -181800.0    -6.798
 -181700.0    -6.735
 -181600.0    -6.650
 -181500.0    -6.193
 -181400.0    -5.860
 -181300.0    -6.547
 -181200.0    -6.790
 -181100.0    -6.399
 -181000.0    -5.691
 -180900.0    -5.338
 -180800.0    -5.584
 -180700.0    -5.640
 -180600.0    -5.678
 -180500.0    -5.990
 -180400.0    -6.406
 -180300.0    -6.282
 -180200.0    -6.340
 -180100.0    -6.343
 -180000.0    -6.365
 -179900.0    -6.095
 -179800.0    -5.457
 -179700.0    -5.340
 -179600.0    -6.013
 -179500.0    -6.633
 -179400.0    -6.922
 -179300.0    -6.882
 -179200.0    -6.666
 -179100.0    -6.763
 -179000.0    -7.300
 -178900.0    -7.909
 -178800.0    -8.335
 -178700.0    -8.285
 -178600.0    -8.194
 -178500.0    -8.166
 -178400.0    -8.120
 -178300.0    -7.710
 -178200.0    -7.391
 -178100.0    -7.175
 -178000.0    -7.043
 -177900.0    -6.940
 -177800.0    -7.334
 -177700.0    -7.417
 -177600.0    -7.234
 -177500.0    -6.915
 -177400.0    -6.882
 -177300.0    -7.014
 -177200.0    -7.071
 -177100.0    -7.216
 -177000.0    -7.455
 -176900.0    -7.220
 -176800.0    -7.428
 -176700.0    -7.558
 -176600.0    -7.561
 -176500.0    -7.499
 -176400.0    -7.366
 -176300.0    -7.460
 -176200.0    -7.446
 -176100.0    -7.229
 -176000.0    -7.221
 -175900.0    -7.060
 -175800.0    -6.472
 -175700.0    -6.060
 -175600.0    -6.378
 -175500.0    -7.220
 -175400.0    -6.887
 -175300.0    -6.353
 -175200.0    -6.149
 -175100.0    -6.088
 -175000.0    -5.990
 -174900.0    -5.980
 -174800.0    -6.264
 -174700.0    -6.109
 -174600.0    -5.983
 -174500.0    -5.995
 -174400.0    -6.102
 -174300.0    -6.389
 -174200.0    -6.766
 -174100.0    -6.819
 -174000.0    -6.007
 -173900.0    -5.778
 -173800.0    -6.108
 -173700.0    -6.725
 -173600.0    -7.072
 -173500.0    -6.983
 -173400.0    -7.106
 -173300.0    -6.935
 -173200.0    -7.148
 -173100.0    -7.482
 -173000.0    -7.675
 -172900.0    -7.510
 -172800.0    -7.613
 -172700.0    -7.593
 -172600.0    -7.549
 -172500.0    -7.634
 -172400.0    -8.107
 -172300.0    -8.147
 -172200.0    -8.102
 -172100.0    -7.950
 -172000.0    -7.632
 -171900.0    -7.172
 -171800.0    -6.947
 -171700.0    -7.141
 -171600.0    -7.046
 -171500.0    -6.252
 -171400.0    -6.196
 -171300.0    -6.920
 -171200.0    -7.696
 -171100.0    -7.471
 -171000.0    -6.874
 -170900.0    -6.728
 -170800.0    -7.240
 -170700.0    -6.907
 -170600.0    -6.273
 -170500.0    -6.158
 -170400.0    -6.460
 -170300.0    -6.908
 -170200.0    -7.249
 -170100.0    -7.007
 -170000.0    -6.668
 -169900.0    -6.794
 -169800.0    -6.642
 -169700.0    -6.184
 -169600.0    -5.564
 -169500.0    -5.293
 -169400.0    -5.918
 -169300.0    -6.295
 -169200.0    -6.330
 -169100.0    -6.330
 -169000.0    -6.531
 -168900.0    -6.881
 -168800.0    -6.997
 -168700.0    -6.863
 -168600.0    -6.747
 -168500.0    -6.885
 -168400.0    -6.642
 -168300.0    -6.644
 -168200.0    -6.962
 -168100.0    -7.341
 -168000.0    -7.664
 -167900.0    -7.909
 -167800.0    -8.037
 -167700.0    -7.986
 -167600.0    -7.960
 -167500.0    -7.898
 -167400.0    -7.786
 -167300.0    -7.971
 -167200.0    -8.176
 -167100.0    -8.349
 -167000.0    -8.275
 -166900.0    -7.826
 -166800.0    -7.890
 -166700.0    -7.727
 -166600.0    -7.992
 -166500.0    -8.275
 -166400.0    -8.143
 -166300.0    -8.356
 -166200.0    -8.423
 -166100.0    -8.235
 -166000.0    -8.099
 -165900.0    -8.531
 -165800.0    -8.562
 -165700.0    -8.339
 -165600.0    -8.100
 -165500.0    -7.951
 -165400.0    -7.821
 -165300.0    -8.208
 -165200.0    -8.304
 -165100.0    -8.353
 -165000.0    -8.415
 -164900.0    -8.297
 -164800.0    -8.155
 -164700.0    -8.469
 -164600.0    -8.705
 -164500.0    -8.560
 -164400.0    -8.473
 -164300.0    -8.326
 -164200.0    -7.937
 -164100.0    -7.634
 -164000.0    -7.747
 -163900.0    -7.663
 -163800.0    -7.442
 -163700.0    -7.285
 -163600.0    -7.009
 -163500.0    -6.887
 -163400.0    -7.014
 -163300.0    -7.047
 -163200.0    -7.038
 -163100.0    -7.229
 -163000.0    -6.675
 -162900.0    -6.255
 -162800.0    -6.314
 -162700.0    -6.517
 -162600.0    -6.133
 -162500.0    -5.536
 -162400.0    -5.752
 -162300.0    -6.346
 -162200.0    -6.600
 -162100.0    -6.688
 -162000.0    -7.183
 -161900.0    -7.244
 -161800.0    -7.076
 -161700.0    -7.261
 -161600.0    -7.396
 -161500.0    -7.624
 -161400.0    -7.868
 -161300.0    -7.508
 -161200.0    -7.352
 -161100.0    -7.452
 -161000.0    -7.014
 -160900.0    -6.948
 -160800.0    -6.969
 -160700.0    -7.043
 -160600.0    -7.258
 -160500.0    -6.789
 -160400.0    -6.777
 -160300.0    -6.677
 -160200.0    -6.747
 -160100.0    -6.363
 -160000.0    -6.026
 -159900.0    -6.342
 -159800.0    -6.438
 -159700.0    -6.316
 -159600.0    -5.819
 -159500.0    -5.923
 -159400.0    -6.178
 -159300.0    -5.486
 -159200.0    -5.516
 -159100.0    -6.195
 -159000.0    -6.689
 -158900.0    -6.722
 -158800.0    -7.143
 -158700.0    -7.627
 -158600.0    -7.992
 -158500.0    -7.378
 -158400.0    -6.816
 -158300.0    -6.792
 -158200.0    -6.948
 -158100.0    -7.307
 -158000.0    -7.890
 -157900.0    -7.744
 -157800.0    -7.675
 -157700.0    -7.862
 -157600.0    -7.765
 -157500.0    -7.768
 -157400.0    -8.115
 -157300.0    -8.572
 -157200.0    -8.501
 -157100.0    -8.567
 -157000.0    -8.560
 -156900.0    -8.522
 -156800.0    -8.499
 -156700.0    -8.480
 -156600.0    -8.190
 -156500.0    -8.457
 -156400.0    -8.858
 -156300.0    -8.851
 -156200.0    -8.454
 -156100.0    -8.304
 -156000.0    -8.788
 -155900.0    -8.530
 -155800.0    -8.122
 -155700.0    -8.076
 -155600.0    -8.360
 -155500.0    -8.203
 -155400.0    -8.093
 -155300.0    -8.065
 -155200.0    -8.522
 -155100.0    -8.710
 -155000.0    -8.594
 -154900.0    -8.811
 -154800.0    -8.973
 -154700.0    -8.198
 -154600.0    -7.578
 -154500.0    -7.591
 -154400.0    -7.952
 -154300.0    -8.044
 -154200.0    -7.645
 -154100.0    -7.716
 -154000.0    -7.637
 -153900.0    -7.706
 -153800.0    -7.953
 -153700.0    -8.082
 -153600.0    -7.914
 -153500.0    -7.531
 -153400.0    -7.279
 -153300.0    -7.681
 -153200.0    -7.769
 -153100.0    -7.670
 -153000.0    -7.660
 -152900.0    -7.568
 -152800.0    -7.560
 -152700.0    -7.719
 -152600.0    -7.914
 -152500.0    -8.088
 -152400.0    -8.149
 -152300.0    -7.826
 -152200.0    -7.711
 -152100.0    -7.816
 -152000.0    -7.890
 -151900.0    -7.862
 -151800.0    -7.699
 -151700.0    -7.396
 -151600.0    -7.384
 -151500.0    -7.416
 -151400.0    -7.233
 -151300.0    -6.948
 -151200.0    -6.910
 -151100.0    -6.871
 -151000.0    -6.677
 -150900.0    -6.707
 -150800.0    -7.173
 -150700.0    -7.421
 -150600.0    -7.199
 -150500.0    -6.947
 -150400.0    -7.083
 -150300.0    -7.401
 -150200.0    -7.493
 -150100.0    -7.331
 -150000.0    -7.357
 -149900.0    -7.568
 -149800.0    -7.606
 -149700.0    -7.634
 -149600.0    -7.654
 -149500.0    -7.533
 -149400.0    -7.493
 -149300.0    -7.590
 -149200.0    -7.621
 -149100.0    -7.563
 -149000.0    -7.640
 -148900.0    -7.734
 -148800.0    -7.840
 -148700.0    -7.840
 -148600.0    -7.675
 -148500.0    -7.684
 -148400.0    -7.583
 -148300.0    -7.605
 -148200.0    -8.039
 -148100.0    -8.457
 -148000.0    -8.437
 -147900.0    -8.314
 -147800.0    -8.252
 -147700.0    -8.010
 -147600.0    -8.030
 -147500.0    -8.114
 -147400.0    -8.082
 -147300.0    -8.020
 -147200.0    -7.998
 -147100.0    -7.935
 -147000.0    -7.895
 -146900.0    -8.001
 -146800.0    -8.019
 -146700.0    -7.987
 -146600.0    -7.863
 -146500.0    -7.749
 -146400.0    -7.794
 -146300.0    -7.921
 -146200.0    -7.994
 -146100.0    -8.086
 -146000.0    -8.333
 -145900.0    -8.445
 -145800.0    -8.348
 -145700.0    -8.461
 -145600.0    -8.578
 -145500.0    -8.449
 -145400.0    -8.231
 -145300.0    -8.087
 -145200.0    -7.976
 -145100.0    -7.942
 -145000.0    -8.197
 -144900.0    -8.313
 -144800.0    -8.228
 -144700.0    -8.003
 -144600.0    -7.878
 -144500.0    -7.816
 -144400.0    -7.750
 -144300.0    -7.887
 -144200.0    -8.147
 -144100.0    -8.126
 -144000.0    -8.009
 -143900.0    -8.382
 -143800.0    -8.826
 -143700.0    -8.698
 -143600.0    -8.444
 -143500.0    -8.340
 -143400.0    -8.327
 -143300.0    -8.262
 -143200.0    -8.150
 -143100.0    -8.139
 -143000.0    -8.419
 -142900.0    -8.569
 -142800.0    -8.662
 -142700.0    -8.715
 -142600.0    -8.593
 -142500.0    -8.380
 -142400.0    -8.290
 -142300.0    -8.297
 -142200.0    -8.135
 -142100.0    -8.234
 -142000.0    -8.531
 -141900.0    -8.410
 -141800.0    -8.481
 -141700.0    -8.556
 -141600.0    -8.644
 -141500.0    -8.633
 -141400.0    -8.470
 -141300.0    -8.325
 -141200.0    -8.420
 -141100.0    -8.750
 -141000.0    -8.610
 -140900.0    -8.215
 -140800.0    -8.297
 -140700.0    -8.511
 -140600.0    -8.634
 -140500.0    -8.584
 -140400.0    -8.413
 -140300.0    -8.421
 -140200.0    -8.830
 -140100.0    -8.980
 -140000.0    -8.704
 -139900.0    -8.491
 -139800.0    -8.570
 -139700.0    -8.759
 -139600.0    -8.799
 -139500.0    -8.620
 -139400.0    -8.400
 -139300.0    -8.409
 -139200.0    -8.526
 -139100.0    -8.327
 -139000.0    -8.300
 -138900.0    -8.506
 -138800.0    -8.639
 -138700.0    -8.670
 -138600.0    -8.690
 -138500.0    -8.683
 -138400.0    -8.653
 -138300.0    -8.961
 -138200.0    -9.222
 -138100.0    -8.957
 -138000.0    -8.625
 -137900.0    -8.125
 -137800.0    -7.696
 -137700.0    -7.508
 -137600.0    -7.460
 -137500.0    -7.578
 -137400.0    -7.834
 -137300.0    -7.961
 -137200.0    -7.893
 -137100.0    -7.728
 -137000.0    -7.530
 -136900.0    -7.691
 -136800.0    -7.861
 -136700.0    -7.477
 -136600.0    -7.324
 -136500.0    -7.522
 -136400.0    -7.395
 -136300.0    -7.472
 -136200.0    -7.793
 -136100.0    -7.499
 -136000.0    -7.145
 -135900.0    -7.311
 -135800.0    -7.326
 -135700.0    -7.126
 -135600.0    -6.907
 -135500.0    -6.863
 -135400.0    -7.314
 -135300.0    -7.463
 -135200.0    -7.254
 -135100.0    -7.159
 -135000.0    -6.882
 -134900.0    -6.909
 -134800.0    -6.879
 -134700.0    -6.254
 -134600.0    -5.746
 -134500.0    -5.898
 -134400.0    -6.007
 -134300.0    -5.812
 -134200.0    -5.485
 -134100.0    -5.292
 -134000.0    -4.864
 -133900.0    -4.467
 -133800.0    -4.435
 -133700.0    -3.967
 -133600.0    -3.230
 -133500.0    -3.359
 -133400.0    -3.813
 -133300.0    -3.740
 -133200.0    -3.577
 -133100.0    -3.772
 -133000.0    -3.648
 -132900.0    -3.331
 -132800.0    -2.963
 -132700.0    -2.602
 -132600.0    -2.577
 -132500.0    -2.536
 -132400.0    -2.438
 -132300.0    -2.509
 -132200.0    -2.760
 -132100.0    -2.697
 -132000.0    -2.309
 -131900.0    -2.232
 -131800.0    -1.619
 -131700.0    -1.483
 -131600.0    -1.645
 -131500.0    -1.904
 -131400.0    -1.300
 -131300.0    -0.373
 -131200.0    -0.323
 -131100.0    -0.695
 -131000.0    -0.559
 -130900.0    -0.465
 -130800.0    -0.253
 -130700.0     0.135
 -130600.0     0.351
 -130500.0     0.547
 -130400.0     0.634
 -130300.0     0.878
 -130200.0     1.090
 -130100.0     1.802
 -130000.0     1.314
 -129900.0     1.398
 -129800.0     1.768
 -129700.0     2.123
 -129600.0     1.420
 -129500.0    -0.104
 -129400.0     1.463
 -129300.0     2.655
 -129200.0     2.056
 -129100.0     1.401
 -129000.0     1.494
 -128900.0     1.988
 -128800.0     2.427
 -128700.0     1.879
 -128600.0     2.365
 -128500.0     3.060
 -128400.0     3.167
 -128300.0     2.730
 -128200.0     2.684
 -128100.0     2.665
 -128000.0     2.213
 -127900.0     2.226
 -127800.0     2.550
 -127700.0     2.250
 -127600.0     2.496
 -127500.0     2.306
 -127400.0     2.456
 -127300.0     2.418
 -127200.0     2.202
 -127100.0     2.042
 -127000.0     2.061
 -126900.0     1.706
 -126800.0     2.057
 -126700.0     2.500
 -126600.0     1.622
 -126500.0     0.960
 -126400.0     0.956
 -126300.0     1.015
 -126200.0     0.423
 -126100.0     0.285
 -126000.0     0.453
 -125900.0     0.585
 -125800.0     0.500
 -125700.0     0.478
 -125600.0     1.097
 -125500.0     1.029
 -125400.0     0.686
 -125300.0     1.059
 -125200.0     0.870
 -125100.0     0.442
 -125000.0     0.065
 -124900.0     0.107
 -124800.0     0.631
 -124700.0     0.604
 -124600.0     0.649
 -124500.0     0.589
 -124400.0     0.443
 -124300.0     0.536
 -124200.0     0.598
 -124100.0     1.240
 -124000.0     0.510
 -123900.0     0.581
 -123800.0     0.715
 -123700.0     0.366
 -123600.0     0.253
 -123500.0     0.284
 -123400.0     0.459
 -123300.0     0.824
 -123200.0    -0.006
 -123100.0    -0.487
 -123000.0    -0.355
 -122900.0    -0.159
 -122800.0    -0.744
 -122700.0    -0.144
 -122600.0     0.281
 -122500.0     0.233
 -122400.0     0.137
 -122300.0     0.467
 -122200.0     0.355
 -122100.0    -0.147
 -122000.0     0.162
 -121900.0     0.581
 -121800.0     0.059
 -121700.0    -0.165
 -121600.0    -0.600
 -121500.0    -0.617
 -121400.0    -0.645
 -121300.0    -0.243
 -121200.0    -0.462
 -121100.0    -0.927
 -121000.0    -0.698
 -120900.0    -0.590
 -120800.0    -0.313
 -120700.0    -0.045
 -120600.0     0.073
 -120500.0    -0.401
 -120400.0    -0.780
 -120300.0    -0.863
 -120200.0    -1.086
 -120100.0    -1.161
 -120000.0    -0.939
 -119900.0    -1.440
 -119800.0    -1.267
 -119700.0    -0.733
 -119600.0    -1.254
 -119500.0    -1.081
 -119400.0    -1.276
 -119300.0    -1.381
 -119200.0    -1.245
 -119100.0    -0.516
 -119000.0    -1.060
 -118900.0    -1.265
 -118800.0    -1.751
 -118700.0    -0.607
 -118600.0    -0.640
 -118500.0    -1.115
 -118400.0    -1.456
 -118300.0    -1.129
 -118200.0    -0.930
 -118100.0    -1.152
 -118000.0    -1.683
 -117900.0    -1.858
 -117800.0    -1.787
 -117700.0    -1.546
 -117600.0    -1.097
 -117500.0    -1.611
 -117400.0    -1.733
 -117300.0    -1.456
 -117200.0    -1.824
 -117100.0    -1.510
 -117000.0    -1.486
 -116900.0    -1.800
 -116800.0    -2.235
 -116700.0    -2.524
 -116600.0    -2.670
 -116500.0    -2.670
 -116400.0    -2.732
 -116300.0    -2.826
 -116200.0    -2.872
 -116100.0    -2.959
 -116000.0    -3.174
 -115900.0    -3.524
 -115800.0    -2.998
 -115700.0    -2.581
 -115600.0    -2.470
 -115500.0    -2.470
 -115400.0    -2.470
 -115300.0    -2.478
 -115200.0    -3.688
 -115100.0    -4.025
 -115000.0    -3.475
 -114900.0    -3.901
 -114800.0    -4.293
 -114700.0    -4.636
 -114600.0    -4.866
 -114500.0    -4.656
 -114400.0    -4.251
 -114300.0    -4.351
 -114200.0    -4.364
 -114100.0    -4.354
 -114000.0    -4.516
 -113900.0    -4.570
 -113800.0    -5.199
 -113700.0    -5.463
 -113600.0    -5.033
 -113500.0    -4.889
 -113400.0    -4.853
 -113300.0    -4.936
 -113200.0    -4.980
 -113100.0    -5.480
 -113000.0    -5.857
 -112900.0    -6.016
 -112800.0    -5.884
 -112700.0    -5.673
 -112600.0    -5.741
 -112500.0    -5.883
 -112400.0    -5.938
 -112300.0    -5.940
 -112200.0    -5.940
 -112100.0    -5.940
 -112000.0    -6.088
 -111900.0    -6.342
 -111800.0    -6.349
 -111700.0    -5.932
 -111600.0    -5.680
 -111500.0    -5.680
 -111400.0    -5.680
 -111300.0    -5.680
 -111200.0    -5.680
 -111100.0    -5.826
 -111000.0    -6.070
 -110900.0    -6.276
 -110800.0    -6.273
 -110700.0    -5.753
 -110600.0    -5.570
 -110500.0    -5.570
 -110400.0    -5.573
 -110300.0    -5.580
 -110200.0    -5.580
 -110100.0    -5.574
 -110000.0    -5.506
 -109900.0    -5.736
 -109800.0    -6.249
 -109700.0    -6.191
 -109600.0    -6.090
 -109500.0    -6.090
 -109400.0    -6.347
 -109300.0    -6.776
 -109200.0    -6.790
 -109100.0    -6.465
 -109000.0    -6.270
 -108900.0    -6.277
 -108800.0    -6.280
 -108700.0    -6.291
 -108600.0    -6.467
 -108500.0    -6.602
 -108400.0    -6.684
 -108300.0    -6.710
 -108200.0    -6.827
 -108100.0    -6.950
 -108000.0    -6.936
 -107900.0    -6.878
 -107800.0    -6.740
 -107700.0    -6.518
 -107600.0    -6.480
 -107500.0    -6.480
 -107400.0    -6.268
 -107300.0    -5.573
 -107200.0    -4.918
 -107100.0    -4.400
 -107000.0    -4.400
 -106900.0    -4.739
 -106800.0    -4.985
 -106700.0    -4.671
 -106600.0    -4.296
 -106500.0    -4.147
 -106400.0    -4.452
 -106300.0    -4.188
 -106200.0    -3.568
 -106100.0    -2.816
 -106000.0    -3.563
 -105900.0    -3.836
 -105800.0    -3.926
 -105700.0    -3.941
 -105600.0    -4.494
 -105500.0    -4.551
 -105400.0    -4.274
 -105300.0    -4.141
 -105200.0    -4.280
 -105100.0    -4.549
 -105000.0    -4.803
 -104900.0    -4.481
 -104800.0    -4.170
 -104700.0    -4.244
 -104600.0    -4.330
 -104500.0    -4.323
 -104400.0    -4.374
 -104300.0    -4.306
 -104200.0    -4.062
 -104100.0    -4.128
 -104000.0    -4.222
 -103900.0    -4.325
 -103800.0    -4.478
 -103700.0    -4.414
 -103600.0    -4.427
 -103500.0    -4.504
 -103400.0    -3.969
 -103300.0    -3.622
 -103200.0    -3.737
 -103100.0    -2.855
 -103000.0    -3.146
 -102900.0    -3.155
 -102800.0    -2.423
 -102700.0    -3.197
 -102600.0    -3.016
 -102500.0    -2.544
 -102400.0    -2.176
 -102300.0    -2.433
 -102200.0    -2.777
 -102100.0    -2.318
 -102000.0    -2.081
 -101900.0    -2.293
 -101800.0    -2.479
 -101700.0    -2.301
 -101600.0    -2.852
 -101500.0    -2.639
 -101400.0    -2.712
 -101300.0    -2.987
 -101200.0    -3.180
 -101100.0    -3.294
 -101000.0    -3.469
 -100900.0    -3.633
 -100800.0    -3.477
 -100700.0    -3.610
 -100600.0    -3.680
 -100500.0    -3.399
 -100400.0    -3.110
 -100300.0    -3.597
 -100200.0    -3.964
 -100100.0    -3.663
 -100000.0    -3.467
  -99900.0    -3.490
  -99800.0    -3.655
  -99700.0    -4.055
  -99600.0    -3.930
  -99500.0    -3.996
  -99400.0    -4.038
  -99300.0    -4.102
  -99200.0    -4.366
  -99100.0    -4.384
  -99000.0    -3.832
  -98900.0    -4.200
  -98800.0    -4.430
  -98700.0    -4.645
  -98600.0    -3.761
  -98500.0    -3.509
  -98400.0    -3.747
  -98300.0    -4.840
  -98200.0    -4.459
  -98100.0    -4.768
  -98000.0    -5.304
  -97900.0    -4.530
  -97800.0    -4.112
  -97700.0    -3.662
  -97600.0    -4.752
  -97500.0    -5.070
  -97400.0    -4.991
  -97300.0    -4.369
  -97200.0    -5.001
  -97100.0    -4.701
  -97000.0    -4.510
  -96900.0    -4.510
  -96800.0    -4.240
  -96700.0    -4.028
  -96600.0    -4.298
  -96500.0    -4.331
  -96400.0    -4.016
  -96300.0    -3.782
  -96200.0    -3.500
  -96100.0    -3.965
  -96000.0    -4.157
  -95900.0    -3.722
  -95800.0    -3.700
  -95700.0    -3.835
  -95600.0    -4.000
  -95500.0    -4.000
  -95400.0    -3.756
  -95300.0    -3.580
  -95200.0    -4.875
  -95100.0    -4.551
  -95000.0    -3.960
  -94900.0    -3.833
  -94800.0    -4.037
  -94700.0    -4.414
  -94600.0    -4.193
  -94500.0    -3.548
  -94400.0    -3.998
  -94300.0    -4.860
  -94200.0    -4.970
  -94100.0    -3.987
  -94000.0    -3.330
  -93900.0    -3.284
  -93800.0    -3.800
  -93700.0    -4.622
  -93600.0    -5.472
  -93500.0    -4.653
  -93400.0    -4.679
  -93300.0    -4.557
  -93200.0    -5.028
  -93100.0    -4.572
  -93000.0    -4.098
  -92900.0    -4.443
  -92800.0    -3.899
  -92700.0    -4.397
  -92600.0    -5.296
  -92500.0    -4.869
  -92400.0    -4.143
  -92300.0    -4.218
  -92200.0    -4.679
  -92100.0    -5.049
  -92000.0    -4.697
  -91900.0    -4.836
  -91800.0    -4.360
  -91700.0    -4.060
  -91600.0    -3.953
  -91500.0    -3.554
  -91400.0    -4.888
  -91300.0    -5.768
  -91200.0    -5.331
  -91100.0    -5.171
  -91000.0    -5.003
  -90900.0    -4.837
  -90800.0    -4.860
  -90700.0    -4.688
  -90600.0    -5.174
  -90500.0    -5.761
  -90400.0    -5.653
  -90300.0    -5.384
  -90200.0    -6.022
  -90100.0    -6.306
  -90000.0    -5.021
  -89900.0    -5.060
  -89800.0    -5.413
  -89700.0    -5.426
  -89600.0    -5.113
  -89500.0    -4.860
  -89400.0    -5.574
  -89300.0    -5.362
  -89200.0    -4.835
  -89100.0    -4.285
  -89000.0    -4.099
  -88900.0    -4.496
  -88800.0    -4.923
  -88700.0    -5.060
  -88600.0    -5.054
  -88500.0    -5.098
  -88400.0    -5.113
  -88300.0    -5.120
  -88200.0    -5.129
  -88100.0    -4.682
  -88000.0    -4.430
  -87900.0    -4.202
  -87800.0    -4.208
  -87700.0    -4.531
  -87600.0    -3.989
  -87500.0    -4.710
  -87400.0    -4.049
  -87300.0    -3.707
  -87200.0    -4.394
  -87100.0    -4.450
  -87000.0    -4.206
  -86900.0    -4.125
  -86800.0    -4.282
  -86700.0    -4.076
  -86600.0    -4.616
  -86500.0    -3.959
  -86400.0    -3.733
  -86300.0    -3.736
  -86200.0    -3.564
  -86100.0    -3.380
  -86000.0    -3.411
  -85900.0    -3.524
  -85800.0    -3.443
  -85700.0    -3.161
  -85600.0    -2.623
  -85500.0    -2.447
  -85400.0    -2.660
  -85300.0    -3.197
  -85200.0    -3.031
  -85100.0    -2.480
  -85000.0    -2.795
  -84900.0    -3.305
  -84800.0    -3.456
  -84700.0    -3.012
  -84600.0    -2.031
  -84500.0    -2.805
  -84400.0    -3.931
  -84300.0    -3.919
  -84200.0    -3.910
  -84100.0    -4.255
  -84000.0    -4.530
  -83900.0    -3.749
  -83800.0    -3.206
  -83700.0    -3.562
  -83600.0    -4.262
  -83500.0    -3.466
  -83400.0    -3.703
  -83300.0    -3.940
  -83200.0    -3.923
  -83100.0    -3.180
  -83000.0    -2.918
  -82900.0    -2.682
  -82800.0    -3.700
  -82700.0    -4.406
  -82600.0    -4.610
  -82500.0    -4.310
  -82400.0    -4.684
  -82300.0    -3.983
  -82200.0    -2.634
  -82100.0    -3.398
  -82000.0    -3.540
  -81900.0    -3.770
  -81800.0    -3.742
  -81700.0    -3.801
  -81600.0    -3.790
  -81500.0    -3.514
  -81400.0    -4.302
  -81300.0    -3.794
  -81200.0    -3.719
  -81100.0    -5.137
  -81000.0    -4.865
  -80900.0    -4.571
  -80800.0    -4.730
  -80700.0    -4.660
  -80600.0    -4.308
  -80500.0    -4.445
  -80400.0    -5.676
  -80300.0    -6.253
  -80200.0    -6.293
  -80100.0    -5.002
  -80000.0    -4.013
  -79900.0    -5.231
  -79800.0    -5.295
  -79700.0    -4.984
  -79600.0    -5.353
  -79500.0    -5.449
  -79400.0    -4.341
  -79300.0    -4.845
  -79200.0    -4.868
  -79100.0    -4.800
  -79000.0    -5.990
  -78900.0    -6.075
  -78800.0    -5.811
  -78700.0    -6.026
  -78600.0    -6.306
  -78500.0    -6.293
  -78400.0    -6.314
  -78300.0    -4.392
  -78200.0    -6.060
  -78100.0    -7.183
  -78000.0    -6.591
  -77900.0    -6.489
  -77800.0    -6.046
  -77700.0    -5.768
  -77600.0    -5.865
  -77500.0    -6.721
  -77400.0    -6.979
  -77300.0    -6.511
  -77200.0    -6.028
  -77100.0    -5.456
  -77000.0    -5.475
  -76900.0    -5.329
  -76800.0    -4.795
  -76700.0    -4.920
  -76600.0    -5.203
  -76500.0    -5.116
  -76400.0    -4.844
  -76300.0    -4.106
  -76200.0    -4.806
  -76100.0    -4.912
  -76000.0    -5.036
  -75900.0    -5.029
  -75800.0    -4.377
  -75700.0    -4.532
  -75600.0    -4.811
  -75500.0    -5.297
  -75400.0    -5.333
  -75300.0    -5.150
  -75200.0    -5.526
  -75100.0    -5.540
  -75000.0    -5.573
  -74900.0    -5.686
  -74800.0    -5.855
  -74700.0    -6.329
  -74600.0    -6.392
  -74500.0    -4.995
  -74400.0    -5.637
  -74300.0    -6.015
  -74200.0    -6.681
  -74100.0    -6.831
  -74000.0    -6.484
  -73900.0    -6.782
  -73800.0    -7.105
  -73700.0    -6.574
  -73600.0    -6.298
  -73500.0    -7.262
  -73400.0    -7.505
  -73300.0    -6.751
  -73200.0    -6.352
  -73100.0    -6.047
  -73000.0    -5.752
  -72900.0    -5.472
  -72800.0    -6.278
  -72700.0    -6.488
  -72600.0    -6.765
  -72500.0    -6.574
  -72400.0    -6.264
  -72300.0    -5.818
  -72200.0    -5.759
  -72100.0    -5.493
  -72000.0    -5.527
  -71900.0    -6.084
  -71800.0    -5.207
  -71700.0    -5.022
  -71600.0    -5.280
  -71500.0    -4.642
  -71400.0    -5.248
  -71300.0    -5.751
  -71200.0    -5.944
  -71100.0    -5.759
  -71000.0    -5.694
  -70900.0    -5.660
  -70800.0    -5.666
  -70700.0    -5.670
  -70600.0    -5.670
  -70500.0    -6.643
  -70400.0    -7.211
  -70300.0    -7.069
  -70200.0    -7.356
  -70100.0    -7.782
  -70000.0    -7.539
  -69900.0    -6.943
  -69800.0    -6.595
  -69700.0    -6.928
  -69600.0    -7.326
  -69500.0    -7.500
  -69400.0    -6.886
  -69300.0    -6.428
  -69200.0    -5.690
  -69100.0    -5.947
  -69000.0    -5.858
  -68900.0    -6.387
  -68800.0    -7.660
  -68700.0    -8.160
  -68600.0    -7.952
  -68500.0    -7.893
  -68400.0    -7.501
  -68300.0    -7.842
  -68200.0    -8.110
  -68100.0    -7.705
  -68000.0    -7.695
  -67900.0    -7.960
  -67800.0    -8.094
  -67700.0    -8.001
  -67600.0    -7.777
  -67500.0    -7.764
  -67400.0    -7.617
  -67300.0    -7.598
  -67200.0    -7.507
  -67100.0    -7.260
  -67000.0    -7.421
  -66900.0    -7.724
  -66800.0    -7.547
  -66700.0    -7.757
  -66600.0    -7.638
  -66500.0    -7.028
  -66400.0    -7.023
  -66300.0    -7.622
  -66200.0    -8.169
  -66100.0    -8.266
  -66000.0    -7.830
  -65900.0    -7.582
  -65800.0    -8.361
  -65700.0    -8.462
  -65600.0    -7.898
  -65500.0    -7.573
  -65400.0    -7.325
  -65300.0    -7.639
  -65200.0    -7.914
  -65100.0    -7.975
  -65000.0    -8.145
  -64900.0    -7.946
  -64800.0    -7.966
  -64700.0    -7.500
  -64600.0    -7.455
  -64500.0    -7.856
  -64400.0    -7.426
  -64300.0    -7.585
  -64200.0    -7.572
  -64100.0    -7.147
  -64000.0    -6.868
  -63900.0    -6.808
  -63800.0    -6.827
  -63700.0    -6.467
  -63600.0    -6.660
  -63500.0    -6.761
  -63400.0    -6.307
  -63300.0    -6.720
  -63200.0    -7.323
  -63100.0    -7.510
  -63000.0    -7.510
  -62900.0    -7.510
  -62800.0    -7.535
  -62700.0    -7.655
  -62600.0    -7.998
  -62500.0    -8.088
  -62400.0    -7.641
  -62300.0    -7.699
  -62200.0    -7.385
  -62100.0    -7.062
  -62000.0    -7.066
  -61900.0    -6.816
  -61800.0    -6.540
  -61700.0    -6.766
  -61600.0    -7.198
  -61500.0    -7.012
  -61400.0    -6.861
  -61300.0    -6.812
  -61200.0    -6.622
  -61100.0    -6.888
  -61000.0    -7.266
  -60900.0    -7.367
  -60800.0    -6.773
  -60700.0    -6.583
  -60600.0    -6.515
  -60500.0    -6.284
  -60400.0    -6.358
  -60300.0    -6.310
  -60200.0    -6.134
  -60100.0    -6.147
  -60000.0    -6.527
  -59900.0    -6.322
  -59800.0    -5.686
  -59700.0    -5.530
  -59600.0    -5.530
  -59500.0    -5.883
  -59400.0    -5.969
  -59300.0    -5.855
  -59200.0    -6.192
  -59100.0    -6.402
  -59000.0    -6.022
  -58900.0    -5.874
  -58800.0    -5.996
  -58700.0    -5.918
  -58600.0    -5.675
  -58500.0    -5.160
  -58400.0    -4.594
  -58300.0    -4.261
  -58200.0    -4.952
  -58100.0    -4.778
  -58000.0    -4.642
  -57900.0    -4.959
  -57800.0    -4.959
  -57700.0    -5.677
  -57600.0    -4.976
  -57500.0    -4.850
  -57400.0    -4.461
  -57300.0    -4.016
  -57200.0    -4.693
  -57100.0    -4.350
  -57000.0    -3.729
  -56900.0    -3.942
  -56800.0    -4.740
  -56700.0    -4.432
  -56600.0    -4.587
  -56500.0    -5.094
  -56400.0    -4.786
  -56300.0    -5.069
  -56200.0    -4.812
  -56100.0    -4.909
  -56000.0    -5.056
  -55900.0    -4.982
  -55800.0    -5.629
  -55700.0    -5.560
  -55600.0    -5.388
  -55500.0    -5.306
  -55400.0    -5.584
  -55300.0    -5.352
  -55200.0    -5.707
  -55100.0    -6.224
  -55000.0    -6.555
  -54900.0    -6.437
  -54800.0    -6.293
  -54700.0    -6.322
  -54600.0    -6.385
  -54500.0    -6.663
  -54400.0    -6.443
  -54300.0    -6.869
  -54200.0    -7.058
  -54100.0    -6.540
  -54000.0    -6.248
  -53900.0    -6.355
  -53800.0    -6.094
  -53700.0    -6.501
  -53600.0    -6.650
  -53500.0    -6.507
  -53400.0    -5.828
  -53300.0    -5.619
  -53200.0    -6.299
  -53100.0    -7.079
  -53000.0    -7.126
  -52900.0    -6.627
  -52800.0    -6.128
  -52700.0    -6.570
  -52600.0    -6.264
  -52500.0    -6.058
  -52400.0    -5.381
  -52300.0    -5.381
  -52200.0    -5.822
  -52100.0    -5.766
  -52000.0    -5.560
  -51900.0    -5.872
  -51800.0    -5.622
  -51700.0    -5.646
  -51600.0    -6.497
  -51500.0    -6.372
  -51400.0    -5.720
  -51300.0    -5.298
  -51200.0    -4.099
  -51100.0    -4.691
  -51000.0    -5.757
  -50900.0    -5.952
  -50800.0    -5.867
  -50700.0    -5.272
  -50600.0    -5.580
  -50500.0    -5.607
  -50400.0    -5.540
  -50300.0    -5.381
  -50200.0    -5.646
  -50100.0    -5.243
  -50000.0    -5.150
  -49900.0    -5.598
  -49800.0    -5.479
  -49700.0    -5.608
  -49600.0    -6.038
  -49500.0    -5.960
  -49400.0    -5.747
  -49300.0    -5.510
  -49200.0    -5.856
  -49100.0    -5.768
  -49000.0    -5.961
  -48900.0    -6.336
  -48800.0    -6.466
  -48700.0    -6.355
  -48600.0    -6.143
  -48500.0    -5.815
  -48400.0    -5.991
  -48300.0    -6.020
  -48200.0    -6.524
  -48100.0    -6.573
  -48000.0    -6.692
  -47900.0    -6.765
  -47800.0    -6.291
  -47700.0    -6.479
  -47600.0    -6.913
  -47500.0    -6.654
  -47400.0    -6.683
  -47300.0    -6.204
  -47200.0    -5.984
  -47100.0    -6.441
  -47000.0    -6.819
  -46900.0    -6.757
  -46800.0    -6.488
  -46700.0    -6.908
  -46600.0    -6.860
  -46500.0    -6.965
  -46400.0    -7.386
  -46300.0    -7.479
  -46200.0    -7.387
  -46100.0    -7.373
  -46000.0    -7.018
  -45900.0    -6.980
  -45800.0    -6.722
  -45700.0    -7.155
  -45600.0    -7.859
  -45500.0    -7.650
  -45400.0    -7.929
  -45300.0    -8.033
  -45200.0    -7.194
  -45100.0    -6.704
  -45000.0    -6.693
  -44900.0    -6.985
  -44800.0    -7.440
  -44700.0    -6.476
  -44600.0    -6.551
  -44500.0    -7.350
  -44400.0    -7.114
  -44300.0    -6.943
  -44200.0    -7.250
  -44100.0    -6.926
  -44000.0    -6.789
  -43900.0    -6.917
  -43800.0    -6.563
  -43700.0    -6.602
  -43600.0    -6.389
  -43500.0    -5.444
  -43400.0    -6.254
  -43300.0    -6.012
  -43200.0    -5.510
  -43100.0    -5.705
  -43000.0    -5.920
  -42900.0    -5.894
  -42800.0    -6.034
  -42700.0    -5.807
  -42600.0    -5.432
  -42500.0    -5.458
  -42400.0    -5.599
  -42300.0    -5.311
  -42200.0    -4.766
  -42100.0    -5.475
  -42000.0    -5.262
  -41900.0    -4.729
  -41800.0    -5.013
  -41700.0    -4.568
  -41600.0    -5.149
  -41500.0    -5.147
  -41400.0    -5.038
  -41300.0    -5.155
  -41200.0    -5.808
  -41100.0    -6.557
  -41000.0    -6.123
  -40900.0    -5.740
  -40800.0    -6.424
  -40700.0    -6.651
  -40600.0    -6.619
  -40500.0    -6.833
  -40400.0    -6.578
  -40300.0    -6.356
  -40200.0    -7.108
  -40100.0    -7.074
  -40000.0    -6.943
  -39900.0    -6.337
  -39800.0    -5.547
  -39700.0    -6.009
  -39600.0    -6.130
  -39500.0    -6.239
  -39400.0    -6.220
  -39300.0    -6.039
  -39200.0    -5.930
  -39100.0    -6.241
  -39000.0    -6.573
  -38900.0    -6.623
  -38800.0    -6.680
  -38700.0    -6.735
  -38600.0    -6.994
  -38500.0    -7.180
  -38400.0    -7.125
  -38300.0    -6.985
  -38200.0    -6.798
  -38100.0    -6.603
  -38000.0    -6.367
  -37900.0    -6.412
  -37800.0    -6.598
  -37700.0    -6.769
  -37600.0    -6.188
  -37500.0    -6.579
  -37400.0    -7.181
  -37300.0    -6.959
  -37200.0    -6.900
  -37100.0    -6.818
  -37000.0    -6.646
  -36900.0    -6.301
  -36800.0    -6.235
  -36700.0    -6.837
  -36600.0    -6.726
  -36500.0    -7.309
  -36400.0    -7.610
  -36300.0    -7.149
  -36200.0    -6.837
  -36100.0    -6.452
  -36000.0    -6.179
  -35900.0    -5.750
  -35800.0    -5.647
  -35700.0    -5.426
  -35600.0    -5.609
  -35500.0    -5.414
  -35400.0    -5.258
  -35300.0    -5.596
  -35200.0    -5.884
  -35100.0    -5.931
  -35000.0    -5.308
  -34900.0    -4.856
  -34800.0    -5.276
  -34700.0    -5.800
  -34600.0    -6.121
  -34500.0    -6.024
  -34400.0    -6.328
  -34300.0    -6.332
  -34200.0    -6.763
  -34100.0    -6.788
  -34000.0    -6.854
  -33900.0    -7.307
  -33800.0    -7.186
  -33700.0    -7.145
  -33600.0    -7.387
  -33500.0    -7.488
  -33400.0    -7.177
  -33300.0    -7.317
  -33200.0    -7.600
  -33100.0    -7.597
  -33000.0    -7.451
  -32900.0    -7.408
  -32800.0    -7.470
  -32700.0    -6.704
  -32600.0    -6.740
  -32500.0    -7.267
  -32400.0    -7.171
  -32300.0    -6.610
  -32200.0    -7.228
  -32100.0    -6.953
  -32000.0    -6.755
  -31900.0    -6.768
  -31800.0    -7.188
  -31700.0    -7.606
  -31600.0    -8.077
  -31500.0    -8.083
  -31400.0    -7.809
  -31300.0    -7.655
  -31200.0    -7.887
  -31100.0    -8.033
  -31000.0    -7.975
  -30900.0    -7.738
  -30800.0    -7.348
  -30700.0    -7.417
  -30600.0    -7.551
  -30500.0    -7.689
  -30400.0    -7.800
  -30300.0    -7.662
  -30200.0    -7.021
  -30100.0    -7.333
  -30000.0    -8.095
  -29900.0    -8.372
  -29800.0    -8.532
  -29700.0    -8.381
  -29600.0    -8.367
  -29500.0    -8.333
  -29400.0    -7.996
  -29300.0    -7.686
  -29200.0    -7.361
  -29100.0    -7.030
  -29000.0    -6.710
  -28900.0    -6.833
  -28800.0    -7.275
  -28700.0    -7.698
  -28600.0    -8.108
  -28500.0    -8.509
  -28400.0    -8.672
  -28300.0    -7.913
  -28200.0    -7.602
  -28100.0    -7.847
  -28000.0    -8.075
  -27900.0    -8.290
  -27800.0    -8.550
  -27700.0    -8.532
  -27600.0    -8.070
  -27500.0    -8.034
  -27400.0    -8.522
  -27300.0    -8.804
  -27200.0    -9.020
  -27100.0    -8.978
  -27000.0    -8.477
  -26900.0    -7.766
  -26800.0    -7.666
  -26700.0    -8.012
  -26600.0    -8.090
  -26500.0    -8.023
  -26400.0    -7.739
  -26300.0    -7.389
  -26200.0    -7.180
  -26100.0    -7.476
  -26000.0    -7.432
  -25900.0    -7.277
  -25800.0    -7.065
  -25700.0    -7.047
  -25600.0    -7.777
  -25500.0    -8.180
  -25400.0    -8.069
  -25300.0    -7.738
  -25200.0    -7.818
  -25100.0    -7.997
  -25000.0    -7.975
  -24900.0    -7.281
  -24800.0    -7.190
  -24700.0    -7.500
  -24600.0    -7.515
  -24500.0    -7.940
  -24400.0    -9.008
  -24300.0    -8.898
  -24200.0    -8.002
  -24100.0    -8.035
  -24000.0    -8.296
  -23900.0    -8.507
  -23800.0    -8.630
  -23700.0    -8.630
  -23600.0    -8.294
  -23500.0    -7.776
  -23400.0    -8.604
  -23300.0    -8.978
  -23200.0    -8.856
  -23100.0    -8.647
  -23000.0    -8.111
  -22900.0    -7.963
  -22800.0    -8.588
  -22700.0    -8.507
  -22600.0    -8.423
  -22500.0    -8.335
  -22400.0    -8.399
  -22300.0    -8.752
  -22200.0    -8.820
  -22100.0    -8.386
  -22000.0    -8.142
  -21900.0    -8.216
  -21800.0    -8.273
  -21700.0    -7.758
  -21600.0    -7.383
  -21500.0    -7.838
  -21400.0    -8.045
  -21300.0    -7.937
  -21200.0    -7.910
  -21100.0    -7.950
  -21000.0    -8.106
  -20900.0    -8.028
  -20800.0    -7.890
  -20700.0    -7.953
  -20600.0    -8.039
  -20500.0    -8.047
  -20400.0    -8.096
  -20300.0    -7.897
  -20200.0    -7.531
  -20100.0    -7.797
  -20000.0    -7.778
  -19900.0    -8.377
  -19800.0    -8.539
  -19700.0    -8.701
  -19600.0    -8.415
  -19500.0    -8.013
  -19400.0    -7.615
  -19300.0    -7.749
  -19200.0    -8.027
  -19100.0    -8.231
  -19000.0    -7.923
  -18900.0    -7.599
  -18800.0    -8.322
  -18700.0    -8.727
  -18600.0    -8.442
  -18500.0    -8.311
  -18400.0    -7.839
  -18300.0    -7.859
  -18200.0    -8.166
  -18100.0    -8.547
  -18000.0    -8.024
  -17900.0    -7.732
  -17800.0    -7.804
  -17700.0    -7.836
  -17600.0    -7.749
  -17500.0    -7.997
  -17400.0    -8.136
  -17300.0    -7.466
  -17200.0    -7.547
  -17100.0    -7.812
  -17000.0    -8.365
  -16900.0    -8.353
  -16800.0    -7.457
  -16700.0    -7.087
  -16600.0    -6.831
  -16500.0    -6.744
  -16400.0    -6.880
  -16300.0    -6.787
  -16200.0    -6.336
  -16100.0    -5.950
  -16000.0    -5.945
  -15900.0    -6.010
  -15800.0    -5.310
  -15700.0    -5.555
  -15600.0    -5.530
  -15500.0    -5.702
  -15400.0    -4.951
  -15300.0    -4.810
  -15200.0    -5.203
  -15100.0    -5.321
  -15000.0    -4.550
  -14900.0    -4.670
  -14800.0    -4.288
  -14700.0    -3.933
  -14600.0    -4.276
  -14500.0    -3.742
  -14400.0    -4.093
  -14300.0    -3.678
  -14200.0    -3.246
  -14100.0    -2.807
  -14000.0    -2.356
  -13900.0    -2.184
  -13800.0    -2.118
  -13700.0    -3.020
  -13600.0    -3.570
  -13500.0    -4.181
  -13400.0    -3.551
  -13300.0    -3.170
  -13200.0    -3.617
  -13100.0    -3.776
  -13000.0    -3.688
  -12900.0    -3.443
  -12800.0    -3.322
  -12700.0    -3.877
  -12600.0    -4.250
  -12500.0    -3.743
  -12400.0    -3.874
  -12300.0    -4.069
  -12200.0    -2.896
  -12100.0    -3.017
  -12000.0    -2.503
  -11900.0    -2.645
  -11800.0    -2.355
  -11700.0    -1.864
  -11600.0    -1.594
  -11500.0    -1.371
  -11400.0    -0.893
  -11300.0    -0.419
  -11200.0     0.616
  -11100.0     0.090
  -11000.0    -0.219
  -10900.0    -0.246
  -10800.0    -0.395
  -10700.0    -0.778
  -10600.0    -0.869
  -10500.0    -0.767
  -10400.0    -0.595
  -10300.0    -0.964
  -10200.0     0.438
  -10100.0    -0.526
  -10000.0    -0.484
   -9900.0    -0.364
   -9800.0    -0.810
   -9700.0    -0.582
   -9600.0     0.449
   -9500.0    -0.160
   -9400.0    -0.810
   -9300.0     0.012
   -9200.0    -0.162
   -9100.0    -0.573
   -9000.0    -0.553
   -8900.0    -0.538
   -8800.0    -0.595
   -8700.0     0.040
   -8600.0    -0.711
   -8500.0    -0.597
   -8400.0    -0.237
   -8300.0    -0.667
   -8200.0    -0.079
   -8100.0     0.660
   -8000.0    -0.552
   -7900.0    -0.901
   -7800.0    -0.610
   -7700.0    -0.083
   -7600.0     0.001
   -7500.0    -0.020
   -7400.0    -0.641
   -7300.0    -0.234
   -7200.0    -0.015
   -7100.0    -0.904
   -7000.0    -0.838
   -6900.0    -0.849
   -6800.0    -1.078
   -6700.0     0.013
   -6600.0    -0.289
   -6500.0    -0.400
   -6400.0    -1.443
   -6300.0     0.050
   -6200.0    -0.269
   -6100.0     0.309
   -6000.0    -0.681
   -5900.0     0.391
   -5800.0    -0.230
   -5700.0    -0.110
   -5600.0     0.059
   -5500.0     0.153
   -5400.0     0.500
   -5300.0     0.120
   -5200.0    -0.261
   -5100.0     0.160
   -5000.0    -0.504
   -4900.0    -0.944
   -4800.0     0.172
   -4700.0    -0.819
   -4600.0     0.154
   -4500.0     1.130
   -4400.0     1.130
   -4300.0     0.616
   -4200.0    -1.004
   -4100.0    -0.896
   -4000.0    -0.717
   -3900.0    -0.153
   -3800.0    -0.549
   -3700.0     0.439
   -3600.0     0.220
   -3500.0    -0.646
   -3400.0     0.041
   -3300.0    -0.534
   -3200.0     0.145
   -3100.0    -0.441
   -3000.0    -1.114
   -2900.0    -0.615
   -2800.0    -0.761
   -2700.0    -0.836
   -2600.0    -0.945
   -2500.0     0.277
   -2400.0    -1.020
   -2300.0     0.678
   -2200.0    -0.794
   -2100.0    -0.552
   -2000.0    -0.411
   -1900.0    -0.405
   -1800.0    -1.231
   -1700.0    -0.916
   -1600.0    -1.216
   -1500.0    -0.503
   -1400.0    -0.072
   -1300.0    -1.123
   -1200.0    -0.531
   -1100.0    -0.597
   -1000.0    -0.665
    -900.0    -0.406
    -800.0    -0.129
    -700.0    -1.280
    -600.0    -0.696
    -500.0    -1.135
    -400.0     1.202
    -300.0    -0.312
    -200.0    -0.264
    -100.0     0.000
       0.0     0.000
