#  -422000  100  0
 -422000.0    -0.011
 -421900.0    -0.012
 -421800.0    -0.013
 -421700.0    -0.015
 -421600.0    -0.016
 -421500.0    -0.017
 -421400.0    -0.020
 -421300.0    -0.023
 -421200.0    -0.027
 -421100.0    -0.030
 -421000.0    -0.033
 -420900.0    -0.036
 -420800.0    -0.040
 -420700.0    -0.044
 -420600.0    -0.048
 -420500.0    -0.052
 -420400.0    -0.056
 -420300.0    -0.060
 -420200.0    -0.061
 -420100.0    -0.060
 -420000.0    -0.060
 -419900.0    -0.059
 -419800.0    -0.058
 -419700.0    -0.058
 -419600.0    -0.065
 -419500.0    -0.073
 -419400.0    -0.081
 -419300.0    -0.090
 -419200.0    -0.098
 -419100.0    -0.106
 -419000.0    -0.113
 -418900.0    -0.119
 -418800.0    -0.126
 -418700.0    -0.133
 -418600.0    -0.139
 -418500.0    -0.145
 -418400.0    -0.147
 -418300.0    -0.150
 -418200.0    -0.153
 -418100.0    -0.155
 -418000.0    -0.158
 -417900.0    -0.159
 -417800.0    -0.160
 -417700.0    -0.160
 -417600.0    -0.161
 -417500.0    -0.162
 -417400.0    -0.162
 -417300.0    -0.160
 -417200.0    -0.159
 -417100.0    -0.158
 -417000.0    -0.156
 -416900.0    -0.155
 -416800.0    -0.154
 -416700.0    -0.153
 -416600.0    -0.152
 -416500.0    -0.151
 -416400.0    -0.150
 -416300.0    -0.149
 -416200.0    -0.145
 -416100.0    -0.141
 -416000.0    -0.137
 -415900.0    -0.133
 -415800.0    -0.129
 -415700.0    -0.129
 -415600.0    -0.129
 -415500.0    -0.130
 -415400.0    -0.130
 -415300.0    -0.131
 -415200.0    -0.131
 -415100.0    -0.129
 -415000.0    -0.127
 -414900.0    -0.125
 -414800.0    -0.123
 -414700.0    -0.121
 -414600.0    -0.117
 -414500.0    -0.113
 -414400.0    -0.108
 -414300.0    -0.103
 -414200.0    -0.099
 -414100.0    -0.096
 -414000.0    -0.095
 -413900.0    -0.094
 -413800.0    -0.093
 -413700.0    -0.092
 -413600.0    -0.091
 -413500.0    -0.097
 -413400.0    -0.103
 -413300.0    -0.108
 -413200.0    -0.114
 -413100.0    -0.120
 -413000.0    -0.123
 -412900.0    -0.125
 -412800.0    -0.126
 -412700.0    -0.128
 -412600.0    -0.129
 -412500.0    -0.131
 -412400.0    -0.133
 -412300.0    -0.134
 -412200.0    -0.136
 -412100.0    -0.138
 -412000.0    -0.140
 -411900.0    -0.142
 -411800.0    -0.144
 -411700.0    -0.147
 -411600.0    -0.149
 -411500.0    -0.152
 -411400.0    -0.151
 -411300.0    -0.149
 -411200.0    -0.147
 -411100.0    -0.146
 -411000.0    -0.144
 -410900.0    -0.160
 -410800.0    -0.179
 -410700.0    -0.199
 -410600.0    -0.218
 -410500.0    -0.238
 -410400.0    -0.232
 -410300.0    -0.221
 -410200.0    -0.209
 -410100.0    -0.198
 -410000.0    -0.187
 -409900.0    -0.178
 -409800.0    -0.170
 -409700.0    -0.162
 -409600.0    -0.154
 -409500.0    -0.145
 -409400.0    -0.142
 -409300.0    -0.138
 -409200.0    -0.134
 -409100.0    -0.131
 -409000.0    -0.127
 -408900.0    -0.123
 -408800.0    -0.119
 -408700.0    -0.115
 -408600.0    -0.111
 -408500.0    -0.107
 -408400.0    -0.105
 -408300.0    -0.103
 -408200.0    -0.101
 -408100.0    -0.099
 -408000.0    -0.097
 -407900.0    -0.094
 -407800.0    -0.091
 -407700.0    -0.088
 -407600.0    -0.085
 -407500.0    -0.081
 -407400.0    -0.077
 -407300.0    -0.072
 -407200.0    -0.067
 -407100.0    -0.063
 -407000.0    -0.058
 -406900.0    -0.053
 -406800.0    -0.049
 -406700.0    -0.045
 -406600.0    -0.041
 -406500.0    -0.037
 -406400.0    -0.034
 -406300.0    -0.031
 -406200.0    -0.028
 -406100.0    -0.025
 -406000.0    -0.023
 -405900.0    -0.019
 -405800.0    -0.013
 -405700.0    -0.007
 -405600.0    -0.001
 -405500.0     0.005
 -405400.0     0.011
 -405300.0     0.015
 -405200.0     0.019
 -405100.0     0.023
 -405000.0     0.027
 -404900.0     0.031
 -404800.0     0.033
 -404700.0     0.035
 -404600.0     0.037
 -404500.0     0.039
 -404400.0     0.041
 -404300.0     0.044
 -404200.0     0.048
 -404100.0     0.053
 -404000.0     0.057
 -403900.0     0.062
 -403800.0     0.067
 -403700.0     0.076
 -403600.0     0.085
 -403500.0     0.094
 -403400.0     0.103
 -403300.0     0.112
 -403200.0     0.118
 -403100.0     0.123
 -403000.0     0.127
 -402900.0     0.132
 -402800.0     0.136
 -402700.0     0.140
 -402600.0     0.140
 -402500.0     0.141
 -402400.0     0.141
 -402300.0     0.142
 -402200.0     0.143
 -402100.0     0.140
 -402000.0     0.137
 -401900.0     0.133
 -401800.0     0.129
 -401700.0     0.126
 -401600.0     0.124
 -401500.0     0.126
 -401400.0     0.128
 -401300.0     0.129
 -401200.0     0.131
 -401100.0     0.133
 -401000.0     0.141
 -400900.0     0.149
 -400800.0     0.158
 -400700.0     0.167
 -400600.0     0.175
 -400500.0     0.180
 -400400.0     0.181
 -400300.0     0.182
 -400200.0     0.184
 -400100.0     0.185
 -400000.0     0.186
 -399900.0     0.186
 -399800.0     0.186
 -399700.0     0.187
 -399600.0     0.187
 -399500.0     0.187
 -399400.0     0.187
 -399300.0     0.188
 -399200.0     0.189
 -399100.0     0.189
 -399000.0     0.190
 -398900.0     0.191
 -398800.0     0.196
 -398700.0     0.201
 -398600.0     0.206
 -398500.0     0.211
 -398400.0     0.216
 -398300.0     0.220
 -398200.0     0.225
 -398100.0     0.229
 -398000.0     0.233
 -397900.0     0.238
 -397800.0     0.242
 -397700.0     0.243
 -397600.0     0.244
 -397500.0     0.246
 -397400.0     0.247
 -397300.0     0.249
 -397200.0     0.253
 -397100.0     0.260
 -397000.0     0.267
 -396900.0     0.274
 -396800.0     0.281
 -396700.0     0.288
 -396600.0     0.293
 -396500.0     0.298
 -396400.0     0.303
 -396300.0     0.308
 -396200.0     0.314
 -396100.0     0.321
 -396000.0     0.333
 -395900.0     0.345
 -395800.0     0.357
 -395700.0     0.370
 -395600.0     0.382
 -395500.0     0.395
 -395400.0     0.410
 -395300.0     0.425
 -395200.0     0.440
 -395100.0     0.455
 -395000.0     0.470
 -394900.0     0.485
 -394800.0     0.499
 -394700.0     0.513
 -394600.0     0.527
 -394500.0     0.541
 -394400.0     0.555
 -394300.0     0.569
 -394200.0     0.575
 -394100.0     0.582
 -394000.0     0.589
 -393900.0     0.595
 -393800.0     0.602
 -393700.0     0.608
 -393600.0     0.612
 -393500.0     0.610
 -393400.0     0.609
 -393300.0     0.607
 -393200.0     0.606
 -393100.0     0.604
 -393000.0     0.602
 -392900.0     0.600
 -392800.0     0.598
 -392700.0     0.595
 -392600.0     0.593
 -392500.0     0.591
 -392400.0     0.588
 -392300.0     0.587
 -392200.0     0.595
 -392100.0     0.602
 -392000.0     0.610
 -391900.0     0.617
 -391800.0     0.624
 -391700.0     0.632
 -391600.0     0.633
 -391500.0     0.628
 -391400.0     0.624
 -391300.0     0.620
 -391200.0     0.616
 -391100.0     0.612
 -391000.0     0.608
 -390900.0     0.607
 -390800.0     0.607
 -390700.0     0.607
 -390600.0     0.606
 -390500.0     0.606
 -390400.0     0.606
 -390300.0     0.606
 -390200.0     0.608
 -390100.0     0.610
 -390000.0     0.612
 -389900.0     0.613
 -389800.0     0.615
 -389700.0     0.617
 -389600.0     0.610
 -389500.0     0.604
 -389400.0     0.597
 -389300.0     0.591
 -389200.0     0.584
 -389100.0     0.577
 -389000.0     0.574
 -388900.0     0.573
 -388800.0     0.572
 -388700.0     0.572
 -388600.0     0.571
 -388500.0     0.570
 -388400.0     0.572
 -388300.0     0.578
 -388200.0     0.585
 -388100.0     0.592
 -388000.0     0.599
 -387900.0     0.606
 -387800.0     0.612
 -387700.0     0.613
 -387600.0     0.614
 -387500.0     0.615
 -387400.0     0.617
 -387300.0     0.618
 -387200.0     0.619
 -387100.0     0.621
 -387000.0     0.625
 -386900.0     0.628
 -386800.0     0.631
 -386700.0     0.635
 -386600.0     0.638
 -386500.0     0.639
 -386400.0     0.634
 -386300.0     0.629
 -386200.0     0.624
 -386100.0     0.618
 -386000.0     0.613
 -385900.0     0.608
 -385800.0     0.593
 -385700.0     0.578
 -385600.0     0.563
 -385500.0     0.547
 -385400.0     0.532
 -385300.0     0.517
 -385200.0     0.507
 -385100.0     0.499
 -385000.0     0.490
 -384900.0     0.481
 -384800.0     0.473
 -384700.0     0.463
 -384600.0     0.445
 -384500.0     0.428
 -384400.0     0.410
 -384300.0     0.392
 -384200.0     0.375
 -384100.0     0.358
 -384000.0     0.342
 -383900.0     0.325
 -383800.0     0.309
 -383700.0     0.293
 -383600.0     0.285
 -383500.0     0.290
 -383400.0     0.295
 -383300.0     0.300
 -383200.0     0.305
 -383100.0     0.310
 -383000.0     0.314
 -382900.0     0.319
 -382800.0     0.323
 -382700.0     0.328
 -382600.0     0.335
 -382500.0     0.352
 -382400.0     0.369
 -382300.0     0.386
 -382200.0     0.404
 -382100.0     0.421
 -382000.0     0.428
 -381900.0     0.435
 -381800.0     0.442
 -381700.0     0.449
 -381600.0     0.456
 -381500.0     0.462
 -381400.0     0.468
 -381300.0     0.473
 -381200.0     0.479
 -381100.0     0.484
 -381000.0     0.490
 -380900.0     0.497
 -380800.0     0.504
 -380700.0     0.511
 -380600.0     0.519
 -380500.0     0.526
 -380400.0     0.532
 -380300.0     0.536
 -380200.0     0.540
 -380100.0     0.544
 -380000.0     0.548
 -379900.0     0.552
 -379800.0     0.550
 -379700.0     0.545
 -379600.0     0.540
 -379500.0     0.535
 -379400.0     0.530
 -379300.0     0.525
 -379200.0     0.518
 -379100.0     0.511
 -379000.0     0.504
 -378900.0     0.497
 -378800.0     0.490
 -378700.0     0.481
 -378600.0     0.469
 -378500.0     0.457
 -378400.0     0.445
 -378300.0     0.433
 -378200.0     0.420
 -378100.0     0.404
 -378000.0     0.388
 -377900.0     0.371
 -377800.0     0.355
 -377700.0     0.339
 -377600.0     0.346
 -377500.0     0.352
 -377400.0     0.358
 -377300.0     0.365
 -377200.0     0.371
 -377100.0     0.389
 -377000.0     0.407
 -376900.0     0.424
 -376800.0     0.442
 -376700.0     0.460
 -376600.0     0.471
 -376500.0     0.481
 -376400.0     0.491
 -376300.0     0.501
 -376200.0     0.511
 -376100.0     0.522
 -376000.0     0.533
 -375900.0     0.544
 -375800.0     0.555
 -375700.0     0.565
 -375600.0     0.576
 -375500.0     0.580
 -375400.0     0.583
 -375300.0     0.587
 -375200.0     0.591
 -375100.0     0.594
 -375000.0     0.597
 -374900.0     0.598
 -374800.0     0.600
 -374700.0     0.601
 -374600.0     0.603
 -374500.0     0.604
 -374400.0     0.609
 -374300.0     0.616
 -374200.0     0.623
 -374100.0     0.629
 -374000.0     0.636
 -373900.0     0.642
 -373800.0     0.647
 -373700.0     0.652
 -373600.0     0.656
 -373500.0     0.661
 -373400.0     0.666
 -373300.0     0.670
 -373200.0     0.675
 -373100.0     0.680
 -373000.0     0.685
 -372900.0     0.690
 -372800.0     0.695
 -372700.0     0.701
 -372600.0     0.709
 -372500.0     0.717
 -372400.0     0.726
 -372300.0     0.734
 -372200.0     0.742
 -372100.0     0.747
 -372000.0     0.749
 -371900.0     0.750
 -371800.0     0.752
 -371700.0     0.754
 -371600.0     0.755
 -371500.0     0.748
 -371400.0     0.730
 -371300.0     0.712
 -371200.0     0.694
 -371100.0     0.676
 -371000.0     0.658
 -370900.0     0.647
 -370800.0     0.640
 -370700.0     0.634
 -370600.0     0.627
 -370500.0     0.621
 -370400.0     0.614
 -370300.0     0.610
 -370200.0     0.606
 -370100.0     0.603
 -370000.0     0.599
 -369900.0     0.595
 -369800.0     0.584
 -369700.0     0.570
 -369600.0     0.555
 -369500.0     0.540
 -369400.0     0.525
 -369300.0     0.511
 -369200.0     0.500
 -369100.0     0.488
 -369000.0     0.477
 -368900.0     0.465
 -368800.0     0.460
 -368700.0     0.469
 -368600.0     0.479
 -368500.0     0.489
 -368400.0     0.499
 -368300.0     0.509
 -368200.0     0.520
 -368100.0     0.531
 -368000.0     0.543
 -367900.0     0.554
 -367800.0     0.563
 -367700.0     0.561
 -367600.0     0.558
 -367500.0     0.556
 -367400.0     0.553
 -367300.0     0.551
 -367200.0     0.551
 -367100.0     0.550
 -367000.0     0.550
 -366900.0     0.549
 -366800.0     0.549
 -366700.0     0.554
 -366600.0     0.560
 -366500.0     0.567
 -366400.0     0.573
 -366300.0     0.580
 -366200.0     0.586
 -366100.0     0.591
 -366000.0     0.597
 -365900.0     0.603
 -365800.0     0.609
 -365700.0     0.617
 -365600.0     0.627
 -365500.0     0.637
 -365400.0     0.647
 -365300.0     0.657
 -365200.0     0.667
 -365100.0     0.674
 -365000.0     0.681
 -364900.0     0.688
 -364800.0     0.694
 -364700.0     0.701
 -364600.0     0.700
 -364500.0     0.692
 -364400.0     0.684
 -364300.0     0.676
 -364200.0     0.669
 -364100.0     0.662
 -364000.0     0.659
 -363900.0     0.657
 -363800.0     0.654
 -363700.0     0.652
 -363600.0     0.649
 -363500.0     0.657
 -363400.0     0.667
 -363300.0     0.677
 -363200.0     0.687
 -363100.0     0.697
 -363000.0     0.700
 -362900.0     0.694
 -362800.0     0.688
 -362700.0     0.681
 -362600.0     0.675
 -362500.0     0.669
 -362400.0     0.667
 -362300.0     0.664
 -362200.0     0.662
 -362100.0     0.659
 -362000.0     0.657
 -361900.0     0.663
 -361800.0     0.673
 -361700.0     0.683
 -361600.0     0.692
 -361500.0     0.702
 -361400.0     0.706
 -361300.0     0.702
 -361200.0     0.698
 -361100.0     0.694
 -361000.0     0.690
 -360900.0     0.686
 -360800.0     0.682
 -360700.0     0.679
 -360600.0     0.675
 -360500.0     0.672
 -360400.0     0.669
 -360300.0     0.666
 -360200.0     0.664
 -360100.0     0.662
 -360000.0     0.660
 -359900.0     0.658
 -359800.0     0.665
 -359700.0     0.678
 -359600.0     0.691
 -359500.0     0.704
 -359400.0     0.717
 -359300.0     0.728
 -359200.0     0.733
 -359100.0     0.738
 -359000.0     0.743
 -358900.0     0.747
 -358800.0     0.752
 -358700.0     0.748
 -358600.0     0.743
 -358500.0     0.738
 -358400.0     0.733
 -358300.0     0.727
 -358200.0     0.726
 -358100.0     0.730
 -358000.0     0.734
 -357900.0     0.738
 -357800.0     0.742
 -357700.0     0.747
 -357600.0     0.756
 -357500.0     0.765
 -357400.0     0.774
 -357300.0     0.783
 -357200.0     0.792
 -357100.0     0.798
 -357000.0     0.803
 -356900.0     0.807
 -356800.0     0.812
 -356700.0     0.817
 -356600.0     0.820
 -356500.0     0.814
 -356400.0     0.808
 -356300.0     0.802
 -356200.0     0.795
 -356100.0     0.789
 -356000.0     0.789
 -355900.0     0.793
 -355800.0     0.797
 -355700.0     0.801
 -355600.0     0.805
 -355500.0     0.809
 -355400.0     0.815
 -355300.0     0.821
 -355200.0     0.826
 -355100.0     0.832
 -355000.0     0.838
 -354900.0     0.841
 -354800.0     0.842
 -354700.0     0.843
 -354600.0     0.844
 -354500.0     0.845
 -354400.0     0.846
 -354300.0     0.851
 -354200.0     0.856
 -354100.0     0.861
 -354000.0     0.866
 -353900.0     0.871
 -353800.0     0.874
 -353700.0     0.874
 -353600.0     0.874
 -353500.0     0.874
 -353400.0     0.874
 -353300.0     0.874
 -353200.0     0.875
 -353100.0     0.876
 -353000.0     0.877
 -352900.0     0.879
 -352800.0     0.880
 -352700.0     0.881
 -352600.0     0.878
 -352500.0     0.875
 -352400.0     0.873
 -352300.0     0.870
 -352200.0     0.868
 -352100.0     0.865
 -352000.0     0.864
 -351900.0     0.863
 -351800.0     0.861
 -351700.0     0.860
 -351600.0     0.858
 -351500.0     0.860
 -351400.0     0.861
 -351300.0     0.863
 -351200.0     0.864
 -351100.0     0.865
 -351000.0     0.866
 -350900.0     0.866
 -350800.0     0.866
 -350700.0     0.866
 -350600.0     0.866
 -350500.0     0.866
 -350400.0     0.866
 -350300.0     0.865
 -350200.0     0.864
 -350100.0     0.864
 -350000.0     0.863
 -349900.0     0.860
 -349800.0     0.854
 -349700.0     0.848
 -349600.0     0.842
 -349500.0     0.836
 -349400.0     0.830
 -349300.0     0.823
 -349200.0     0.817
 -349100.0     0.810
 -349000.0     0.804
 -348900.0     0.797
 -348800.0     0.796
 -348700.0     0.797
 -348600.0     0.798
 -348500.0     0.798
 -348400.0     0.799
 -348300.0     0.798
 -348200.0     0.795
 -348100.0     0.792
 -348000.0     0.789
 -347900.0     0.786
 -347800.0     0.784
 -347700.0     0.782
 -347600.0     0.780
 -347500.0     0.778
 -347400.0     0.776
 -347300.0     0.774
 -347200.0     0.775
 -347100.0     0.775
 -347000.0     0.775
 -346900.0     0.775
 -346800.0     0.775
 -346700.0     0.773
 -346600.0     0.771
 -346500.0     0.770
 -346400.0     0.768
 -346300.0     0.766
 -346200.0     0.763
 -346100.0     0.761
 -346000.0     0.758
 -345900.0     0.756
 -345800.0     0.754
 -345700.0     0.752
 -345600.0     0.750
 -345500.0     0.749
 -345400.0     0.747
 -345300.0     0.745
 -345200.0     0.742
 -345100.0     0.738
 -345000.0     0.735
 -344900.0     0.731
 -344800.0     0.733
 -344700.0     0.742
 -344600.0     0.752
 -344500.0     0.761
 -344400.0     0.771
 -344300.0     0.775
 -344200.0     0.773
 -344100.0     0.771
 -344000.0     0.769
 -343900.0     0.767
 -343800.0     0.765
 -343700.0     0.762
 -343600.0     0.759
 -343500.0     0.757
 -343400.0     0.754
 -343300.0     0.752
 -343200.0     0.751
 -343100.0     0.750
 -343000.0     0.749
 -342900.0     0.747
 -342800.0     0.742
 -342700.0     0.736
 -342600.0     0.729
 -342500.0     0.723
 -342400.0     0.717
 -342300.0     0.715
 -342200.0     0.714
 -342100.0     0.712
 -342000.0     0.711
 -341900.0     0.710
 -341800.0     0.711
 -341700.0     0.713
 -341600.0     0.714
 -341500.0     0.715
 -341400.0     0.724
 -341300.0     0.737
 -341200.0     0.751
 -341100.0     0.764
 -341000.0     0.778
 -340900.0     0.791
 -340800.0     0.804
 -340700.0     0.817
 -340600.0     0.829
 -340500.0     0.842
 -340400.0     0.837
 -340300.0     0.830
 -340200.0     0.823
 -340100.0     0.816
 -340000.0     0.809
 -339900.0     0.805
 -339800.0     0.802
 -339700.0     0.798
 -339600.0     0.795
 -339500.0     0.792
 -339400.0     0.802
 -339300.0     0.811
 -339200.0     0.821
 -339100.0     0.831
 -339000.0     0.839
 -338900.0     0.836
 -338800.0     0.834
 -338700.0     0.832
 -338600.0     0.829
 -338500.0     0.827
 -338400.0     0.824
 -338300.0     0.820
 -338200.0     0.817
 -338100.0     0.814
 -338000.0     0.814
 -337900.0     0.820
 -337800.0     0.826
 -337700.0     0.832
 -337600.0     0.838
 -337500.0     0.840
 -337400.0     0.837
 -337300.0     0.834
 -337200.0     0.832
 -337100.0     0.829
 -337000.0     0.829
 -336900.0     0.832
 -336800.0     0.835
 -336700.0     0.838
 -336600.0     0.841
 -336500.0     0.840
 -336400.0     0.837
 -336300.0     0.833
 -336200.0     0.830
 -336100.0     0.826
 -336000.0     0.831
 -335900.0     0.838
 -335800.0     0.845
 -335700.0     0.852
 -335600.0     0.859
 -335500.0     0.866
 -335400.0     0.872
 -335300.0     0.879
 -335200.0     0.886
 -335100.0     0.892
 -335000.0     0.894
 -334900.0     0.895
 -334800.0     0.896
 -334700.0     0.898
 -334600.0     0.899
 -334500.0     0.899
 -334400.0     0.900
 -334300.0     0.900
 -334200.0     0.900
 -334100.0     0.900
 -334000.0     0.903
 -333900.0     0.905
 -333800.0     0.907
 -333700.0     0.909
 -333600.0     0.911
 -333500.0     0.907
 -333400.0     0.903
 -333300.0     0.899
 -333200.0     0.895
 -333100.0     0.890
 -333000.0     0.877
 -332900.0     0.864
 -332800.0     0.851
 -332700.0     0.838
 -332600.0     0.824
 -332500.0     0.807
 -332400.0     0.791
 -332300.0     0.774
 -332200.0     0.758
 -332100.0     0.742
 -332000.0     0.728
 -331900.0     0.713
 -331800.0     0.698
 -331700.0     0.685
 -331600.0     0.677
 -331500.0     0.669
 -331400.0     0.661
 -331300.0     0.653
 -331200.0     0.651
 -331100.0     0.648
 -331000.0     0.646
 -330900.0     0.643
 -330800.0     0.630
 -330700.0     0.614
 -330600.0     0.599
 -330500.0     0.583
 -330400.0     0.575
 -330300.0     0.569
 -330200.0     0.563
 -330100.0     0.557
 -330000.0     0.547
 -329900.0     0.538
 -329800.0     0.528
 -329700.0     0.518
 -329600.0     0.507
 -329500.0     0.497
 -329400.0     0.486
 -329300.0     0.474
 -329200.0     0.458
 -329100.0     0.441
 -329000.0     0.425
 -328900.0     0.412
 -328800.0     0.404
 -328700.0     0.395
 -328600.0     0.386
 -328500.0     0.374
 -328400.0     0.361
 -328300.0     0.349
 -328200.0     0.336
 -328100.0     0.323
 -328000.0     0.309
 -327900.0     0.299
 -327800.0     0.295
 -327700.0     0.292
 -327600.0     0.289
 -327500.0     0.284
 -327400.0     0.279
 -327300.0     0.275
 -327200.0     0.273
 -327100.0     0.272
 -327000.0     0.271
 -326900.0     0.259
 -326800.0     0.235
 -326700.0     0.211
 -326600.0     0.185
 -326500.0     0.155
 -326400.0     0.126
 -326300.0     0.097
 -326200.0     0.068
 -326100.0     0.040
 -326000.0     0.021
 -325900.0     0.008
 -325800.0    -0.004
 -325700.0    -0.030
 -325600.0    -0.057
 -325500.0    -0.088
 -325400.0    -0.130
 -325300.0    -0.171
 -325200.0    -0.186
 -325100.0    -0.193
 -325000.0    -0.202
 -324900.0    -0.215
 -324800.0    -0.227
 -324700.0    -0.244
 -324600.0    -0.261
 -324500.0    -0.277
 -324400.0    -0.292
 -324300.0    -0.306
 -324200.0    -0.317
 -324100.0    -0.324
 -324000.0    -0.323
 -323900.0    -0.323
 -323800.0    -0.331
 -323700.0    -0.339
 -323600.0    -0.347
 -323500.0    -0.355
 -323400.0    -0.353
 -323300.0    -0.350
 -323200.0    -0.349
 -323100.0    -0.349
 -323000.0    -0.352
 -322900.0    -0.358
 -322800.0    -0.361
 -322700.0    -0.361
 -322600.0    -0.354
 -322500.0    -0.334
 -322400.0    -0.320
 -322300.0    -0.322
 -322200.0    -0.322
 -322100.0    -0.311
 -322000.0    -0.300
 -321900.0    -0.276
 -321800.0    -0.251
 -321700.0    -0.225
 -321600.0    -0.199
 -321500.0    -0.177
 -321400.0    -0.157
 -321300.0    -0.141
 -321200.0    -0.135
 -321100.0    -0.130
 -321000.0    -0.095
 -320900.0    -0.059
 -320800.0    -0.031
 -320700.0    -0.010
 -320600.0     0.010
 -320500.0     0.015
 -320400.0     0.019
 -320300.0     0.019
 -320200.0     0.016
 -320100.0     0.013
 -320000.0     0.001
 -319900.0    -0.011
 -319800.0    -0.019
 -319700.0    -0.023
 -319600.0    -0.027
 -319500.0    -0.023
 -319400.0    -0.019
 -319300.0    -0.014
 -319200.0    -0.008
 -319100.0    -0.002
 -319000.0    -0.002
 -318900.0    -0.001
 -318800.0    -0.007
 -318700.0    -0.016
 -318600.0    -0.020
 -318500.0    -0.012
 -318400.0    -0.004
 -318300.0     0.000
 -318200.0     0.002
 -318100.0     0.005
 -318000.0     0.011
 -317900.0     0.016
 -317800.0     0.028
 -317700.0     0.041
 -317600.0     0.047
 -317500.0     0.046
 -317400.0     0.044
 -317300.0     0.035
 -317200.0     0.027
 -317100.0     0.026
 -317000.0     0.032
 -316900.0     0.037
 -316800.0     0.030
 -316700.0     0.023
 -316600.0     0.020
 -316500.0     0.020
 -316400.0     0.024
 -316300.0     0.039
 -316200.0     0.055
 -316100.0     0.056
 -316000.0     0.054
 -315900.0     0.052
 -315800.0     0.053
 -315700.0     0.054
 -315600.0     0.061
 -315500.0     0.068
 -315400.0     0.079
 -315300.0     0.094
 -315200.0     0.109
 -315100.0     0.111
 -315000.0     0.112
 -314900.0     0.114
 -314800.0     0.119
 -314700.0     0.124
 -314600.0     0.134
 -314500.0     0.144
 -314400.0     0.150
 -314300.0     0.152
 -314200.0     0.154
 -314100.0     0.155
 -314000.0     0.156
 -313900.0     0.156
 -313800.0     0.154
 -313700.0     0.152
 -313600.0     0.161
 -313500.0     0.173
 -313400.0     0.184
 -313300.0     0.192
 -313200.0     0.200
 -313100.0     0.206
 -313000.0     0.212
 -312900.0     0.218
 -312800.0     0.233
 -312700.0     0.249
 -312600.0     0.261
 -312500.0     0.263
 -312400.0     0.266
 -312300.0     0.269
 -312200.0     0.274
 -312100.0     0.278
 -312000.0     0.268
 -311900.0     0.258
 -311800.0     0.253
 -311700.0     0.258
 -311600.0     0.263
 -311500.0     0.266
 -311400.0     0.268
 -311300.0     0.271
 -311200.0     0.277
 -311100.0     0.284
 -311000.0     0.292
 -310900.0     0.302
 -310800.0     0.312
 -310700.0     0.323
 -310600.0     0.334
 -310500.0     0.346
 -310400.0     0.357
 -310300.0     0.367
 -310200.0     0.377
 -310100.0     0.380
 -310000.0     0.382
 -309900.0     0.388
 -309800.0     0.400
 -309700.0     0.412
 -309600.0     0.421
 -309500.0     0.427
 -309400.0     0.432
 -309300.0     0.435
 -309200.0     0.436
 -309100.0     0.437
 -309000.0     0.440
 -308900.0     0.444
 -308800.0     0.447
 -308700.0     0.453
 -308600.0     0.458
 -308500.0     0.464
 -308400.0     0.476
 -308300.0     0.488
 -308200.0     0.501
 -308100.0     0.511
 -308000.0     0.522
 -307900.0     0.531
 -307800.0     0.527
 -307700.0     0.523
 -307600.0     0.520
 -307500.0     0.525
 -307400.0     0.530
 -307300.0     0.536
 -307200.0     0.550
 -307100.0     0.564
 -307000.0     0.577
 -306900.0     0.579
 -306800.0     0.581
 -306700.0     0.583
 -306600.0     0.597
 -306500.0     0.612
 -306400.0     0.626
 -306300.0     0.624
 -306200.0     0.620
 -306100.0     0.616
 -306000.0     0.607
 -305900.0     0.597
 -305800.0     0.586
 -305700.0     0.575
 -305600.0     0.563
 -305500.0     0.551
 -305400.0     0.534
 -305300.0     0.515
 -305200.0     0.495
 -305100.0     0.484
 -305000.0     0.477
 -304900.0     0.469
 -304800.0     0.460
 -304700.0     0.449
 -304600.0     0.439
 -304500.0     0.421
 -304400.0     0.404
 -304300.0     0.386
 -304200.0     0.368
 -304100.0     0.349
 -304000.0     0.339
 -303900.0     0.332
 -303800.0     0.324
 -303700.0     0.300
 -303600.0     0.276
 -303500.0     0.249
 -303400.0     0.221
 -303300.0     0.200
 -303200.0     0.214
 -303100.0     0.228
 -303000.0     0.240
 -302900.0     0.251
 -302800.0     0.272
 -302700.0     0.314
 -302600.0     0.355
 -302500.0     0.378
 -302400.0     0.397
 -302300.0     0.405
 -302200.0     0.366
 -302100.0     0.328
 -302000.0     0.306
 -301900.0     0.295
 -301800.0     0.290
 -301700.0     0.326
 -301600.0     0.362
 -301500.0     0.366
 -301400.0     0.348
 -301300.0     0.332
 -301200.0     0.343
 -301100.0     0.354
 -301000.0     0.355
 -300900.0     0.346
 -300800.0     0.337
 -300700.0     0.344
 -300600.0     0.351
 -300500.0     0.358
 -300400.0     0.363
 -300300.0     0.369
 -300200.0     0.362
 -300100.0     0.354
 -300000.0     0.351
 -299900.0     0.356
 -299800.0     0.361
 -299700.0     0.372
 -299600.0     0.383
 -299500.0     0.395
 -299400.0     0.405
 -299300.0     0.416
 -299200.0     0.430
 -299100.0     0.445
 -299000.0     0.457
 -298900.0     0.447
 -298800.0     0.437
 -298700.0     0.440
 -298600.0     0.457
 -298500.0     0.474
 -298400.0     0.486
 -298300.0     0.498
 -298200.0     0.508
 -298100.0     0.512
 -298000.0     0.516
 -297900.0     0.520
 -297800.0     0.526
 -297700.0     0.531
 -297600.0     0.539
 -297500.0     0.547
 -297400.0     0.555
 -297300.0     0.552
 -297200.0     0.548
 -297100.0     0.546
 -297000.0     0.551
 -296900.0     0.555
 -296800.0     0.560
 -296700.0     0.565
 -296600.0     0.570
 -296500.0     0.558
 -296400.0     0.537
 -296300.0     0.516
 -296200.0     0.515
 -296100.0     0.517
 -296000.0     0.521
 -295900.0     0.537
 -295800.0     0.552
 -295700.0     0.560
 -295600.0     0.561
 -295500.0     0.562
 -295400.0     0.568
 -295300.0     0.575
 -295200.0     0.581
 -295100.0     0.590
 -295000.0     0.599
 -294900.0     0.607
 -294800.0     0.616
 -294700.0     0.625
 -294600.0     0.638
 -294500.0     0.657
 -294400.0     0.677
 -294300.0     0.678
 -294200.0     0.660
 -294100.0     0.642
 -294000.0     0.629
 -293900.0     0.618
 -293800.0     0.608
 -293700.0     0.602
 -293600.0     0.597
 -293500.0     0.591
 -293400.0     0.572
 -293300.0     0.553
 -293200.0     0.524
 -293100.0     0.476
 -293000.0     0.428
 -292900.0     0.409
 -292800.0     0.399
 -292700.0     0.393
 -292600.0     0.396
 -292500.0     0.399
 -292400.0     0.424
 -292300.0     0.452
 -292200.0     0.477
 -292100.0     0.499
 -292000.0     0.521
 -291900.0     0.540
 -291800.0     0.560
 -291700.0     0.574
 -291600.0     0.568
 -291500.0     0.562
 -291400.0     0.552
 -291300.0     0.540
 -291200.0     0.528
 -291100.0     0.547
 -291000.0     0.569
 -290900.0     0.587
 -290800.0     0.597
 -290700.0     0.607
 -290600.0     0.626
 -290500.0     0.651
 -290400.0     0.676
 -290300.0     0.680
 -290200.0     0.680
 -290100.0     0.680
 -290000.0     0.662
 -289900.0     0.644
 -289800.0     0.631
 -289700.0     0.636
 -289600.0     0.641
 -289500.0     0.651
 -289400.0     0.667
 -289300.0     0.682
 -289200.0     0.700
 -289100.0     0.717
 -289000.0     0.735
 -288900.0     0.732
 -288800.0     0.725
 -288700.0     0.719
 -288600.0     0.697
 -288500.0     0.676
 -288400.0     0.657
 -288300.0     0.652
 -288200.0     0.647
 -288100.0     0.633
 -288000.0     0.608
 -287900.0     0.582
 -287800.0     0.584
 -287700.0     0.592
 -287600.0     0.601
 -287500.0     0.616
 -287400.0     0.630
 -287300.0     0.644
 -287200.0     0.659
 -287100.0     0.673
 -287000.0     0.682
 -286900.0     0.690
 -286800.0     0.697
 -286700.0     0.695
 -286600.0     0.693
 -286500.0     0.693
 -286400.0     0.700
 -286300.0     0.707
 -286200.0     0.713
 -286100.0     0.719
 -286000.0     0.724
 -285900.0     0.730
 -285800.0     0.737
 -285700.0     0.744
 -285600.0     0.759
 -285500.0     0.776
 -285400.0     0.792
 -285300.0     0.810
 -285200.0     0.827
 -285100.0     0.845
 -285000.0     0.839
 -284900.0     0.833
 -284800.0     0.828
 -284700.0     0.826
 -284600.0     0.825
 -284500.0     0.823
 -284400.0     0.806
 -284300.0     0.788
 -284200.0     0.768
 -284100.0     0.732
 -284000.0     0.696
 -283900.0     0.667
 -283800.0     0.650
 -283700.0     0.632
 -283600.0     0.628
 -283500.0     0.629
 -283400.0     0.627
 -283300.0     0.612
 -283200.0     0.598
 -283100.0     0.582
 -283000.0     0.565
 -282900.0     0.551
 -282800.0     0.565
 -282700.0     0.579
 -282600.0     0.598
 -282500.0     0.621
 -282400.0     0.643
 -282300.0     0.656
 -282200.0     0.669
 -282100.0     0.684
 -282000.0     0.702
 -281900.0     0.720
 -281800.0     0.728
 -281700.0     0.732
 -281600.0     0.737
 -281500.0     0.720
 -281400.0     0.704
 -281300.0     0.686
 -281200.0     0.667
 -281100.0     0.647
 -281000.0     0.630
 -280900.0     0.614
 -280800.0     0.604
 -280700.0     0.621
 -280600.0     0.639
 -280500.0     0.659
 -280400.0     0.680
 -280300.0     0.701
 -280200.0     0.700
 -280100.0     0.700
 -280000.0     0.688
 -279900.0     0.658
 -279800.0     0.628
 -279700.0     0.608
 -279600.0     0.590
 -279500.0     0.572
 -279400.0     0.551
 -279300.0     0.531
 -279200.0     0.519
 -279100.0     0.508
 -279000.0     0.503
 -278900.0     0.503
 -278800.0     0.502
 -278700.0     0.503
 -278600.0     0.503
 -278500.0     0.504
 -278400.0     0.505
 -278300.0     0.505
 -278200.0     0.504
 -278100.0     0.497
 -278000.0     0.475
 -277900.0     0.453
 -277800.0     0.451
 -277700.0     0.448
 -277600.0     0.434
 -277500.0     0.416
 -277400.0     0.400
 -277300.0     0.386
 -277200.0     0.370
 -277100.0     0.352
 -277000.0     0.339
 -276900.0     0.332
 -276800.0     0.334
 -276700.0     0.360
 -276600.0     0.383
 -276500.0     0.397
 -276400.0     0.410
 -276300.0     0.402
 -276200.0     0.395
 -276100.0     0.389
 -276000.0     0.384
 -275900.0     0.390
 -275800.0     0.398
 -275700.0     0.407
 -275600.0     0.417
 -275500.0     0.421
 -275400.0     0.422
 -275300.0     0.432
 -275200.0     0.453
 -275100.0     0.466
 -275000.0     0.456
 -274900.0     0.448
 -274800.0     0.448
 -274700.0     0.448
 -274600.0     0.441
 -274500.0     0.433
 -274400.0     0.432
 -274300.0     0.435
 -274200.0     0.444
 -274100.0     0.458
 -274000.0     0.476
 -273900.0     0.499
 -273800.0     0.513
 -273700.0     0.502
 -273600.0     0.491
 -273500.0     0.491
 -273400.0     0.491
 -273300.0     0.492
 -273200.0     0.493
 -273100.0     0.496
 -273000.0     0.500
 -272900.0     0.507
 -272800.0     0.519
 -272700.0     0.530
 -272600.0     0.543
 -272500.0     0.556
 -272400.0     0.540
 -272300.0     0.525
 -272200.0     0.529
 -272100.0     0.539
 -272000.0     0.566
 -271900.0     0.608
 -271800.0     0.642
 -271700.0     0.646
 -271600.0     0.650
 -271500.0     0.647
 -271400.0     0.643
 -271300.0     0.633
 -271200.0     0.616
 -271100.0     0.602
 -271000.0     0.609
 -270900.0     0.616
 -270800.0     0.631
 -270700.0     0.649
 -270600.0     0.662
 -270500.0     0.672
 -270400.0     0.680
 -270300.0     0.678
 -270200.0     0.675
 -270100.0     0.691
 -270000.0     0.716
 -269900.0     0.735
 -269800.0     0.740
 -269700.0     0.746
 -269600.0     0.749
 -269500.0     0.752
 -269400.0     0.756
 -269300.0     0.765
 -269200.0     0.774
 -269100.0     0.773
 -269000.0     0.770
 -268900.0     0.766
 -268800.0     0.758
 -268700.0     0.751
 -268600.0     0.726
 -268500.0     0.696
 -268400.0     0.686
 -268300.0     0.716
 -268200.0     0.745
 -268100.0     0.759
 -268000.0     0.771
 -267900.0     0.786
 -267800.0     0.805
 -267700.0     0.824
 -267600.0     0.840
 -267500.0     0.856
 -267400.0     0.867
 -267300.0     0.868
 -267200.0     0.868
 -267100.0     0.865
 -267000.0     0.860
 -266900.0     0.855
 -266800.0     0.864
 -266700.0     0.874
 -266600.0     0.876
 -266500.0     0.870
 -266400.0     0.864
 -266300.0     0.848
 -266200.0     0.829
 -266100.0     0.820
 -266000.0     0.846
 -265900.0     0.873
 -265800.0     0.904
 -265700.0     0.937
 -265600.0     0.970
 -265500.0     0.954
 -265400.0     0.936
 -265300.0     0.919
 -265200.0     0.907
 -265100.0     0.895
 -265000.0     0.890
 -264900.0     0.891
 -264800.0     0.891
 -264700.0     0.877
 -264600.0     0.863
 -264500.0     0.859
 -264400.0     0.876
 -264300.0     0.894
 -264200.0     0.918
 -264100.0     0.943
 -264000.0     0.967
 -263900.0     0.957
 -263800.0     0.948
 -263700.0     0.938
 -263600.0     0.929
 -263500.0     0.919
 -263400.0     0.918
 -263300.0     0.920
 -263200.0     0.922
 -263100.0     0.934
 -263000.0     0.946
 -262900.0     0.952
 -262800.0     0.943
 -262700.0     0.934
 -262600.0     0.933
 -262500.0     0.937
 -262400.0     0.941
 -262300.0     0.946
 -262200.0     0.951
 -262100.0     0.951
 -262000.0     0.940
 -261900.0     0.929
 -261800.0     0.926
 -261700.0     0.927
 -261600.0     0.929
 -261500.0     0.939
 -261400.0     0.949
 -261300.0     0.956
 -261200.0     0.956
 -261100.0     0.956
 -261000.0     0.958
 -260900.0     0.962
 -260800.0     0.966
 -260700.0     0.955
 -260600.0     0.944
 -260500.0     0.937
 -260400.0     0.939
 -260300.0     0.942
 -260200.0     0.942
 -260100.0     0.941
 -260000.0     0.940
 -259900.0     0.926
 -259800.0     0.913
 -259700.0     0.907
 -259600.0     0.910
 -259500.0     0.912
 -259400.0     0.914
 -259300.0     0.916
 -259200.0     0.916
 -259100.0     0.911
 -259000.0     0.906
 -258900.0     0.906
 -258800.0     0.907
 -258700.0     0.905
 -258600.0     0.889
 -258500.0     0.874
 -258400.0     0.864
 -258300.0     0.856
 -258200.0     0.854
 -258100.0     0.870
 -258000.0     0.886
 -257900.0     0.885
 -257800.0     0.878
 -257700.0     0.872
 -257600.0     0.866
 -257500.0     0.861
 -257400.0     0.854
 -257300.0     0.846
 -257200.0     0.837
 -257100.0     0.823
 -257000.0     0.809
 -256900.0     0.799
 -256800.0     0.790
 -256700.0     0.786
 -256600.0     0.787
 -256500.0     0.785
 -256400.0     0.772
 -256300.0     0.759
 -256200.0     0.743
 -256100.0     0.726
 -256000.0     0.723
 -255900.0     0.727
 -255800.0     0.728
 -255700.0     0.726
 -255600.0     0.722
 -255500.0     0.710
 -255400.0     0.699
 -255300.0     0.678
 -255200.0     0.658
 -255100.0     0.638
 -255000.0     0.619
 -254900.0     0.603
 -254800.0     0.588
 -254700.0     0.600
 -254600.0     0.625
 -254500.0     0.662
 -254400.0     0.707
 -254300.0     0.738
 -254200.0     0.753
 -254100.0     0.764
 -254000.0     0.758
 -253900.0     0.752
 -253800.0     0.764
 -253700.0     0.776
 -253600.0     0.782
 -253500.0     0.784
 -253400.0     0.790
 -253300.0     0.800
 -253200.0     0.805
 -253100.0     0.776
 -253000.0     0.747
 -252900.0     0.718
 -252800.0     0.690
 -252700.0     0.699
 -252600.0     0.724
 -252500.0     0.754
 -252400.0     0.788
 -252300.0     0.806
 -252200.0     0.788
 -252100.0     0.769
 -252000.0     0.741
 -251900.0     0.713
 -251800.0     0.719
 -251700.0     0.733
 -251600.0     0.736
 -251500.0     0.735
 -251400.0     0.731
 -251300.0     0.724
 -251200.0     0.708
 -251100.0     0.675
 -251000.0     0.643
 -250900.0     0.619
 -250800.0     0.600
 -250700.0     0.601
 -250600.0     0.611
 -250500.0     0.658
 -250400.0     0.702
 -250300.0     0.721
 -250200.0     0.739
 -250100.0     0.732
 -250000.0     0.726
 -249900.0     0.712
 -249800.0     0.697
 -249700.0     0.707
 -249600.0     0.727
 -249500.0     0.736
 -249400.0     0.737
 -249300.0     0.744
 -249200.0     0.757
 -249100.0     0.773
 -249000.0     0.798
 -248900.0     0.821
 -248800.0     0.830
 -248700.0     0.838
 -248600.0     0.838
 -248500.0     0.836
 -248400.0     0.827
 -248300.0     0.814
 -248200.0     0.805
 -248100.0     0.807
 -248000.0     0.808
 -247900.0     0.808
 -247800.0     0.808
 -247700.0     0.793
 -247600.0     0.775
 -247500.0     0.762
 -247400.0     0.753
 -247300.0     0.757
 -247200.0     0.774
 -247100.0     0.787
 -247000.0     0.795
 -246900.0     0.799
 -246800.0     0.784
 -246700.0     0.769
 -246600.0     0.771
 -246500.0     0.774
 -246400.0     0.776
 -246300.0     0.777
 -246200.0     0.785
 -246100.0     0.796
 -246000.0     0.805
 -245900.0     0.811
 -245800.0     0.807
 -245700.0     0.781
 -245600.0     0.760
 -245500.0     0.753
 -245400.0     0.747
 -245300.0     0.754
 -245200.0     0.762
 -245100.0     0.775
 -245000.0     0.788
 -244900.0     0.795
 -244800.0     0.800
 -244700.0     0.800
 -244600.0     0.797
 -244500.0     0.794
 -244400.0     0.790
 -244300.0     0.784
 -244200.0     0.778
 -244100.0     0.767
 -244000.0     0.744
 -243900.0     0.719
 -243800.0     0.694
 -243700.0     0.669
 -243600.0     0.641
 -243500.0     0.616
 -243400.0     0.599
 -243300.0     0.583
 -243200.0     0.567
 -243100.0     0.561
 -243000.0     0.567
 -242900.0     0.591
 -242800.0     0.629
 -242700.0     0.644
 -242600.0     0.650
 -242500.0     0.653
 -242400.0     0.657
 -242300.0     0.660
 -242200.0     0.664
 -242100.0     0.676
 -242000.0     0.690
 -241900.0     0.697
 -241800.0     0.704
 -241700.0     0.682
 -241600.0     0.659
 -241500.0     0.625
 -241400.0     0.591
 -241300.0     0.566
 -241200.0     0.536
 -241100.0     0.495
 -241000.0     0.463
 -240900.0     0.441
 -240800.0     0.421
 -240700.0     0.402
 -240600.0     0.393
 -240500.0     0.377
 -240400.0     0.353
 -240300.0     0.319
 -240200.0     0.283
 -240100.0     0.247
 -240000.0     0.246
 -239900.0     0.241
 -239800.0     0.205
 -239700.0     0.168
 -239600.0     0.120
 -239500.0     0.059
 -239400.0     0.028
 -239300.0    -0.022
 -239200.0    -0.057
 -239100.0    -0.067
 -239000.0    -0.079
 -238900.0    -0.107
 -238800.0    -0.123
 -238700.0    -0.138
 -238600.0    -0.159
 -238500.0    -0.179
 -238400.0    -0.190
 -238300.0    -0.199
 -238200.0    -0.215
 -238100.0    -0.234
 -238000.0    -0.247
 -237900.0    -0.233
 -237800.0    -0.209
 -237700.0    -0.197
 -237600.0    -0.166
 -237500.0    -0.098
 -237400.0    -0.042
 -237300.0    -0.053
 -237200.0    -0.028
 -237100.0    -0.014
 -237000.0     0.016
 -236900.0     0.073
 -236800.0     0.102
 -236700.0     0.122
 -236600.0     0.131
 -236500.0     0.132
 -236400.0     0.127
 -236300.0     0.147
 -236200.0     0.161
 -236100.0     0.169
 -236000.0     0.206
 -235900.0     0.228
 -235800.0     0.240
 -235700.0     0.241
 -235600.0     0.250
 -235500.0     0.241
 -235400.0     0.218
 -235300.0     0.219
 -235200.0     0.248
 -235100.0     0.284
 -235000.0     0.310
 -234900.0     0.306
 -234800.0     0.289
 -234700.0     0.257
 -234600.0     0.253
 -234500.0     0.252
 -234400.0     0.256
 -234300.0     0.290
 -234200.0     0.308
 -234100.0     0.307
 -234000.0     0.272
 -233900.0     0.280
 -233800.0     0.302
 -233700.0     0.323
 -233600.0     0.352
 -233500.0     0.384
 -233400.0     0.417
 -233300.0     0.417
 -233200.0     0.409
 -233100.0     0.393
 -233000.0     0.412
 -232900.0     0.433
 -232800.0     0.441
 -232700.0     0.457
 -232600.0     0.473
 -232500.0     0.483
 -232400.0     0.483
 -232300.0     0.477
 -232200.0     0.489
 -232100.0     0.501
 -232000.0     0.512
 -231900.0     0.536
 -231800.0     0.559
 -231700.0     0.563
 -231600.0     0.568
 -231500.0     0.574
 -231400.0     0.579
 -231300.0     0.586
 -231200.0     0.601
 -231100.0     0.630
 -231000.0     0.677
 -230900.0     0.685
 -230800.0     0.676
 -230700.0     0.675
 -230600.0     0.676
 -230500.0     0.691
 -230400.0     0.691
 -230300.0     0.671
 -230200.0     0.676
 -230100.0     0.695
 -230000.0     0.708
 -229900.0     0.721
 -229800.0     0.744
 -229700.0     0.764
 -229600.0     0.775
 -229500.0     0.784
 -229400.0     0.791
 -229300.0     0.801
 -229200.0     0.811
 -229100.0     0.821
 -229000.0     0.830
 -228900.0     0.832
 -228800.0     0.831
 -228700.0     0.805
 -228600.0     0.773
 -228500.0     0.735
 -228400.0     0.700
 -228300.0     0.688
 -228200.0     0.694
 -228100.0     0.726
 -228000.0     0.749
 -227900.0     0.769
 -227800.0     0.788
 -227700.0     0.807
 -227600.0     0.811
 -227500.0     0.818
 -227400.0     0.844
 -227300.0     0.865
 -227200.0     0.870
 -227100.0     0.862
 -227000.0     0.822
 -226900.0     0.786
 -226800.0     0.754
 -226700.0     0.733
 -226600.0     0.720
 -226500.0     0.709
 -226400.0     0.696
 -226300.0     0.657
 -226200.0     0.636
 -226100.0     0.646
 -226000.0     0.690
 -225900.0     0.747
 -225800.0     0.706
 -225700.0     0.658
 -225600.0     0.591
 -225500.0     0.604
 -225400.0     0.666
 -225300.0     0.688
 -225200.0     0.703
 -225100.0     0.705
 -225000.0     0.692
 -224900.0     0.670
 -224800.0     0.712
 -224700.0     0.760
 -224600.0     0.794
 -224500.0     0.825
 -224400.0     0.853
 -224300.0     0.858
 -224200.0     0.841
 -224100.0     0.842
 -224000.0     0.854
 -223900.0     0.858
 -223800.0     0.861
 -223700.0     0.863
 -223600.0     0.864
 -223500.0     0.844
 -223400.0     0.822
 -223300.0     0.797
 -223200.0     0.784
 -223100.0     0.793
 -223000.0     0.786
 -222900.0     0.771
 -222800.0     0.753
 -222700.0     0.741
 -222600.0     0.793
 -222500.0     0.822
 -222400.0     0.808
 -222300.0     0.771
 -222200.0     0.714
 -222100.0     0.696
 -222000.0     0.687
 -221900.0     0.684
 -221800.0     0.688
 -221700.0     0.700
 -221600.0     0.678
 -221500.0     0.643
 -221400.0     0.583
 -221300.0     0.558
 -221200.0     0.555
 -221100.0     0.566
 -221000.0     0.547
 -220900.0     0.508
 -220800.0     0.497
 -220700.0     0.516
 -220600.0     0.550
 -220500.0     0.561
 -220400.0     0.540
 -220300.0     0.500
 -220200.0     0.485
 -220100.0     0.484
 -220000.0     0.490
 -219900.0     0.494
 -219800.0     0.435
 -219700.0     0.369
 -219600.0     0.324
 -219500.0     0.368
 -219400.0     0.369
 -219300.0     0.353
 -219200.0     0.337
 -219100.0     0.330
 -219000.0     0.331
 -218900.0     0.344
 -218800.0     0.363
 -218700.0     0.366
 -218600.0     0.323
 -218500.0     0.278
 -218400.0     0.247
 -218300.0     0.236
 -218200.0     0.225
 -218100.0     0.214
 -218000.0     0.220
 -217900.0     0.236
 -217800.0     0.231
 -217700.0     0.135
 -217600.0     0.136
 -217500.0     0.130
 -217400.0     0.120
 -217300.0     0.107
 -217200.0     0.107
 -217100.0     0.126
 -217000.0     0.135
 -216900.0     0.110
 -216800.0     0.118
 -216700.0     0.150
 -216600.0     0.211
 -216500.0     0.240
 -216400.0     0.242
 -216300.0     0.244
 -216200.0     0.270
 -216100.0     0.261
 -216000.0     0.224
 -215900.0     0.185
 -215800.0     0.175
 -215700.0     0.185
 -215600.0     0.136
 -215500.0     0.104
 -215400.0     0.114
 -215300.0     0.135
 -215200.0     0.152
 -215100.0     0.175
 -215000.0     0.176
 -214900.0     0.154
 -214800.0     0.148
 -214700.0     0.156
 -214600.0     0.177
 -214500.0     0.182
 -214400.0     0.167
 -214300.0     0.159
 -214200.0     0.164
 -214100.0     0.173
 -214000.0     0.174
 -213900.0     0.154
 -213800.0     0.164
 -213700.0     0.224
 -213600.0     0.214
 -213500.0     0.196
 -213400.0     0.194
 -213300.0     0.207
 -213200.0     0.212
 -213100.0     0.171
 -213000.0     0.186
 -212900.0     0.227
 -212800.0     0.200
 -212700.0     0.186
 -212600.0     0.207
 -212500.0     0.232
 -212400.0     0.237
 -212300.0     0.244
 -212200.0     0.209
 -212100.0     0.225
 -212000.0     0.228
 -211900.0     0.273
 -211800.0     0.310
 -211700.0     0.289
 -211600.0     0.259
 -211500.0     0.283
 -211400.0     0.289
 -211300.0     0.297
 -211200.0     0.301
 -211100.0     0.288
 -211000.0     0.250
 -210900.0     0.243
 -210800.0     0.260
 -210700.0     0.298
 -210600.0     0.323
 -210500.0     0.321
 -210400.0     0.302
 -210300.0     0.299
 -210200.0     0.287
 -210100.0     0.328
 -210000.0     0.377
 -209900.0     0.402
 -209800.0     0.397
 -209700.0     0.420
 -209600.0     0.409
 -209500.0     0.382
 -209400.0     0.350
 -209300.0     0.329
 -209200.0     0.346
 -209100.0     0.403
 -209000.0     0.410
 -208900.0     0.405
 -208800.0     0.408
 -208700.0     0.407
 -208600.0     0.415
 -208500.0     0.426
 -208400.0     0.428
 -208300.0     0.430
 -208200.0     0.488
 -208100.0     0.467
 -208000.0     0.461
 -207900.0     0.477
 -207800.0     0.511
 -207700.0     0.508
 -207600.0     0.501
 -207500.0     0.500
 -207400.0     0.508
 -207300.0     0.492
 -207200.0     0.487
 -207100.0     0.490
 -207000.0     0.494
 -206900.0     0.485
 -206800.0     0.514
 -206700.0     0.526
 -206600.0     0.518
 -206500.0     0.499
 -206400.0     0.521
 -206300.0     0.551
 -206200.0     0.570
 -206100.0     0.561
 -206000.0     0.520
 -205900.0     0.499
 -205800.0     0.490
 -205700.0     0.480
 -205600.0     0.453
 -205500.0     0.424
 -205400.0     0.414
 -205300.0     0.418
 -205200.0     0.417
 -205100.0     0.404
 -205000.0     0.369
 -204900.0     0.332
 -204800.0     0.303
 -204700.0     0.307
 -204600.0     0.340
 -204500.0     0.360
 -204400.0     0.368
 -204300.0     0.331
 -204200.0     0.312
 -204100.0     0.332
 -204000.0     0.348
 -203900.0     0.340
 -203800.0     0.328
 -203700.0     0.308
 -203600.0     0.278
 -203500.0     0.288
 -203400.0     0.272
 -203300.0     0.233
 -203200.0     0.221
 -203100.0     0.247
 -203000.0     0.275
 -202900.0     0.275
 -202800.0     0.261
 -202700.0     0.270
 -202600.0     0.288
 -202500.0     0.285
 -202400.0     0.292
 -202300.0     0.277
 -202200.0     0.202
 -202100.0     0.210
 -202000.0     0.251
 -201900.0     0.250
 -201800.0     0.245
 -201700.0     0.244
 -201600.0     0.230
 -201500.0     0.235
 -201400.0     0.210
 -201300.0     0.178
 -201200.0     0.227
 -201100.0     0.295
 -201000.0     0.315
 -200900.0     0.321
 -200800.0     0.320
 -200700.0     0.293
 -200600.0     0.277
 -200500.0     0.250
 -200400.0     0.240
 -200300.0     0.292
 -200200.0     0.338
 -200100.0     0.313
 -200000.0     0.308
 -199900.0     0.334
 -199800.0     0.319
 -199700.0     0.353
 -199600.0     0.397
 -199500.0     0.396
 -199400.0     0.397
 -199300.0     0.418
 -199200.0     0.426
 -199100.0     0.380
 -199000.0     0.339
 -198900.0     0.347
 -198800.0     0.366
 -198700.0     0.367
 -198600.0     0.390
 -198500.0     0.423
 -198400.0     0.432
 -198300.0     0.431
 -198200.0     0.436
 -198100.0     0.456
 -198000.0     0.490
 -197900.0     0.499
 -197800.0     0.504
 -197700.0     0.548
 -197600.0     0.552
 -197500.0     0.546
 -197400.0     0.553
 -197300.0     0.570
 -197200.0     0.583
 -197100.0     0.555
 -197000.0     0.485
 -196900.0     0.486
 -196800.0     0.546
 -196700.0     0.610
 -196600.0     0.617
 -196500.0     0.640
 -196400.0     0.649
 -196300.0     0.645
 -196200.0     0.634
 -196100.0     0.646
 -196000.0     0.653
 -195900.0     0.661
 -195800.0     0.674
 -195700.0     0.668
 -195600.0     0.640
 -195500.0     0.598
 -195400.0     0.556
 -195300.0     0.546
 -195200.0     0.553
 -195100.0     0.577
 -195000.0     0.585
 -194900.0     0.554
 -194800.0     0.483
 -194700.0     0.536
 -194600.0     0.557
 -194500.0     0.536
 -194400.0     0.525
 -194300.0     0.553
 -194200.0     0.589
 -194100.0     0.628
 -194000.0     0.655
 -193900.0     0.667
 -193800.0     0.665
 -193700.0     0.646
 -193600.0     0.687
 -193500.0     0.734
 -193400.0     0.760
 -193300.0     0.718
 -193200.0     0.707
 -193100.0     0.687
 -193000.0     0.653
 -192900.0     0.609
 -192800.0     0.659
 -192700.0     0.679
 -192600.0     0.676
 -192500.0     0.661
 -192400.0     0.630
 -192300.0     0.588
 -192200.0     0.559
 -192100.0     0.553
 -192000.0     0.572
 -191900.0     0.617
 -191800.0     0.610
 -191700.0     0.620
 -191600.0     0.628
 -191500.0     0.621
 -191400.0     0.607
 -191300.0     0.591
 -191200.0     0.548
 -191100.0     0.472
 -191000.0     0.414
 -190900.0     0.439
 -190800.0     0.516
 -190700.0     0.535
 -190600.0     0.542
 -190500.0     0.547
 -190400.0     0.599
 -190300.0     0.653
 -190200.0     0.690
 -190100.0     0.732
 -190000.0     0.718
 -189900.0     0.697
 -189800.0     0.700
 -189700.0     0.752
 -189600.0     0.785
 -189500.0     0.799
 -189400.0     0.787
 -189300.0     0.736
 -189200.0     0.748
 -189100.0     0.778
 -189000.0     0.814
 -188900.0     0.843
 -188800.0     0.850
 -188700.0     0.868
 -188600.0     0.896
 -188500.0     0.873
 -188400.0     0.876
 -188300.0     0.889
 -188200.0     0.892
 -188100.0     0.837
 -188000.0     0.796
 -187900.0     0.797
 -187800.0     0.831
 -187700.0     0.862
 -187600.0     0.891
 -187500.0     0.919
 -187400.0     0.896
 -187300.0     0.862
 -187200.0     0.825
 -187100.0     0.832
 -187000.0     0.866
 -186900.0     0.903
 -186800.0     0.915
 -186700.0     0.890
 -186600.0     0.886
 -186500.0     0.923
 -186400.0     0.908
 -186300.0     0.903
 -186200.0     0.904
 -186100.0     0.898
 -186000.0     0.881
 -185900.0     0.887
 -185800.0     0.954
 -185700.0     0.978
 -185600.0     0.964
 -185500.0     0.904
 -185400.0     0.886
 -185300.0     0.899
 -185200.0     0.932
 -185100.0     0.922
 -185000.0     0.899
 -184900.0     0.889
 -184800.0     0.926
 -184700.0     0.965
 -184600.0     0.935
 -184500.0     0.805
 -184400.0     0.828
 -184300.0     0.876
 -184200.0     0.911
 -184100.0     0.886
 -184000.0     0.904
 -183900.0     0.921
 -183800.0     0.930
 -183700.0     0.927
 -183600.0     0.899
 -183500.0     0.876
 -183400.0     0.914
 -183300.0     0.952
 -183200.0     0.945
 -183100.0     0.881
 -183000.0     0.875
 -182900.0     0.851
 -182800.0     0.846
 -182700.0     0.912
 -182600.0     0.884
 -182500.0     0.862
 -182400.0     0.861
 -182300.0     0.901
 -182200.0     0.898
 -182100.0     0.870
 -182000.0     0.824
 -181900.0     0.794
 -181800.0     0.771
 -181700.0     0.764
 -181600.0     0.754
 -181500.0     0.702
 -181400.0     0.664
 -181300.0     0.742
 -181200.0     0.770
 -181100.0     0.726
 -181000.0     0.645
 -180900.0     0.605
 -180800.0     0.633
 -180700.0     0.639
 -180600.0     0.644
 -180500.0     0.679
 -180400.0     0.726
 -180300.0     0.712
 -180200.0     0.719
 -180100.0     0.719
 -180000.0     0.722
 -179900.0     0.691
 -179800.0     0.619
 -179700.0     0.605
 -179600.0     0.682
 -179500.0     0.752
 -179400.0     0.785
 -179300.0     0.780
 -179200.0     0.756
 -179100.0     0.767
 -179000.0     0.828
 -178900.0     0.897
 -178800.0     0.945
 -178700.0     0.939
 -178600.0     0.929
 -178500.0     0.926
 -178400.0     0.921
 -178300.0     0.874
 -178200.0     0.838
 -178100.0     0.813
 -178000.0     0.799
 -177900.0     0.787
 -177800.0     0.831
 -177700.0     0.841
 -177600.0     0.820
 -177500.0     0.784
 -177400.0     0.780
 -177300.0     0.795
 -177200.0     0.802
 -177100.0     0.818
 -177000.0     0.845
 -176900.0     0.819
 -176800.0     0.842
 -176700.0     0.857
 -176600.0     0.857
 -176500.0     0.850
 -176400.0     0.835
 -176300.0     0.846
 -176200.0     0.844
 -176100.0     0.820
 -176000.0     0.819
 -175900.0     0.800
 -175800.0     0.734
 -175700.0     0.687
 -175600.0     0.723
 -175500.0     0.819
 -175400.0     0.781
 -175300.0     0.720
 -175200.0     0.697
 -175100.0     0.690
 -175000.0     0.679
 -174900.0     0.678
 -174800.0     0.710
 -174700.0     0.693
 -174600.0     0.678
 -174500.0     0.680
 -174400.0     0.692
 -174300.0     0.724
 -174200.0     0.767
 -174100.0     0.773
 -174000.0     0.681
 -173900.0     0.655
 -173800.0     0.693
 -173700.0     0.763
 -173600.0     0.802
 -173500.0     0.792
 -173400.0     0.806
 -173300.0     0.786
 -173200.0     0.810
 -173100.0     0.848
 -173000.0     0.870
 -172900.0     0.851
 -172800.0     0.863
 -172700.0     0.861
 -172600.0     0.856
 -172500.0     0.866
 -172400.0     0.919
 -172300.0     0.924
 -172200.0     0.919
 -172100.0     0.901
 -172000.0     0.865
 -171900.0     0.813
 -171800.0     0.788
 -171700.0     0.810
 -171600.0     0.799
 -171500.0     0.709
 -171400.0     0.703
 -171300.0     0.785
 -171200.0     0.873
 -171100.0     0.847
 -171000.0     0.779
 -170900.0     0.763
 -170800.0     0.821
 -170700.0     0.783
 -170600.0     0.711
 -170500.0     0.698
 -170400.0     0.732
 -170300.0     0.783
 -170200.0     0.822
 -170100.0     0.794
 -170000.0     0.756
 -169900.0     0.770
 -169800.0     0.753
 -169700.0     0.701
 -169600.0     0.631
 -169500.0     0.600
 -169400.0     0.671
 -169300.0     0.714
 -169200.0     0.718
 -169100.0     0.718
 -169000.0     0.740
 -168900.0     0.780
 -168800.0     0.793
 -168700.0     0.778
 -168600.0     0.765
 -168500.0     0.781
 -168400.0     0.753
 -168300.0     0.753
 -168200.0     0.789
 -168100.0     0.832
 -168000.0     0.869
 -167900.0     0.897
 -167800.0     0.911
 -167700.0     0.905
 -167600.0     0.902
 -167500.0     0.895
 -167400.0     0.883
 -167300.0     0.904
 -167200.0     0.927
 -167100.0     0.947
 -167000.0     0.938
 -166900.0     0.887
 -166800.0     0.895
 -166700.0     0.876
 -166600.0     0.906
 -166500.0     0.938
 -166400.0     0.923
 -166300.0     0.947
 -166200.0     0.955
 -166100.0     0.934
 -166000.0     0.918
 -165900.0     0.967
 -165800.0     0.971
 -165700.0     0.945
 -165600.0     0.918
 -165500.0     0.902
 -165400.0     0.887
 -165300.0     0.931
 -165200.0     0.942
 -165100.0     0.947
 -165000.0     0.954
 -164900.0     0.941
 -164800.0     0.925
 -164700.0     0.960
 -164600.0     0.987
 -164500.0     0.970
 -164400.0     0.961
 -164300.0     0.944
 -164200.0     0.900
 -164100.0     0.866
 -164000.0     0.878
 -163900.0     0.869
 -163800.0     0.844
 -163700.0     0.826
 -163600.0     0.795
 -163500.0     0.781
 -163400.0     0.795
 -163300.0     0.799
 -163200.0     0.798
 -163100.0     0.820
 -163000.0     0.757
 -162900.0     0.709
 -162800.0     0.716
 -162700.0     0.739
 -162600.0     0.695
 -162500.0     0.628
 -162400.0     0.652
 -162300.0     0.719
 -162200.0     0.748
 -162100.0     0.758
 -162000.0     0.814
 -161900.0     0.821
 -161800.0     0.802
 -161700.0     0.823
 -161600.0     0.839
 -161500.0     0.864
 -161400.0     0.892
 -161300.0     0.851
 -161200.0     0.834
 -161100.0     0.845
 -161000.0     0.795
 -160900.0     0.788
 -160800.0     0.790
 -160700.0     0.799
 -160600.0     0.823
 -160500.0     0.770
 -160400.0     0.768
 -160300.0     0.757
 -160200.0     0.765
 -160100.0     0.721
 -160000.0     0.683
 -159900.0     0.719
 -159800.0     0.730
 -159700.0     0.716
 -159600.0     0.660
 -159500.0     0.672
 -159400.0     0.700
 -159300.0     0.622
 -159200.0     0.625
 -159100.0     0.702
 -159000.0     0.758
 -158900.0     0.762
 -158800.0     0.810
 -158700.0     0.865
 -158600.0     0.906
 -158500.0     0.837
 -158400.0     0.773
 -158300.0     0.770
 -158200.0     0.788
 -158100.0     0.828
 -158000.0     0.895
 -157900.0     0.878
 -157800.0     0.870
 -157700.0     0.891
 -157600.0     0.880
 -157500.0     0.881
 -157400.0     0.920
 -157300.0     0.972
 -157200.0     0.964
 -157100.0     0.971
 -157000.0     0.971
 -156900.0     0.966
 -156800.0     0.964
 -156700.0     0.961
 -156600.0     0.929
 -156500.0     0.959
 -156400.0     1.004
 -156300.0     1.003
 -156200.0     0.959
 -156100.0     0.942
 -156000.0     0.996
 -155900.0     0.967
 -155800.0     0.921
 -155700.0     0.916
 -155600.0     0.948
 -155500.0     0.930
 -155400.0     0.918
 -155300.0     0.914
 -155200.0     0.966
 -155100.0     0.988
 -155000.0     0.974
 -154900.0     0.999
 -154800.0     1.017
 -154700.0     0.929
 -154600.0     0.859
 -154500.0     0.861
 -154400.0     0.902
 -154300.0     0.912
 -154200.0     0.867
 -154100.0     0.875
 -154000.0     0.866
 -153900.0     0.874
 -153800.0     0.902
 -153700.0     0.916
 -153600.0     0.897
 -153500.0     0.854
 -153400.0     0.825
 -153300.0     0.871
 -153200.0     0.881
 -153100.0     0.870
 -153000.0     0.869
 -152900.0     0.858
 -152800.0     0.857
 -152700.0     0.875
 -152600.0     0.897
 -152500.0     0.917
 -152400.0     0.924
 -152300.0     0.887
 -152200.0     0.874
 -152100.0     0.886
 -152000.0     0.895
 -151900.0     0.891
 -151800.0     0.873
 -151700.0     0.839
 -151600.0     0.837
 -151500.0     0.841
 -151400.0     0.820
 -151300.0     0.788
 -151200.0     0.783
 -151100.0     0.779
 -151000.0     0.757
 -150900.0     0.760
 -150800.0     0.813
 -150700.0     0.841
 -150600.0     0.816
 -150500.0     0.788
 -150400.0     0.803
 -150300.0     0.839
 -150200.0     0.850
 -150100.0     0.831
 -150000.0     0.834
 -149900.0     0.858
 -149800.0     0.862
 -149700.0     0.866
 -149600.0     0.868
 -149500.0     0.854
 -149400.0     0.850
 -149300.0     0.860
 -149200.0     0.864
 -149100.0     0.858
 -149000.0     0.866
 -148900.0     0.877
 -148800.0     0.889
 -148700.0     0.889
 -148600.0     0.870
 -148500.0     0.871
 -148400.0     0.860
 -148300.0     0.862
 -148200.0     0.911
 -148100.0     0.959
 -148000.0     0.957
 -147900.0     0.943
 -147800.0     0.936
 -147700.0     0.908
 -147600.0     0.910
 -147500.0     0.920
 -147400.0     0.916
 -147300.0     0.909
 -147200.0     0.907
 -147100.0     0.900
 -147000.0     0.895
 -146900.0     0.907
 -146800.0     0.909
 -146700.0     0.906
 -146600.0     0.892
 -146500.0     0.879
 -146400.0     0.884
 -146300.0     0.898
 -146200.0     0.906
 -146100.0     0.917
 -146000.0     0.945
 -145900.0     0.957
 -145800.0     0.946
 -145700.0     0.959
 -145600.0     0.973
 -145500.0     0.958
 -145400.0     0.933
 -145300.0     0.917
 -145200.0     0.904
 -145100.0     0.900
 -145000.0     0.929
 -144900.0     0.943
 -144800.0     0.933
 -144700.0     0.907
 -144600.0     0.893
 -144500.0     0.886
 -144400.0     0.879
 -144300.0     0.894
 -144200.0     0.924
 -144100.0     0.921
 -144000.0     0.908
 -143900.0     0.950
 -143800.0     1.001
 -143700.0     0.986
 -143600.0     0.957
 -143500.0     0.946
 -143400.0     0.944
 -143300.0     0.937
 -143200.0     0.924
 -143100.0     0.923
 -143000.0     0.955
 -142900.0     0.972
 -142800.0     0.982
 -142700.0     0.988
 -142600.0     0.974
 -142500.0     0.950
 -142400.0     0.940
 -142300.0     0.941
 -142200.0     0.922
 -142100.0     0.934
 -142000.0     0.967
 -141900.0     0.954
 -141800.0     0.962
 -141700.0     0.970
 -141600.0     0.980
 -141500.0     0.979
 -141400.0     0.960
 -141300.0     0.944
 -141200.0     0.955
 -141100.0     0.992
 -141000.0     0.976
 -140900.0     0.931
 -140800.0     0.941
 -140700.0     0.965
 -140600.0     0.979
 -140500.0     0.973
 -140400.0     0.954
 -140300.0     0.955
 -140200.0     1.001
 -140100.0     1.018
 -140000.0     0.987
 -139900.0     0.963
 -139800.0     0.972
 -139700.0     0.993
 -139600.0     0.998
 -139500.0     0.977
 -139400.0     0.952
 -139300.0     0.953
 -139200.0     0.967
 -139100.0     0.944
 -139000.0     0.941
 -138900.0     0.964
 -138800.0     0.979
 -138700.0     0.983
 -138600.0     0.985
 -138500.0     0.984
 -138400.0     0.981
 -138300.0     1.016
 -138200.0     1.046
 -138100.0     1.016
 -138000.0     0.978
 -137900.0     0.921
 -137800.0     0.873
 -137700.0     0.851
 -137600.0     0.846
 -137500.0     0.859
 -137400.0     0.888
 -137300.0     0.903
 -137200.0     0.895
 -137100.0     0.876
 -137000.0     0.854
 -136900.0     0.872
 -136800.0     0.891
 -136700.0     0.848
 -136600.0     0.830
 -136500.0     0.853
 -136400.0     0.838
 -136300.0     0.847
 -136200.0     0.884
 -136100.0     0.850
 -136000.0     0.810
 -135900.0     0.829
 -135800.0     0.831
 -135700.0     0.808
 -135600.0     0.783
 -135500.0     0.778
 -135400.0     0.829
 -135300.0     0.846
 -135200.0     0.822
 -135100.0     0.812
 -135000.0     0.780
 -134900.0     0.783
 -134800.0     0.780
 -134700.0     0.709
 -134600.0     0.651
 -134500.0     0.669
 -134400.0     0.681
 -134300.0     0.659
 -134200.0     0.622
 -134100.0     0.600
 -134000.0     0.552
 -133900.0     0.506
 -133800.0     0.503
 -133700.0     0.450
 -133600.0     0.366
 -133500.0     0.381
 -133400.0     0.432
 -133300.0     0.424
 -133200.0     0.406
 -133100.0     0.428
 -133000.0     0.414
 -132900.0     0.378
 -132800.0     0.336
 -132700.0     0.295
 -132600.0     0.292
 -132500.0     0.288
 -132400.0     0.276
 -132300.0     0.284
 -132200.0     0.313
 -132100.0     0.306
 -132000.0     0.262
 -131900.0     0.253
 -131800.0     0.184
 -131700.0     0.168
 -131600.0     0.186
 -131500.0     0.216
 -131400.0     0.147
 -131300.0     0.042
 -131200.0     0.037
 -131100.0     0.079
 -131000.0     0.063
 -130900.0     0.053
 -130800.0     0.029
 -130700.0    -0.015
 -130600.0    -0.040
 -130500.0    -0.062
 -130400.0    -0.072
 -130300.0    -0.100
 -130200.0    -0.124
 -130100.0    -0.204
 -130000.0    -0.149
 -129900.0    -0.158
 -129800.0    -0.200
 -129700.0    -0.241
 -129600.0    -0.161
 -129500.0     0.012
 -129400.0    -0.166
 -129300.0    -0.301
 -129200.0    -0.233
 -129100.0    -0.159
 -129000.0    -0.169
 -128900.0    -0.225
 -128800.0    -0.275
 -128700.0    -0.213
 -128600.0    -0.268
 -128500.0    -0.347
 -128400.0    -0.359
 -128300.0    -0.309
 -128200.0    -0.304
 -128100.0    -0.302
 -128000.0    -0.251
 -127900.0    -0.252
 -127800.0    -0.289
 -127700.0    -0.255
 -127600.0    -0.283
 -127500.0    -0.261
 -127400.0    -0.278
 -127300.0    -0.274
 -127200.0    -0.250
 -127100.0    -0.231
 -127000.0    -0.234
 -126900.0    -0.193
 -126800.0    -0.233
 -126700.0    -0.283
 -126600.0    -0.184
 -126500.0    -0.109
 -126400.0    -0.108
 -126300.0    -0.115
 -126200.0    -0.048
 -126100.0    -0.032
 -126000.0    -0.051
 -125900.0    -0.066
 -125800.0    -0.057
 -125700.0    -0.054
 -125600.0    -0.124
 -125500.0    -0.117
 -125400.0    -0.078
 -125300.0    -0.120
 -125200.0    -0.099
 -125100.0    -0.050
 -125000.0    -0.007
 -124900.0    -0.012
 -124800.0    -0.072
 -124700.0    -0.068
 -124600.0    -0.074
 -124500.0    -0.067
 -124400.0    -0.050
 -124300.0    -0.061
 -124200.0    -0.068
 -124100.0    -0.141
 -124000.0    -0.058
 -123900.0    -0.066
 -123800.0    -0.081
 -123700.0    -0.042
 -123600.0    -0.029
 -123500.0    -0.032
 -123400.0    -0.052
 -123300.0    -0.093
 -123200.0     0.001
 -123100.0     0.055
 -123000.0     0.040
 -122900.0     0.018
 -122800.0     0.084
 -122700.0     0.016
 -122600.0    -0.032
 -122500.0    -0.026
 -122400.0    -0.015
 -122300.0    -0.053
 -122200.0    -0.040
 -122100.0     0.017
 -122000.0    -0.018
 -121900.0    -0.066
 -121800.0    -0.007
 -121700.0     0.019
 -121600.0     0.068
 -121500.0     0.070
 -121400.0     0.073
 -121300.0     0.028
 -121200.0     0.052
 -121100.0     0.105
 -121000.0     0.079
 -120900.0     0.067
 -120800.0     0.036
 -120700.0     0.005
 -120600.0    -0.008
 -120500.0     0.045
 -120400.0     0.088
 -120300.0     0.098
 -120200.0     0.123
 -120100.0     0.132
 -120000.0     0.106
 -119900.0     0.163
 -119800.0     0.144
 -119700.0     0.083
 -119600.0     0.142
 -119500.0     0.123
 -119400.0     0.145
 -119300.0     0.157
 -119200.0     0.141
 -119100.0     0.058
 -119000.0     0.120
 -118900.0     0.143
 -118800.0     0.199
 -118700.0     0.069
 -118600.0     0.073
 -118500.0     0.126
 -118400.0     0.165
 -118300.0     0.128
 -118200.0     0.105
 -118100.0     0.131
 -118000.0     0.191
 -117900.0     0.211
 -117800.0     0.203
 -117700.0     0.175
 -117600.0     0.124
 -117500.0     0.183
 -117400.0     0.196
 -117300.0     0.165
 -117200.0     0.207
 -117100.0     0.171
 -117000.0     0.169
 -116900.0     0.204
 -116800.0     0.253
 -116700.0     0.286
 -116600.0     0.303
 -116500.0     0.303
 -116400.0     0.310
 -116300.0     0.320
 -116200.0     0.326
 -116100.0     0.335
 -116000.0     0.360
 -115900.0     0.400
 -115800.0     0.340
 -115700.0     0.293
 -115600.0     0.280
 -115500.0     0.280
 -115400.0     0.280
 -115300.0     0.281
 -115200.0     0.418
 -115100.0     0.456
 -115000.0     0.394
 -114900.0     0.442
 -114800.0     0.487
 -114700.0     0.526
 -114600.0     0.552
 -114500.0     0.528
 -114400.0     0.482
 -114300.0     0.493
 -114200.0     0.495
 -114100.0     0.494
 -114000.0     0.512
 -113900.0     0.518
 -113800.0     0.589
 -113700.0     0.619
 -113600.0     0.571
 -113500.0     0.554
 -113400.0     0.550
 -113300.0     0.560
 -113200.0     0.565
 -113100.0     0.621
 -113000.0     0.664
 -112900.0     0.682
 -112800.0     0.667
 -112700.0     0.643
 -112600.0     0.651
 -112500.0     0.667
 -112400.0     0.673
 -112300.0     0.673
 -112200.0     0.673
 -112100.0     0.673
 -112000.0     0.690
 -111900.0     0.719
 -111800.0     0.720
 -111700.0     0.673
 -111600.0     0.644
 -111500.0     0.644
 -111400.0     0.644
 -111300.0     0.644
 -111200.0     0.644
 -111100.0     0.661
 -111000.0     0.688
 -110900.0     0.712
 -110800.0     0.711
 -110700.0     0.652
 -110600.0     0.632
 -110500.0     0.632
 -110400.0     0.632
 -110300.0     0.633
 -110200.0     0.633
 -110100.0     0.632
 -110000.0     0.624
 -109900.0     0.650
 -109800.0     0.708
 -109700.0     0.702
 -109600.0     0.690
 -109500.0     0.690
 -109400.0     0.720
 -109300.0     0.768
 -109200.0     0.770
 -109100.0     0.733
 -109000.0     0.711
 -108900.0     0.712
 -108800.0     0.712
 -108700.0     0.713
 -108600.0     0.733
 -108500.0     0.748
 -108400.0     0.758
 -108300.0     0.761
 -108200.0     0.774
 -108100.0     0.788
 -108000.0     0.786
 -107900.0     0.780
 -107800.0     0.764
 -107700.0     0.739
 -107600.0     0.735
 -107500.0     0.735
 -107400.0     0.711
 -107300.0     0.632
 -107200.0     0.558
 -107100.0     0.499
 -107000.0     0.499
 -106900.0     0.537
 -106800.0     0.565
 -106700.0     0.530
 -106600.0     0.487
 -106500.0     0.470
 -106400.0     0.505
 -106300.0     0.475
 -106200.0     0.405
 -106100.0     0.319
 -106000.0     0.404
 -105900.0     0.435
 -105800.0     0.445
 -105700.0     0.447
 -105600.0     0.509
 -105500.0     0.516
 -105400.0     0.485
 -105300.0     0.469
 -105200.0     0.485
 -105100.0     0.516
 -105000.0     0.545
 -104900.0     0.508
 -104800.0     0.473
 -104700.0     0.481
 -104600.0     0.491
 -104500.0     0.490
 -104400.0     0.496
 -104300.0     0.488
 -104200.0     0.461
 -104100.0     0.468
 -104000.0     0.479
 -103900.0     0.490
 -103800.0     0.508
 -103700.0     0.500
 -103600.0     0.502
 -103500.0     0.511
 -103400.0     0.450
 -103300.0     0.411
 -103200.0     0.424
 -103100.0     0.324
 -103000.0     0.357
 -102900.0     0.358
 -102800.0     0.275
 -102700.0     0.362
 -102600.0     0.342
 -102500.0     0.288
 -102400.0     0.247
 -102300.0     0.276
 -102200.0     0.315
 -102100.0     0.263
 -102000.0     0.236
 -101900.0     0.260
 -101800.0     0.281
 -101700.0     0.261
 -101600.0     0.323
 -101500.0     0.299
 -101400.0     0.308
 -101300.0     0.339
 -101200.0     0.361
 -101100.0     0.373
 -101000.0     0.393
 -100900.0     0.412
 -100800.0     0.394
 -100700.0     0.409
 -100600.0     0.417
 -100500.0     0.385
 -100400.0     0.353
 -100300.0     0.408
 -100200.0     0.449
 -100100.0     0.415
 -100000.0     0.393
  -99900.0     0.396
  -99800.0     0.414
  -99700.0     0.460
  -99600.0     0.446
  -99500.0     0.453
  -99400.0     0.458
  -99300.0     0.465
  -99200.0     0.495
  -99100.0     0.497
  -99000.0     0.434
  -98900.0     0.476
  -98800.0     0.502
  -98700.0     0.527
  -98600.0     0.426
  -98500.0     0.398
  -98400.0     0.425
  -98300.0     0.549
  -98200.0     0.506
  -98100.0     0.541
  -98000.0     0.601
  -97900.0     0.514
  -97800.0     0.466
  -97700.0     0.415
  -97600.0     0.539
  -97500.0     0.575
  -97400.0     0.566
  -97300.0     0.495
  -97200.0     0.567
  -97100.0     0.533
  -97000.0     0.511
  -96900.0     0.511
  -96800.0     0.481
  -96700.0     0.457
  -96600.0     0.487
  -96500.0     0.491
  -96400.0     0.455
  -96300.0     0.429
  -96200.0     0.397
  -96100.0     0.450
  -96000.0     0.471
  -95900.0     0.422
  -95800.0     0.420
  -95700.0     0.435
  -95600.0     0.454
  -95500.0     0.454
  -95400.0     0.426
  -95300.0     0.406
  -95200.0     0.553
  -95100.0     0.516
  -95000.0     0.449
  -94900.0     0.435
  -94800.0     0.458
  -94700.0     0.500
  -94600.0     0.475
  -94500.0     0.402
  -94400.0     0.453
  -94300.0     0.551
  -94200.0     0.563
  -94100.0     0.452
  -94000.0     0.378
  -93900.0     0.372
  -93800.0     0.431
  -93700.0     0.524
  -93600.0     0.620
  -93500.0     0.528
  -93400.0     0.531
  -93300.0     0.517
  -93200.0     0.570
  -93100.0     0.518
  -93000.0     0.465
  -92900.0     0.504
  -92800.0     0.442
  -92700.0     0.499
  -92600.0     0.600
  -92500.0     0.552
  -92400.0     0.470
  -92300.0     0.478
  -92200.0     0.531
  -92100.0     0.572
  -92000.0     0.533
  -91900.0     0.548
  -91800.0     0.494
  -91700.0     0.460
  -91600.0     0.448
  -91500.0     0.403
  -91400.0     0.554
  -91300.0     0.654
  -91200.0     0.604
  -91100.0     0.586
  -91000.0     0.567
  -90900.0     0.548
  -90800.0     0.551
  -90700.0     0.531
  -90600.0     0.587
  -90500.0     0.653
  -90400.0     0.641
  -90300.0     0.610
  -90200.0     0.683
  -90100.0     0.715
  -90000.0     0.569
  -89900.0     0.574
  -89800.0     0.614
  -89700.0     0.615
  -89600.0     0.580
  -89500.0     0.551
  -89400.0     0.632
  -89300.0     0.608
  -89200.0     0.548
  -89100.0     0.486
  -89000.0     0.465
  -88900.0     0.510
  -88800.0     0.558
  -88700.0     0.574
  -88600.0     0.573
  -88500.0     0.578
  -88400.0     0.580
  -88300.0     0.580
  -88200.0     0.582
  -88100.0     0.531
  -88000.0     0.502
  -87900.0     0.476
  -87800.0     0.477
  -87700.0     0.514
  -87600.0     0.452
  -87500.0     0.534
  -87400.0     0.459
  -87300.0     0.420
  -87200.0     0.498
  -87100.0     0.505
  -87000.0     0.477
  -86900.0     0.468
  -86800.0     0.485
  -86700.0     0.462
  -86600.0     0.523
  -86500.0     0.449
  -86400.0     0.423
  -86300.0     0.424
  -86200.0     0.404
  -86100.0     0.383
  -86000.0     0.387
  -85900.0     0.400
  -85800.0     0.390
  -85700.0     0.358
  -85600.0     0.297
  -85500.0     0.277
  -85400.0     0.302
  -85300.0     0.362
  -85200.0     0.344
  -85100.0     0.281
  -85000.0     0.317
  -84900.0     0.375
  -84800.0     0.392
  -84700.0     0.342
  -84600.0     0.230
  -84500.0     0.318
  -84400.0     0.446
  -84300.0     0.444
  -84200.0     0.443
  -84100.0     0.482
  -84000.0     0.514
  -83900.0     0.425
  -83800.0     0.364
  -83700.0     0.404
  -83600.0     0.483
  -83500.0     0.393
  -83400.0     0.420
  -83300.0     0.447
  -83200.0     0.445
  -83100.0     0.361
  -83000.0     0.331
  -82900.0     0.304
  -82800.0     0.420
  -82700.0     0.500
  -82600.0     0.523
  -82500.0     0.489
  -82400.0     0.531
  -82300.0     0.452
  -82200.0     0.299
  -82100.0     0.385
  -82000.0     0.401
  -81900.0     0.427
  -81800.0     0.424
  -81700.0     0.431
  -81600.0     0.430
  -81500.0     0.398
  -81400.0     0.488
  -81300.0     0.430
  -81200.0     0.422
  -81100.0     0.582
  -81000.0     0.552
  -80900.0     0.518
  -80800.0     0.536
  -80700.0     0.528
  -80600.0     0.488
  -80500.0     0.504
  -80400.0     0.644
  -80300.0     0.709
  -80200.0     0.714
  -80100.0     0.567
  -80000.0     0.455
  -79900.0     0.593
  -79800.0     0.600
  -79700.0     0.565
  -79600.0     0.607
  -79500.0     0.618
  -79400.0     0.492
  -79300.0     0.549
  -79200.0     0.552
  -79100.0     0.544
  -79000.0     0.679
  -78900.0     0.689
  -78800.0     0.659
  -78700.0     0.683
  -78600.0     0.715
  -78500.0     0.714
  -78400.0     0.716
  -78300.0     0.498
  -78200.0     0.687
  -78100.0     0.814
  -78000.0     0.747
  -77900.0     0.736
  -77800.0     0.686
  -77700.0     0.654
  -77600.0     0.665
  -77500.0     0.762
  -77400.0     0.791
  -77300.0     0.738
  -77200.0     0.683
  -77100.0     0.619
  -77000.0     0.621
  -76900.0     0.604
  -76800.0     0.544
  -76700.0     0.558
  -76600.0     0.590
  -76500.0     0.580
  -76400.0     0.549
  -76300.0     0.466
  -76200.0     0.545
  -76100.0     0.557
  -76000.0     0.571
  -75900.0     0.570
  -75800.0     0.496
  -75700.0     0.514
  -75600.0     0.545
  -75500.0     0.601
  -75400.0     0.605
  -75300.0     0.584
  -75200.0     0.627
  -75100.0     0.628
  -75000.0     0.632
  -74900.0     0.645
  -74800.0     0.664
  -74700.0     0.718
  -74600.0     0.725
  -74500.0     0.566
  -74400.0     0.639
  -74300.0     0.682
  -74200.0     0.758
  -74100.0     0.775
  -74000.0     0.735
  -73900.0     0.769
  -73800.0     0.806
  -73700.0     0.745
  -73600.0     0.714
  -73500.0     0.823
  -73400.0     0.851
  -73300.0     0.765
  -73200.0     0.720
  -73100.0     0.686
  -73000.0     0.652
  -72900.0     0.620
  -72800.0     0.712
  -72700.0     0.736
  -72600.0     0.767
  -72500.0     0.745
  -72400.0     0.710
  -72300.0     0.660
  -72200.0     0.653
  -72100.0     0.623
  -72000.0     0.627
  -71900.0     0.690
  -71800.0     0.590
  -71700.0     0.569
  -71600.0     0.599
  -71500.0     0.526
  -71400.0     0.595
  -71300.0     0.652
  -71200.0     0.674
  -71100.0     0.653
  -71000.0     0.646
  -70900.0     0.642
  -70800.0     0.642
  -70700.0     0.643
  -70600.0     0.643
  -70500.0     0.753
  -70400.0     0.818
  -70300.0     0.801
  -70200.0     0.834
  -70100.0     0.882
  -70000.0     0.855
  -69900.0     0.787
  -69800.0     0.748
  -69700.0     0.785
  -69600.0     0.831
  -69500.0     0.850
  -69400.0     0.781
  -69300.0     0.729
  -69200.0     0.645
  -69100.0     0.674
  -69000.0     0.664
  -68900.0     0.724
  -68800.0     0.868
  -68700.0     0.925
  -68600.0     0.902
  -68500.0     0.895
  -68400.0     0.850
  -68300.0     0.889
  -68200.0     0.920
  -68100.0     0.874
  -68000.0     0.872
  -67900.0     0.902
  -67800.0     0.918
  -67700.0     0.907
  -67600.0     0.882
  -67500.0     0.880
  -67400.0     0.864
  -67300.0     0.861
  -67200.0     0.851
  -67100.0     0.823
  -67000.0     0.841
  -66900.0     0.876
  -66800.0     0.856
  -66700.0     0.880
  -66600.0     0.866
  -66500.0     0.797
  -66400.0     0.796
  -66300.0     0.864
  -66200.0     0.926
  -66100.0     0.937
  -66000.0     0.888
  -65900.0     0.860
  -65800.0     0.948
  -65700.0     0.959
  -65600.0     0.895
  -65500.0     0.859
  -65400.0     0.830
  -65300.0     0.866
  -65200.0     0.897
  -65100.0     0.904
  -65000.0     0.923
  -64900.0     0.901
  -64800.0     0.903
  -64700.0     0.850
  -64600.0     0.845
  -64500.0     0.891
  -64400.0     0.842
  -64300.0     0.860
  -64200.0     0.858
  -64100.0     0.810
  -64000.0     0.779
  -63900.0     0.772
  -63800.0     0.774
  -63700.0     0.733
  -63600.0     0.755
  -63500.0     0.767
  -63400.0     0.715
  -63300.0     0.762
  -63200.0     0.830
  -63100.0     0.851
  -63000.0     0.851
  -62900.0     0.851
  -62800.0     0.854
  -62700.0     0.868
  -62600.0     0.907
  -62500.0     0.917
  -62400.0     0.866
  -62300.0     0.873
  -62200.0     0.837
  -62100.0     0.801
  -62000.0     0.801
  -61900.0     0.773
  -61800.0     0.742
  -61700.0     0.767
  -61600.0     0.816
  -61500.0     0.795
  -61400.0     0.778
  -61300.0     0.772
  -61200.0     0.751
  -61100.0     0.781
  -61000.0     0.824
  -60900.0     0.835
  -60800.0     0.768
  -60700.0     0.746
  -60600.0     0.739
  -60500.0     0.713
  -60400.0     0.721
  -60300.0     0.715
  -60200.0     0.696
  -60100.0     0.697
  -60000.0     0.740
  -59900.0     0.717
  -59800.0     0.645
  -59700.0     0.627
  -59600.0     0.627
  -59500.0     0.667
  -59400.0     0.677
  -59300.0     0.664
  -59200.0     0.702
  -59100.0     0.726
  -59000.0     0.683
  -58900.0     0.666
  -58800.0     0.680
  -58700.0     0.671
  -58600.0     0.643
  -58500.0     0.585
  -58400.0     0.521
  -58300.0     0.483
  -58200.0     0.561
  -58100.0     0.542
  -58000.0     0.526
  -57900.0     0.562
  -57800.0     0.562
  -57700.0     0.644
  -57600.0     0.564
  -57500.0     0.550
  -57400.0     0.506
  -57300.0     0.455
  -57200.0     0.532
  -57100.0     0.493
  -57000.0     0.423
  -56900.0     0.447
  -56800.0     0.537
  -56700.0     0.503
  -56600.0     0.520
  -56500.0     0.578
  -56400.0     0.543
  -56300.0     0.575
  -56200.0     0.546
  -56100.0     0.557
  -56000.0     0.573
  -55900.0     0.565
  -55800.0     0.638
  -55700.0     0.630
  -55600.0     0.611
  -55500.0     0.602
  -55400.0     0.633
  -55300.0     0.607
  -55200.0     0.647
  -55100.0     0.706
  -55000.0     0.743
  -54900.0     0.730
  -54800.0     0.713
  -54700.0     0.717
  -54600.0     0.724
  -54500.0     0.755
  -54400.0     0.730
  -54300.0     0.779
  -54200.0     0.800
  -54100.0     0.742
  -54000.0     0.708
  -53900.0     0.721
  -53800.0     0.691
  -53700.0     0.737
  -53600.0     0.754
  -53500.0     0.738
  -53400.0     0.661
  -53300.0     0.637
  -53200.0     0.714
  -53100.0     0.803
  -53000.0     0.808
  -52900.0     0.751
  -52800.0     0.695
  -52700.0     0.745
  -52600.0     0.710
  -52500.0     0.687
  -52400.0     0.610
  -52300.0     0.610
  -52200.0     0.660
  -52100.0     0.654
  -52000.0     0.630
  -51900.0     0.666
  -51800.0     0.637
  -51700.0     0.640
  -51600.0     0.737
  -51500.0     0.723
  -51400.0     0.649
  -51300.0     0.601
  -51200.0     0.465
  -51100.0     0.532
  -51000.0     0.653
  -50900.0     0.675
  -50800.0     0.665
  -50700.0     0.598
  -50600.0     0.633
  -50500.0     0.636
  -50400.0     0.628
  -50300.0     0.610
  -50200.0     0.640
  -50100.0     0.594
  -50000.0     0.584
  -49900.0     0.635
  -49800.0     0.621
  -49700.0     0.636
  -49600.0     0.685
  -49500.0     0.676
  -49400.0     0.652
  -49300.0     0.625
  -49200.0     0.664
  -49100.0     0.654
  -49000.0     0.676
  -48900.0     0.718
  -48800.0     0.733
  -48700.0     0.721
  -48600.0     0.697
  -48500.0     0.659
  -48400.0     0.679
  -48300.0     0.683
  -48200.0     0.740
  -48100.0     0.745
  -48000.0     0.759
  -47900.0     0.767
  -47800.0     0.713
  -47700.0     0.735
  -47600.0     0.784
  -47500.0     0.754
  -47400.0     0.758
  -47300.0     0.703
  -47200.0     0.678
  -47100.0     0.730
  -47000.0     0.773
  -46900.0     0.766
  -46800.0     0.736
  -46700.0     0.783
  -46600.0     0.778
  -46500.0     0.790
  -46400.0     0.837
  -46300.0     0.848
  -46200.0     0.838
  -46100.0     0.836
  -46000.0     0.796
  -45900.0     0.791
  -45800.0     0.762
  -45700.0     0.811
  -45600.0     0.891
  -45500.0     0.867
  -45400.0     0.899
  -45300.0     0.911
  -45200.0     0.816
  -45100.0     0.760
  -45000.0     0.759
  -44900.0     0.792
  -44800.0     0.844
  -44700.0     0.734
  -44600.0     0.743
  -44500.0     0.833
  -44400.0     0.807
  -44300.0     0.787
  -44200.0     0.822
  -44100.0     0.785
  -44000.0     0.770
  -43900.0     0.784
  -43800.0     0.744
  -43700.0     0.749
  -43600.0     0.724
  -43500.0     0.617
  -43400.0     0.709
  -43300.0     0.682
  -43200.0     0.625
  -43100.0     0.647
  -43000.0     0.671
  -42900.0     0.668
  -42800.0     0.684
  -42700.0     0.658
  -42600.0     0.616
  -42500.0     0.619
  -42400.0     0.635
  -42300.0     0.602
  -42200.0     0.540
  -42100.0     0.621
  -42000.0     0.597
  -41900.0     0.536
  -41800.0     0.568
  -41700.0     0.518
  -41600.0     0.584
  -41500.0     0.584
  -41400.0     0.571
  -41300.0     0.585
  -41200.0     0.659
  -41100.0     0.743
  -41000.0     0.694
  -40900.0     0.651
  -40800.0     0.728
  -40700.0     0.754
  -40600.0     0.750
  -40500.0     0.775
  -40400.0     0.746
  -40300.0     0.721
  -40200.0     0.806
  -40100.0     0.802
  -40000.0     0.787
  -39900.0     0.718
  -39800.0     0.629
  -39700.0     0.681
  -39600.0     0.695
  -39500.0     0.707
  -39400.0     0.705
  -39300.0     0.685
  -39200.0     0.672
  -39100.0     0.708
  -39000.0     0.745
  -38900.0     0.751
  -38800.0     0.757
  -38700.0     0.764
  -38600.0     0.793
  -38500.0     0.814
  -38400.0     0.808
  -38300.0     0.792
  -38200.0     0.771
  -38100.0     0.749
  -38000.0     0.722
  -37900.0     0.727
  -37800.0     0.748
  -37700.0     0.767
  -37600.0     0.702
  -37500.0     0.746
  -37400.0     0.814
  -37300.0     0.789
  -37200.0     0.782
  -37100.0     0.773
  -37000.0     0.754
  -36900.0     0.714
  -36800.0     0.707
  -36700.0     0.775
  -36600.0     0.763
  -36500.0     0.829
  -36400.0     0.863
  -36300.0     0.811
  -36200.0     0.775
  -36100.0     0.732
  -36000.0     0.701
  -35900.0     0.652
  -35800.0     0.640
  -35700.0     0.615
  -35600.0     0.636
  -35500.0     0.614
  -35400.0     0.596
  -35300.0     0.635
  -35200.0     0.667
  -35100.0     0.672
  -35000.0     0.602
  -34900.0     0.551
  -34800.0     0.598
  -34700.0     0.658
  -34600.0     0.694
  -34500.0     0.683
  -34400.0     0.718
  -34300.0     0.718
  -34200.0     0.767
  -34100.0     0.770
  -34000.0     0.777
  -33900.0     0.828
  -33800.0     0.815
  -33700.0     0.810
  -33600.0     0.837
  -33500.0     0.849
  -33400.0     0.814
  -33300.0     0.830
  -33200.0     0.862
  -33100.0     0.861
  -33000.0     0.845
  -32900.0     0.840
  -32800.0     0.847
  -32700.0     0.760
  -32600.0     0.764
  -32500.0     0.824
  -32400.0     0.813
  -32300.0     0.749
  -32200.0     0.820
  -32100.0     0.788
  -32000.0     0.766
  -31900.0     0.767
  -31800.0     0.815
  -31700.0     0.862
  -31600.0     0.916
  -31500.0     0.916
  -31400.0     0.885
  -31300.0     0.868
  -31200.0     0.894
  -31100.0     0.911
  -31000.0     0.904
  -30900.0     0.877
  -30800.0     0.833
  -30700.0     0.841
  -30600.0     0.856
  -30500.0     0.872
  -30400.0     0.884
  -30300.0     0.869
  -30200.0     0.796
  -30100.0     0.831
  -30000.0     0.918
  -29900.0     0.949
  -29800.0     0.967
  -29700.0     0.950
  -29600.0     0.949
  -29500.0     0.945
  -29400.0     0.907
  -29300.0     0.871
  -29200.0     0.835
  -29100.0     0.797
  -29000.0     0.761
  -28900.0     0.775
  -28800.0     0.825
  -28700.0     0.873
  -28600.0     0.919
  -28500.0     0.965
  -28400.0     0.983
  -28300.0     0.897
  -28200.0     0.862
  -28100.0     0.890
  -28000.0     0.915
  -27900.0     0.940
  -27800.0     0.969
  -27700.0     0.967
  -27600.0     0.915
  -27500.0     0.911
  -27400.0     0.966
  -27300.0     0.998
  -27200.0     1.023
  -27100.0     1.018
  -27000.0     0.961
  -26900.0     0.881
  -26800.0     0.869
  -26700.0     0.908
  -26600.0     0.917
  -26500.0     0.910
  -26400.0     0.877
  -26300.0     0.838
  -26200.0     0.814
  -26100.0     0.848
  -26000.0     0.843
  -25900.0     0.825
  -25800.0     0.801
  -25700.0     0.799
  -25600.0     0.882
  -25500.0     0.927
  -25400.0     0.915
  -25300.0     0.877
  -25200.0     0.886
  -25100.0     0.907
  -25000.0     0.904
  -24900.0     0.826
  -24800.0     0.815
  -24700.0     0.850
  -24600.0     0.852
  -24500.0     0.900
  -24400.0     1.021
  -24300.0     1.009
  -24200.0     0.907
  -24100.0     0.911
  -24000.0     0.941
  -23900.0     0.965
  -23800.0     0.978
  -23700.0     0.978
  -23600.0     0.940
  -23500.0     0.882
  -23400.0     0.976
  -23300.0     1.018
  -23200.0     1.004
  -23100.0     0.980
  -23000.0     0.920
  -22900.0     0.903
  -22800.0     0.974
  -22700.0     0.965
  -22600.0     0.955
  -22500.0     0.945
  -22400.0     0.952
  -22300.0     0.992
  -22200.0     1.000
  -22100.0     0.951
  -22000.0     0.923
  -21900.0     0.932
  -21800.0     0.938
  -21700.0     0.880
  -21600.0     0.837
  -21500.0     0.889
  -21400.0     0.912
  -21300.0     0.900
  -21200.0     0.897
  -21100.0     0.901
  -21000.0     0.919
  -20900.0     0.910
  -20800.0     0.895
  -20700.0     0.902
  -20600.0     0.911
  -20500.0     0.912
  -20400.0     0.918
  -20300.0     0.895
  -20200.0     0.854
  -20100.0     0.884
  -20000.0     0.882
  -19900.0     0.950
  -19800.0     0.968
  -19700.0     0.987
  -19600.0     0.954
  -19500.0     0.908
  -19400.0     0.863
  -19300.0     0.879
  -19200.0     0.910
  -19100.0     0.933
  -19000.0     0.898
  -18900.0     0.862
  -18800.0     0.944
  -18700.0     0.989
  -18600.0     0.957
  -18500.0     0.942
  -18400.0     0.889
  -18300.0     0.891
  -18200.0     0.926
  -18100.0     0.969
  -18000.0     0.910
  -17900.0     0.877
  -17800.0     0.885
  -17700.0     0.888
  -17600.0     0.879
  -17500.0     0.907
  -17400.0     0.922
  -17300.0     0.846
  -17200.0     0.856
  -17100.0     0.886
  -17000.0     0.948
  -16900.0     0.947
  -16800.0     0.845
  -16700.0     0.804
  -16600.0     0.774
  -16500.0     0.765
  -16400.0     0.780
  -16300.0     0.769
  -16200.0     0.718
  -16100.0     0.675
  -16000.0     0.674
  -15900.0     0.681
  -15800.0     0.602
  -15700.0     0.630
  -15600.0     0.627
  -15500.0     0.646
  -15400.0     0.561
  -15300.0     0.545
  -15200.0     0.590
  -15100.0     0.603
  -15000.0     0.516
  -14900.0     0.529
  -14800.0     0.486
  -14700.0     0.446
  -14600.0     0.485
  -14500.0     0.424
  -14400.0     0.464
  -14300.0     0.417
  -14200.0     0.368
  -14100.0     0.318
  -14000.0     0.267
  -13900.0     0.248
  -13800.0     0.240
  -13700.0     0.342
  -13600.0     0.405
  -13500.0     0.474
  -13400.0     0.403
  -13300.0     0.359
  -13200.0     0.410
  -13100.0     0.428
  -13000.0     0.418
  -12900.0     0.390
  -12800.0     0.377
  -12700.0     0.440
  -12600.0     0.482
  -12500.0     0.424
  -12400.0     0.439
  -12300.0     0.461
  -12200.0     0.328
  -12100.0     0.342
  -12000.0     0.284
  -11900.0     0.300
  -11800.0     0.267
  -11700.0     0.211
  -11600.0     0.181
  -11500.0     0.155
  -11400.0     0.101
  -11300.0     0.047
  -11200.0    -0.070
  -11100.0    -0.010
  -11000.0     0.025
  -10900.0     0.028
  -10800.0     0.045
  -10700.0     0.088
  -10600.0     0.099
  -10500.0     0.087
  -10400.0     0.067
  -10300.0     0.109
  -10200.0    -0.050
  -10100.0     0.060
  -10000.0     0.055
   -9900.0     0.041
   -9800.0     0.092
   -9700.0     0.066
   -9600.0    -0.051
   -9500.0     0.018
   -9400.0     0.092
   -9300.0    -0.001
   -9200.0     0.018
   -9100.0     0.065
   -9000.0     0.063
   -8900.0     0.061
   -8800.0     0.067
   -8700.0    -0.005
   -8600.0     0.081
   -8500.0     0.068
   -8400.0     0.027
   -8300.0     0.076
   -8200.0     0.009
   -8100.0    -0.075
   -8000.0     0.063
   -7900.0     0.102
   -7800.0     0.069
   -7700.0     0.009
   -7600.0     0.000
   -7500.0     0.002
   -7400.0     0.073
   -7300.0     0.027
   -7200.0     0.002
   -7100.0     0.102
   -7000.0     0.095
   -6900.0     0.096
   -6800.0     0.122
   -6700.0    -0.001
   -6600.0     0.033
   -6500.0     0.045
   -6400.0     0.164
   -6300.0    -0.006
   -6200.0     0.030
   -6100.0    -0.035
   -6000.0     0.077
   -5900.0    -0.044
   -5800.0     0.026
   -5700.0     0.012
   -5600.0    -0.007
   -5500.0    -0.017
   -5400.0    -0.057
   -5300.0    -0.014
   -5200.0     0.030
   -5100.0    -0.018
   -5000.0     0.057
   -4900.0     0.107
   -4800.0    -0.020
   -4700.0     0.093
   -4600.0    -0.017
   -4500.0    -0.128
   -4400.0    -0.128
   -4300.0    -0.070
   -4200.0     0.114
   -4100.0     0.102
   -4000.0     0.081
   -3900.0     0.017
   -3800.0     0.062
   -3700.0    -0.050
   -3600.0    -0.025
   -3500.0     0.073
   -3400.0    -0.005
   -3300.0     0.061
   -3200.0    -0.016
   -3100.0     0.050
   -3000.0     0.126
   -2900.0     0.070
   -2800.0     0.086
   -2700.0     0.095
   -2600.0     0.107
   -2500.0    -0.031
   -2400.0     0.116
   -2300.0    -0.077
   -2200.0     0.090
   -2100.0     0.063
   -2000.0     0.047
   -1900.0     0.046
   -1800.0     0.140
   -1700.0     0.104
   -1600.0     0.138
   -1500.0     0.057
   -1400.0     0.008
   -1300.0     0.127
   -1200.0     0.060
   -1100.0     0.068
   -1000.0     0.075
    -900.0     0.046
    -800.0     0.015
    -700.0     0.145
    -600.0     0.079
    -500.0     0.129
    -400.0    -0.136
    -300.0     0.035
    -200.0     0.030
    -100.0     0.000
       0.0     0.000
