#  -405000  100  0
 -405000.0    -0.251
 -404900.0    -0.275
 -404800.0    -0.294
 -404700.0    -0.311
 -404600.0    -0.327
 -404500.0    -0.342
 -404400.0    -0.359
 -404300.0    -0.380
 -404200.0    -0.405
 -404100.0    -0.437
 -404000.0    -0.477
 -403900.0    -0.528
 -403800.0    -0.590
 -403700.0    -0.665
 -403600.0    -0.748
 -403500.0    -0.834
 -403400.0    -0.917
 -403300.0    -0.993
 -403200.0    -1.058
 -403100.0    -1.110
 -403000.0    -1.152
 -402900.0    -1.186
 -402800.0    -1.213
 -402700.0    -1.236
 -402600.0    -1.255
 -402500.0    -1.269
 -402400.0    -1.276
 -402300.0    -1.275
 -402200.0    -1.264
 -402100.0    -1.241
 -402000.0    -1.210
 -401900.0    -1.174
 -401800.0    -1.138
 -401700.0    -1.107
 -401600.0    -1.083
 -401500.0    -1.070
 -401400.0    -1.071
 -401300.0    -1.086
 -401200.0    -1.118
 -401100.0    -1.168
 -401000.0    -1.237
 -400900.0    -1.318
 -400800.0    -1.403
 -400700.0    -1.484
 -400600.0    -1.554
 -400500.0    -1.604
 -400400.0    -1.633
 -400300.0    -1.646
 -400200.0    -1.648
 -400100.0    -1.644
 -400000.0    -1.640
 -399900.0    -1.639
 -399800.0    -1.640
 -399700.0    -1.644
 -399600.0    -1.647
 -399500.0    -1.650
 -399400.0    -1.650
 -399300.0    -1.648
 -399200.0    -1.648
 -399100.0    -1.652
 -399000.0    -1.663
 -398900.0    -1.682
 -398800.0    -1.713
 -398700.0    -1.752
 -398600.0    -1.798
 -398500.0    -1.848
 -398400.0    -1.900
 -398300.0    -1.951
 -398200.0    -1.999
 -398100.0    -2.043
 -398000.0    -2.081
 -397900.0    -2.111
 -397800.0    -2.131
 -397700.0    -2.141
 -397600.0    -2.147
 -397500.0    -2.152
 -397400.0    -2.162
 -397300.0    -2.184
 -397200.0    -2.223
 -397100.0    -2.277
 -397000.0    -2.341
 -396900.0    -2.410
 -396800.0    -2.477
 -396700.0    -2.537
 -396600.0    -2.585
 -396500.0    -2.625
 -396400.0    -2.662
 -396300.0    -2.703
 -396200.0    -2.753
 -396100.0    -2.819
 -396000.0    -2.902
 -395900.0    -3.001
 -395800.0    -3.111
 -395700.0    -3.231
 -395600.0    -3.357
 -395500.0    -3.485
 -395400.0    -3.615
 -395300.0    -3.745
 -395200.0    -3.877
 -395100.0    -4.009
 -395000.0    -4.143
 -394900.0    -4.277
 -394800.0    -4.412
 -394700.0    -4.545
 -394600.0    -4.675
 -394500.0    -4.798
 -394400.0    -4.913
 -394300.0    -5.017
 -394200.0    -5.109
 -394100.0    -5.189
 -394000.0    -5.256
 -393900.0    -5.311
 -393800.0    -5.354
 -393700.0    -5.386
 -393600.0    -5.406
 -393500.0    -5.415
 -393400.0    -5.414
 -393300.0    -5.403
 -393200.0    -5.384
 -393100.0    -5.356
 -393000.0    -5.321
 -392900.0    -5.280
 -392800.0    -5.236
 -392700.0    -5.196
 -392600.0    -5.164
 -392500.0    -5.147
 -392400.0    -5.149
 -392300.0    -5.177
 -392200.0    -5.231
 -392100.0    -5.305
 -392000.0    -5.386
 -391900.0    -5.468
 -391800.0    -5.538
 -391700.0    -5.588
 -391600.0    -5.608
 -391500.0    -5.598
 -391400.0    -5.566
 -391300.0    -5.518
 -391200.0    -5.464
 -391100.0    -5.408
 -391000.0    -5.360
 -390900.0    -5.326
 -390800.0    -5.305
 -390700.0    -5.296
 -390600.0    -5.297
 -390500.0    -5.308
 -390400.0    -5.328
 -390300.0    -5.353
 -390200.0    -5.383
 -390100.0    -5.412
 -390000.0    -5.437
 -389900.0    -5.453
 -389800.0    -5.455
 -389700.0    -5.440
 -389600.0    -5.405
 -389500.0    -5.353
 -389400.0    -5.291
 -389300.0    -5.223
 -389200.0    -5.155
 -389100.0    -5.092
 -389000.0    -5.040
 -388900.0    -5.001
 -388800.0    -4.976
 -388700.0    -4.966
 -388600.0    -4.973
 -388500.0    -4.996
 -388400.0    -5.036
 -388300.0    -5.092
 -388200.0    -5.158
 -388100.0    -5.228
 -388000.0    -5.296
 -387900.0    -5.356
 -387800.0    -5.402
 -387700.0    -5.429
 -387600.0    -5.442
 -387500.0    -5.446
 -387400.0    -5.446
 -387300.0    -5.447
 -387200.0    -5.455
 -387100.0    -5.474
 -387000.0    -5.504
 -386900.0    -5.539
 -386800.0    -5.576
 -386700.0    -5.611
 -386600.0    -5.638
 -386500.0    -5.653
 -386400.0    -5.653
 -386300.0    -5.635
 -386200.0    -5.600
 -386100.0    -5.544
 -386000.0    -5.467
 -385900.0    -5.367
 -385800.0    -5.243
 -385700.0    -5.103
 -385600.0    -4.956
 -385500.0    -4.809
 -385400.0    -4.672
 -385300.0    -4.553
 -385200.0    -4.458
 -385100.0    -4.384
 -385000.0    -4.319
 -384900.0    -4.255
 -384800.0    -4.182
 -384700.0    -4.090
 -384600.0    -3.972
 -384500.0    -3.832
 -384400.0    -3.674
 -384300.0    -3.501
 -384200.0    -3.317
 -384100.0    -3.128
 -384000.0    -2.942
 -383900.0    -2.772
 -383800.0    -2.631
 -383700.0    -2.533
 -383600.0    -2.490
 -383500.0    -2.500
 -383400.0    -2.549
 -383300.0    -2.616
 -383200.0    -2.684
 -383100.0    -2.734
 -383000.0    -2.763
 -382900.0    -2.782
 -382800.0    -2.808
 -382700.0    -2.857
 -382600.0    -2.943
 -382500.0    -3.072
 -382400.0    -3.231
 -382300.0    -3.402
 -382200.0    -3.569
 -382100.0    -3.714
 -382000.0    -3.824
 -381900.0    -3.903
 -381800.0    -3.958
 -381700.0    -3.999
 -381600.0    -4.033
 -381500.0    -4.069
 -381400.0    -4.109
 -381300.0    -4.155
 -381200.0    -4.205
 -381100.0    -4.260
 -381000.0    -4.318
 -380900.0    -4.380
 -380800.0    -4.445
 -380700.0    -4.510
 -380600.0    -4.576
 -380500.0    -4.640
 -380400.0    -4.701
 -380300.0    -4.758
 -380200.0    -4.808
 -380100.0    -4.847
 -380000.0    -4.872
 -379900.0    -4.881
 -379800.0    -4.871
 -379700.0    -4.843
 -379600.0    -4.801
 -379500.0    -4.749
 -379400.0    -4.691
 -379300.0    -4.632
 -379200.0    -4.574
 -379100.0    -4.516
 -379000.0    -4.458
 -378900.0    -4.396
 -378800.0    -4.330
 -378700.0    -4.258
 -378600.0    -4.177
 -378500.0    -4.084
 -378400.0    -3.976
 -378300.0    -3.851
 -378200.0    -3.704
 -378100.0    -3.539
 -378000.0    -3.368
 -377900.0    -3.209
 -377800.0    -3.077
 -377700.0    -2.989
 -377600.0    -2.957
 -377500.0    -2.978
 -377400.0    -3.043
 -377300.0    -3.145
 -377200.0    -3.276
 -377100.0    -3.428
 -377000.0    -3.592
 -376900.0    -3.757
 -376800.0    -3.916
 -376700.0    -4.057
 -376600.0    -4.174
 -376500.0    -4.270
 -376400.0    -4.353
 -376300.0    -4.431
 -376200.0    -4.511
 -376100.0    -4.601
 -376000.0    -4.701
 -375900.0    -4.805
 -375800.0    -4.907
 -375700.0    -5.002
 -375600.0    -5.083
 -375500.0    -5.145
 -375400.0    -5.191
 -375300.0    -5.223
 -375200.0    -5.244
 -375100.0    -5.256
 -375000.0    -5.262
 -374900.0    -5.266
 -374800.0    -5.270
 -374700.0    -5.279
 -374600.0    -5.295
 -374500.0    -5.322
 -374400.0    -5.363
 -374300.0    -5.416
 -374200.0    -5.477
 -374100.0    -5.541
 -374000.0    -5.605
 -373900.0    -5.665
 -373800.0    -5.718
 -373700.0    -5.763
 -373600.0    -5.804
 -373500.0    -5.841
 -373400.0    -5.876
 -373300.0    -5.911
 -373200.0    -5.946
 -373100.0    -5.983
 -373000.0    -6.023
 -372900.0    -6.068
 -372800.0    -6.119
 -372700.0    -6.178
 -372600.0    -6.244
 -372500.0    -6.315
 -372400.0    -6.389
 -372300.0    -6.466
 -372200.0    -6.542
 -372100.0    -6.616
 -372000.0    -6.682
 -371900.0    -6.734
 -371800.0    -6.762
 -371700.0    -6.758
 -371600.0    -6.714
 -371500.0    -6.622
 -371400.0    -6.486
 -371300.0    -6.319
 -371200.0    -6.138
 -371100.0    -5.958
 -371000.0    -5.796
 -370900.0    -5.667
 -370800.0    -5.572
 -370700.0    -5.507
 -370600.0    -5.464
 -370500.0    -5.437
 -370400.0    -5.420
 -370300.0    -5.405
 -370200.0    -5.388
 -370100.0    -5.363
 -370000.0    -5.323
 -369900.0    -5.263
 -369800.0    -5.177
 -369700.0    -5.067
 -369600.0    -4.938
 -369500.0    -4.795
 -369400.0    -4.645
 -369300.0    -4.493
 -369200.0    -4.347
 -369100.0    -4.217
 -369000.0    -4.114
 -368900.0    -4.048
 -368800.0    -4.030
 -368700.0    -4.064
 -368600.0    -4.139
 -368500.0    -4.243
 -368400.0    -4.367
 -368300.0    -4.498
 -368200.0    -4.627
 -368100.0    -4.747
 -368000.0    -4.850
 -367900.0    -4.928
 -367800.0    -4.975
 -367700.0    -4.988
 -367600.0    -4.973
 -367500.0    -4.941
 -367400.0    -4.901
 -367300.0    -4.861
 -367200.0    -4.830
 -367100.0    -4.811
 -367000.0    -4.804
 -366900.0    -4.812
 -366800.0    -4.835
 -366700.0    -4.874
 -366600.0    -4.927
 -366500.0    -4.987
 -366400.0    -5.050
 -366300.0    -5.111
 -366200.0    -5.165
 -366100.0    -5.213
 -366000.0    -5.260
 -365900.0    -5.308
 -365800.0    -5.364
 -365700.0    -5.430
 -365600.0    -5.509
 -365500.0    -5.597
 -365400.0    -5.691
 -365300.0    -5.789
 -365200.0    -5.888
 -365100.0    -5.984
 -365000.0    -6.070
 -364900.0    -6.141
 -364800.0    -6.190
 -364700.0    -6.211
 -364600.0    -6.198
 -364500.0    -6.152
 -364400.0    -6.083
 -364300.0    -6.001
 -364200.0    -5.913
 -364100.0    -5.829
 -364000.0    -5.757
 -363900.0    -5.703
 -363800.0    -5.674
 -363700.0    -5.673
 -363600.0    -5.708
 -363500.0    -5.782
 -363400.0    -5.883
 -363300.0    -5.995
 -363200.0    -6.097
 -363100.0    -6.174
 -363000.0    -6.208
 -362900.0    -6.193
 -362800.0    -6.142
 -362700.0    -6.067
 -362600.0    -5.982
 -362500.0    -5.898
 -362400.0    -5.827
 -362300.0    -5.774
 -362200.0    -5.746
 -362100.0    -5.744
 -362000.0    -5.775
 -361900.0    -5.842
 -361800.0    -5.935
 -361700.0    -6.038
 -361600.0    -6.136
 -361500.0    -6.212
 -361400.0    -6.250
 -361300.0    -6.247
 -361200.0    -6.214
 -361100.0    -6.161
 -361000.0    -6.102
 -360900.0    -6.048
 -360800.0    -6.008
 -360700.0    -5.978
 -360600.0    -5.953
 -360500.0    -5.929
 -360400.0    -5.899
 -360300.0    -5.859
 -360200.0    -5.816
 -360100.0    -5.781
 -360000.0    -5.765
 -359900.0    -5.780
 -359800.0    -5.837
 -359700.0    -5.933
 -359600.0    -6.056
 -359500.0    -6.190
 -359400.0    -6.322
 -359300.0    -6.439
 -359200.0    -6.531
 -359100.0    -6.597
 -359000.0    -6.638
 -358900.0    -6.653
 -358800.0    -6.643
 -358700.0    -6.609
 -358600.0    -6.558
 -358500.0    -6.501
 -358400.0    -6.446
 -358300.0    -6.404
 -358200.0    -6.384
 -358100.0    -6.390
 -358000.0    -6.417
 -357900.0    -6.462
 -357800.0    -6.520
 -357700.0    -6.589
 -357600.0    -6.663
 -357500.0    -6.741
 -357400.0    -6.822
 -357300.0    -6.904
 -357200.0    -6.984
 -357100.0    -7.062
 -357000.0    -7.132
 -356900.0    -7.190
 -356800.0    -7.231
 -356700.0    -7.248
 -356600.0    -7.237
 -356500.0    -7.196
 -356400.0    -7.135
 -356300.0    -7.066
 -356200.0    -7.002
 -356100.0    -6.952
 -356000.0    -6.931
 -355900.0    -6.938
 -355800.0    -6.968
 -355700.0    -7.015
 -355600.0    -7.074
 -355500.0    -7.138
 -355400.0    -7.202
 -355300.0    -7.263
 -355200.0    -7.319
 -355100.0    -7.365
 -355000.0    -7.400
 -354900.0    -7.420
 -354800.0    -7.428
 -354700.0    -7.430
 -354600.0    -7.432
 -354500.0    -7.440
 -354400.0    -7.460
 -354300.0    -7.496
 -354200.0    -7.544
 -354100.0    -7.597
 -354000.0    -7.648
 -353900.0    -7.691
 -353800.0    -7.719
 -353700.0    -7.730
 -353600.0    -7.729
 -353500.0    -7.722
 -353400.0    -7.714
 -353300.0    -7.710
 -353200.0    -7.714
 -353100.0    -7.727
 -353000.0    -7.743
 -352900.0    -7.758
 -352800.0    -7.768
 -352700.0    -7.770
 -352600.0    -7.759
 -352500.0    -7.740
 -352400.0    -7.714
 -352300.0    -7.684
 -352200.0    -7.654
 -352100.0    -7.627
 -352000.0    -7.604
 -351900.0    -7.587
 -351800.0    -7.575
 -351700.0    -7.569
 -351600.0    -7.570
 -351500.0    -7.578
 -351400.0    -7.590
 -351300.0    -7.606
 -351200.0    -7.621
 -351100.0    -7.635
 -351000.0    -7.643
 -350900.0    -7.646
 -350800.0    -7.646
 -350700.0    -7.643
 -350600.0    -7.641
 -350500.0    -7.640
 -350400.0    -7.642
 -350300.0    -7.644
 -350200.0    -7.643
 -350100.0    -7.637
 -350000.0    -7.623
 -349900.0    -7.597
 -349800.0    -7.558
 -349700.0    -7.509
 -349600.0    -7.451
 -349500.0    -7.387
 -349400.0    -7.317
 -349300.0    -7.245
 -349200.0    -7.175
 -349100.0    -7.112
 -349000.0    -7.060
 -348900.0    -7.025
 -348800.0    -7.011
 -348700.0    -7.014
 -348600.0    -7.026
 -348500.0    -7.040
 -348400.0    -7.049
 -348300.0    -7.046
 -348200.0    -7.030
 -348100.0    -7.004
 -348000.0    -6.972
 -347900.0    -6.939
 -347800.0    -6.908
 -347700.0    -6.881
 -347600.0    -6.860
 -347500.0    -6.844
 -347400.0    -6.834
 -347300.0    -6.829
 -347200.0    -6.830
 -347100.0    -6.834
 -347000.0    -6.839
 -346900.0    -6.841
 -346800.0    -6.839
 -346700.0    -6.831
 -346600.0    -6.818
 -346500.0    -6.801
 -346400.0    -6.779
 -346300.0    -6.755
 -346200.0    -6.729
 -346100.0    -6.704
 -346000.0    -6.680
 -345900.0    -6.661
 -345800.0    -6.648
 -345700.0    -6.641
 -345600.0    -6.635
 -345500.0    -6.625
 -345400.0    -6.604
 -345300.0    -6.569
 -345200.0    -6.518
 -345100.0    -6.466
 -345000.0    -6.428
 -344900.0    -6.417
 -344800.0    -6.448
 -344700.0    -6.521
 -344600.0    -6.619
 -344500.0    -6.720
 -344400.0    -6.807
 -344300.0    -6.860
 -344200.0    -6.874
 -344100.0    -6.858
 -344000.0    -6.824
 -343900.0    -6.780
 -343800.0    -6.739
 -343700.0    -6.704
 -343600.0    -6.676
 -343500.0    -6.655
 -343400.0    -6.643
 -343300.0    -6.638
 -343200.0    -6.637
 -343100.0    -6.634
 -343000.0    -6.623
 -342900.0    -6.598
 -342800.0    -6.553
 -342700.0    -6.495
 -342600.0    -6.430
 -342500.0    -6.369
 -342400.0    -6.320
 -342300.0    -6.289
 -342200.0    -6.273
 -342100.0    -6.266
 -342000.0    -6.263
 -341900.0    -6.258
 -341800.0    -6.249
 -341700.0    -6.246
 -341600.0    -6.256
 -341500.0    -6.290
 -341400.0    -6.354
 -341300.0    -6.449
 -341200.0    -6.568
 -341100.0    -6.706
 -341000.0    -6.855
 -340900.0    -7.010
 -340800.0    -7.157
 -340700.0    -7.286
 -340600.0    -7.384
 -340500.0    -7.438
 -340400.0    -7.438
 -340300.0    -7.394
 -340200.0    -7.319
 -340100.0    -7.229
 -340000.0    -7.136
 -339900.0    -7.055
 -339800.0    -6.993
 -339700.0    -6.956
 -339600.0    -6.951
 -339500.0    -6.983
 -339400.0    -7.053
 -339300.0    -7.149
 -339200.0    -7.251
 -339100.0    -7.343
 -339000.0    -7.407
 -338900.0    -7.432
 -338800.0    -7.424
 -338700.0    -7.392
 -338600.0    -7.344
 -338500.0    -7.288
 -338400.0    -7.233
 -338300.0    -7.187
 -338200.0    -7.156
 -338100.0    -7.148
 -338000.0    -7.171
 -337900.0    -7.224
 -337800.0    -7.291
 -337700.0    -7.357
 -337600.0    -7.406
 -337500.0    -7.423
 -337400.0    -7.406
 -337300.0    -7.370
 -337200.0    -7.331
 -337100.0    -7.304
 -337000.0    -7.304
 -336900.0    -7.332
 -336800.0    -7.371
 -336700.0    -7.409
 -336600.0    -7.429
 -336500.0    -7.420
 -336400.0    -7.385
 -336300.0    -7.339
 -336200.0    -7.299
 -336100.0    -7.280
 -336000.0    -7.295
 -335900.0    -7.342
 -335800.0    -7.411
 -335700.0    -7.492
 -335600.0    -7.576
 -335500.0    -7.653
 -335400.0    -7.722
 -335300.0    -7.782
 -335200.0    -7.831
 -335100.0    -7.870
 -335000.0    -7.898
 -334900.0    -7.916
 -334800.0    -7.926
 -334700.0    -7.930
 -334600.0    -7.930
 -334500.0    -7.927
 -334400.0    -7.924
 -334300.0    -7.924
 -334200.0    -7.929
 -334100.0    -7.940
 -334000.0    -7.960
 -333900.0    -7.985
 -333800.0    -8.010
 -333700.0    -8.030
 -333600.0    -8.040
 -333500.0    -8.036
 -333400.0    -8.017
 -333300.0    -7.981
 -333200.0    -7.927
 -333100.0    -7.855
 -333000.0    -7.764
 -332900.0    -7.657
 -332800.0    -7.536
 -332700.0    -7.405
 -332600.0    -7.266
 -332500.0    -7.122
 -332400.0    -6.976
 -332300.0    -6.829
 -332200.0    -6.682
 -332100.0    -6.539
 -332000.0    -6.400
 -331900.0    -6.268
 -331800.0    -6.145
 -331700.0    -6.033
 -331600.0    -5.934
 -331500.0    -5.853
 -331400.0    -5.794
 -331300.0    -5.760
 -331200.0    -5.752
 -331100.0    -5.752
 -331000.0    -5.737
 -330900.0    -5.684
 -330800.0    -5.577
 -330700.0    -5.431
 -330600.0    -5.274
 -330500.0    -5.137
 -330400.0    -5.044
 -330300.0    -4.990
 -330200.0    -4.953
 -330100.0    -4.910
 -330000.0    -4.844
 -329900.0    -4.757
 -329800.0    -4.660
 -329700.0    -4.565
 -329600.0    -4.481
 -329500.0    -4.399
 -329400.0    -4.305
 -329300.0    -4.186
 -329200.0    -4.039
 -329100.0    -3.881
 -329000.0    -3.736
 -328900.0    -3.623
 -328800.0    -3.543
 -328700.0    -3.478
 -328600.0    -3.408
 -328500.0    -3.319
 -328400.0    -3.210
 -328300.0    -3.086
 -328200.0    -2.951
 -328100.0    -2.817
 -328000.0    -2.703
 -327900.0    -2.626
 -327800.0    -2.590
 -327700.0    -2.574
 -327600.0    -2.551
 -327500.0    -2.503
 -327400.0    -2.448
 -327300.0    -2.413
 -327200.0    -2.419
 -327100.0    -2.440
 -327000.0    -2.425
 -326900.0    -2.324
 -326800.0    -2.133
 -326700.0    -1.888
 -326600.0    -1.630
 -326500.0    -1.376
 -326400.0    -1.117
 -326300.0    -0.842
 -326200.0    -0.563
 -326100.0    -0.323
 -326000.0    -0.163
 -325900.0    -0.064
 -325800.0     0.036
 -325700.0     0.195
 -325600.0     0.439
 -325500.0     0.784
 -325400.0     1.193
 -325300.0     1.537
 -325200.0     1.697
 -325100.0     1.727
 -325000.0     1.762
 -324900.0     1.865
 -324800.0     2.006
 -324700.0     2.155
 -324600.0     2.302
 -324500.0     2.445
 -324400.0     2.582
 -324300.0     2.713
 -324200.0     2.820
 -324100.0     2.865
 -324000.0     2.849
 -323900.0     2.842
 -323800.0     2.895
 -323700.0     2.985
 -323600.0     3.078
 -323500.0     3.136
 -323400.0     3.131
 -323300.0     3.091
 -323200.0     3.066
 -323100.0     3.070
 -323000.0     3.100
 -322900.0     3.149
 -322800.0     3.208
 -322700.0     3.232
 -322600.0     3.133
 -322500.0     2.933
 -322400.0     2.803
 -322300.0     2.818
 -322200.0     2.850
 -322100.0     2.792
 -322000.0     2.650
 -321900.0     2.450
 -321800.0     2.220
 -321700.0     1.986
 -321600.0     1.754
 -321500.0     1.528
 -321400.0     1.339
 -321300.0     1.246
 -321200.0     1.231
 -321100.0     1.149
 -321000.0     0.885
 -320900.0     0.528
 -320800.0     0.222
 -320700.0     0.022
 -320600.0    -0.096
 -320500.0    -0.154
 -320400.0    -0.176
 -320300.0    -0.182
 -320200.0    -0.170
 -320100.0    -0.118
 -320000.0    -0.016
 -319900.0     0.102
 -319800.0     0.191
 -319700.0     0.233
 -319600.0     0.239
 -319500.0     0.219
 -319400.0     0.178
 -319300.0     0.124
 -319200.0     0.064
 -319100.0     0.011
 -319000.0    -0.020
 -318900.0    -0.006
 -318800.0     0.073
 -318700.0     0.169
 -318600.0     0.196
 -318500.0     0.126
 -318400.0     0.031
 -318300.0    -0.018
 -318200.0    -0.028
 -318100.0    -0.035
 -318000.0    -0.066
 -317900.0    -0.137
 -317800.0    -0.254
 -317700.0    -0.374
 -317600.0    -0.446
 -317500.0    -0.448
 -317400.0    -0.389
 -317300.0    -0.290
 -317200.0    -0.211
 -317100.0    -0.216
 -317000.0    -0.286
 -316900.0    -0.331
 -316800.0    -0.290
 -316700.0    -0.207
 -316600.0    -0.141
 -316500.0    -0.131
 -316400.0    -0.207
 -316300.0    -0.357
 -316200.0    -0.493
 -316100.0    -0.529
 -316000.0    -0.490
 -315900.0    -0.451
 -315800.0    -0.451
 -315700.0    -0.476
 -315600.0    -0.515
 -315500.0    -0.581
 -315400.0    -0.697
 -315300.0    -0.846
 -315200.0    -0.965
 -315100.0    -1.005
 -315000.0    -0.995
 -314900.0    -0.993
 -314800.0    -1.026
 -314700.0    -1.093
 -314600.0    -1.186
 -314500.0    -1.278
 -314400.0    -1.337
 -314300.0    -1.355
 -314200.0    -1.359
 -314100.0    -1.372
 -314000.0    -1.385
 -313900.0    -1.373
 -313800.0    -1.340
 -313700.0    -1.332
 -313600.0    -1.394
 -313500.0    -1.510
 -313400.0    -1.630
 -313300.0    -1.717
 -313200.0    -1.774
 -313100.0    -1.807
 -313000.0    -1.842
 -312900.0    -1.919
 -312800.0    -2.060
 -312700.0    -2.214
 -312600.0    -2.314
 -312500.0    -2.338
 -312400.0    -2.342
 -312300.0    -2.382
 -312200.0    -2.440
 -312100.0    -2.450
 -312000.0    -2.373
 -311900.0    -2.266
 -311800.0    -2.214
 -311700.0    -2.246
 -311600.0    -2.312
 -311500.0    -2.355
 -311400.0    -2.373
 -311300.0    -2.391
 -311200.0    -2.431
 -311100.0    -2.492
 -311000.0    -2.568
 -310900.0    -2.654
 -310800.0    -2.747
 -310700.0    -2.844
 -310600.0    -2.945
 -310500.0    -3.052
 -310400.0    -3.164
 -310300.0    -3.263
 -310200.0    -3.326
 -310100.0    -3.346
 -310000.0    -3.362
 -309900.0    -3.415
 -309800.0    -3.519
 -309700.0    -3.638
 -309600.0    -3.734
 -309500.0    -3.793
 -309400.0    -3.824
 -309300.0    -3.838
 -309200.0    -3.846
 -309100.0    -3.856
 -309000.0    -3.878
 -308900.0    -3.910
 -308800.0    -3.946
 -308700.0    -3.983
 -308600.0    -4.027
 -308500.0    -4.090
 -308400.0    -4.180
 -308300.0    -4.293
 -308200.0    -4.418
 -308100.0    -4.543
 -308000.0    -4.644
 -307900.0    -4.691
 -307800.0    -4.672
 -307700.0    -4.620
 -307600.0    -4.578
 -307500.0    -4.580
 -307400.0    -4.631
 -307300.0    -4.731
 -307200.0    -4.868
 -307100.0    -5.004
 -307000.0    -5.093
 -306900.0    -5.111
 -306800.0    -5.105
 -306700.0    -5.139
 -306600.0    -5.253
 -306500.0    -5.406
 -306400.0    -5.529
 -306300.0    -5.566
 -306200.0    -5.527
 -306100.0    -5.445
 -306000.0    -5.352
 -305900.0    -5.260
 -305800.0    -5.171
 -305700.0    -5.086
 -305600.0    -4.993
 -305500.0    -4.874
 -305400.0    -4.713
 -305300.0    -4.527
 -305200.0    -4.359
 -305100.0    -4.248
 -305000.0    -4.185
 -304900.0    -4.137
 -304800.0    -4.074
 -304700.0    -3.985
 -304600.0    -3.873
 -304500.0    -3.737
 -304400.0    -3.578
 -304300.0    -3.399
 -304200.0    -3.214
 -304100.0    -3.064
 -304000.0    -2.984
 -303900.0    -2.943
 -303800.0    -2.869
 -303700.0    -2.709
 -303600.0    -2.464
 -303500.0    -2.154
 -303400.0    -1.864
 -303300.0    -1.736
 -303200.0    -1.833
 -303100.0    -2.008
 -303000.0    -2.106
 -302900.0    -2.177
 -302800.0    -2.365
 -302700.0    -2.717
 -302600.0    -3.124
 -302500.0    -3.469
 -302400.0    -3.658
 -302300.0    -3.607
 -302200.0    -3.305
 -302100.0    -2.905
 -302000.0    -2.577
 -301900.0    -2.435
 -301800.0    -2.552
 -301700.0    -2.913
 -301600.0    -3.255
 -301500.0    -3.301
 -301400.0    -3.091
 -301300.0    -2.917
 -301200.0    -2.975
 -301100.0    -3.126
 -301000.0    -3.167
 -300900.0    -3.069
 -300800.0    -2.970
 -300700.0    -2.981
 -300600.0    -3.072
 -300500.0    -3.177
 -300400.0    -3.250
 -300300.0    -3.262
 -300200.0    -3.201
 -300100.0    -3.115
 -300000.0    -3.072
 -299900.0    -3.101
 -299800.0    -3.178
 -299700.0    -3.281
 -299600.0    -3.387
 -299500.0    -3.477
 -299400.0    -3.553
 -299300.0    -3.655
 -299200.0    -3.817
 -299100.0    -3.979
 -299000.0    -4.038
 -298900.0    -3.949
 -298800.0    -3.832
 -298700.0    -3.833
 -298600.0    -3.979
 -298500.0    -4.173
 -298400.0    -4.326
 -298300.0    -4.426
 -298200.0    -4.488
 -298100.0    -4.527
 -298000.0    -4.555
 -297900.0    -4.583
 -297800.0    -4.620
 -297700.0    -4.677
 -297600.0    -4.760
 -297500.0    -4.847
 -297400.0    -4.899
 -297300.0    -4.887
 -297200.0    -4.841
 -297100.0    -4.807
 -297000.0    -4.818
 -296900.0    -4.871
 -296800.0    -4.958
 -296700.0    -5.047
 -296600.0    -5.066
 -296500.0    -4.952
 -296400.0    -4.741
 -296300.0    -4.546
 -296200.0    -4.461
 -296100.0    -4.488
 -296000.0    -4.597
 -295900.0    -4.750
 -295800.0    -4.891
 -295700.0    -4.965
 -295600.0    -4.970
 -295500.0    -4.959
 -295400.0    -4.982
 -295300.0    -5.045
 -295200.0    -5.128
 -295100.0    -5.214
 -295000.0    -5.291
 -294900.0    -5.349
 -294800.0    -5.395
 -294700.0    -5.472
 -294600.0    -5.630
 -294500.0    -5.852
 -294400.0    -6.026
 -294300.0    -6.042
 -294200.0    -5.891
 -294100.0    -5.678
 -294000.0    -5.507
 -293900.0    -5.406
 -293800.0    -5.349
 -293700.0    -5.309
 -293600.0    -5.269
 -293500.0    -5.219
 -293400.0    -5.137
 -293300.0    -4.964
 -293200.0    -4.634
 -293100.0    -4.171
 -293000.0    -3.746
 -292900.0    -3.520
 -292800.0    -3.464
 -292700.0    -3.455
 -292600.0    -3.444
 -292500.0    -3.507
 -292400.0    -3.704
 -292300.0    -3.977
 -292200.0    -4.227
 -292100.0    -4.418
 -292000.0    -4.594
 -291900.0    -4.791
 -291800.0    -4.974
 -291700.0    -5.084
 -291600.0    -5.084
 -291500.0    -4.994
 -291400.0    -4.839
 -291300.0    -4.689
 -291200.0    -4.646
 -291100.0    -4.783
 -291000.0    -5.010
 -290900.0    -5.190
 -290800.0    -5.269
 -290700.0    -5.340
 -290600.0    -5.502
 -290500.0    -5.743
 -290400.0    -5.969
 -290300.0    -6.091
 -290200.0    -6.095
 -290100.0    -6.000
 -290000.0    -5.831
 -289900.0    -5.654
 -289800.0    -5.544
 -289700.0    -5.542
 -289600.0    -5.616
 -289500.0    -5.727
 -289400.0    -5.858
 -289300.0    -6.011
 -289200.0    -6.188
 -289100.0    -6.361
 -289000.0    -6.488
 -288900.0    -6.531
 -288800.0    -6.482
 -288700.0    -6.344
 -288600.0    -6.133
 -288500.0    -5.919
 -288400.0    -5.786
 -288300.0    -5.760
 -288200.0    -5.737
 -288100.0    -5.595
 -288000.0    -5.340
 -287900.0    -5.118
 -287800.0    -5.065
 -287700.0    -5.158
 -287600.0    -5.305
 -287500.0    -5.437
 -287400.0    -5.560
 -287300.0    -5.685
 -287200.0    -5.813
 -287100.0    -5.936
 -287000.0    -6.042
 -286900.0    -6.118
 -286800.0    -6.150
 -286700.0    -6.134
 -286600.0    -6.104
 -286500.0    -6.105
 -286400.0    -6.157
 -286300.0    -6.232
 -286200.0    -6.300
 -286100.0    -6.348
 -286000.0    -6.388
 -285900.0    -6.428
 -285800.0    -6.481
 -285700.0    -6.557
 -285600.0    -6.667
 -285500.0    -6.811
 -285400.0    -6.986
 -285300.0    -7.182
 -285200.0    -7.355
 -285100.0    -7.451
 -285000.0    -7.439
 -284900.0    -7.366
 -284800.0    -7.298
 -284700.0    -7.282
 -284600.0    -7.286
 -284500.0    -7.266
 -284400.0    -7.184
 -284300.0    -7.024
 -284200.0    -6.779
 -284100.0    -6.460
 -284000.0    -6.127
 -283900.0    -5.845
 -283800.0    -5.652
 -283700.0    -5.550
 -283600.0    -5.535
 -283500.0    -5.556
 -283400.0    -5.542
 -283300.0    -5.450
 -283200.0    -5.294
 -283100.0    -5.102
 -283000.0    -4.929
 -282900.0    -4.848
 -282800.0    -4.908
 -282700.0    -5.070
 -282600.0    -5.283
 -282500.0    -5.499
 -282400.0    -5.677
 -282300.0    -5.796
 -282200.0    -5.893
 -282100.0    -6.022
 -282000.0    -6.189
 -281900.0    -6.354
 -281800.0    -6.474
 -281700.0    -6.526
 -281600.0    -6.499
 -281500.0    -6.389
 -281400.0    -6.228
 -281300.0    -6.056
 -281200.0    -5.890
 -281100.0    -5.715
 -281000.0    -5.520
 -280900.0    -5.354
 -280800.0    -5.303
 -280700.0    -5.408
 -280600.0    -5.609
 -280500.0    -5.831
 -280400.0    -6.030
 -280300.0    -6.184
 -280200.0    -6.268
 -280100.0    -6.250
 -280000.0    -6.092
 -279900.0    -5.820
 -279800.0    -5.536
 -279700.0    -5.335
 -279600.0    -5.194
 -279500.0    -5.046
 -279400.0    -4.862
 -279300.0    -4.683
 -279200.0    -4.547
 -279100.0    -4.461
 -279000.0    -4.425
 -278900.0    -4.423
 -278800.0    -4.432
 -278700.0    -4.439
 -278600.0    -4.440
 -278500.0    -4.439
 -278400.0    -4.449
 -278300.0    -4.484
 -278200.0    -4.495
 -278100.0    -4.393
 -278000.0    -4.176
 -277900.0    -3.997
 -277800.0    -3.961
 -277700.0    -3.960
 -277600.0    -3.857
 -277500.0    -3.680
 -277400.0    -3.521
 -277300.0    -3.398
 -277200.0    -3.265
 -277100.0    -3.110
 -277000.0    -2.957
 -276900.0    -2.860
 -276800.0    -2.920
 -276700.0    -3.147
 -276600.0    -3.400
 -276500.0    -3.565
 -276400.0    -3.620
 -276300.0    -3.575
 -276200.0    -3.484
 -276100.0    -3.409
 -276000.0    -3.379
 -275900.0    -3.413
 -275800.0    -3.500
 -275700.0    -3.611
 -275600.0    -3.697
 -275500.0    -3.703
 -275400.0    -3.689
 -275300.0    -3.803
 -275200.0    -4.025
 -275100.0    -4.138
 -275000.0    -4.054
 -274900.0    -3.944
 -274800.0    -3.937
 -274700.0    -3.951
 -274600.0    -3.895
 -274500.0    -3.813
 -274400.0    -3.785
 -274300.0    -3.818
 -274200.0    -3.886
 -274100.0    -4.004
 -274000.0    -4.214
 -273900.0    -4.454
 -273800.0    -4.554
 -273700.0    -4.456
 -273600.0    -4.326
 -273500.0    -4.296
 -273400.0    -4.326
 -273300.0    -4.343
 -273200.0    -4.347
 -273100.0    -4.363
 -273000.0    -4.400
 -272900.0    -4.461
 -272800.0    -4.551
 -272700.0    -4.687
 -272600.0    -4.841
 -272500.0    -4.900
 -272400.0    -4.791
 -272300.0    -4.629
 -272200.0    -4.568
 -272100.0    -4.679
 -272000.0    -4.988
 -271900.0    -5.397
 -271800.0    -5.696
 -271700.0    -5.775
 -271600.0    -5.746
 -271500.0    -5.726
 -271400.0    -5.696
 -271300.0    -5.584
 -271200.0    -5.410
 -271100.0    -5.291
 -271000.0    -5.307
 -270900.0    -5.416
 -270800.0    -5.565
 -270700.0    -5.722
 -270600.0    -5.867
 -270500.0    -5.972
 -270400.0    -5.998
 -270300.0    -5.945
 -270200.0    -5.927
 -270100.0    -6.065
 -270000.0    -6.309
 -269900.0    -6.510
 -269800.0    -6.586
 -269700.0    -6.592
 -269600.0    -6.590
 -269500.0    -6.611
 -269400.0    -6.673
 -269300.0    -6.764
 -269200.0    -6.833
 -269100.0    -6.834
 -269000.0    -6.792
 -268900.0    -6.768
 -268800.0    -6.762
 -268700.0    -6.660
 -268600.0    -6.367
 -268500.0    -6.047
 -268400.0    -5.983
 -268300.0    -6.244
 -268200.0    -6.574
 -268100.0    -6.750
 -268000.0    -6.820
 -267900.0    -6.912
 -267800.0    -7.074
 -267700.0    -7.265
 -267600.0    -7.442
 -267500.0    -7.583
 -267400.0    -7.671
 -267300.0    -7.699
 -267200.0    -7.677
 -267100.0    -7.616
 -267000.0    -7.554
 -266900.0    -7.541
 -266800.0    -7.609
 -266700.0    -7.706
 -266600.0    -7.768
 -266500.0    -7.753
 -266400.0    -7.644
 -266300.0    -7.443
 -266200.0    -7.244
 -266100.0    -7.186
 -266000.0    -7.343
 -265900.0    -7.651
 -265800.0    -8.030
 -265700.0    -8.376
 -265600.0    -8.567
 -265500.0    -8.518
 -265400.0    -8.314
 -265300.0    -8.087
 -265200.0    -7.932
 -265100.0    -7.858
 -265000.0    -7.859
 -264900.0    -7.890
 -264800.0    -7.867
 -264700.0    -7.733
 -264600.0    -7.575
 -264500.0    -7.521
 -264400.0    -7.632
 -264300.0    -7.858
 -264200.0    -8.135
 -264100.0    -8.388
 -264000.0    -8.533
 -263900.0    -8.515
 -263800.0    -8.395
 -263700.0    -8.260
 -263600.0    -8.160
 -263500.0    -8.095
 -263400.0    -8.060
 -263300.0    -8.065
 -263200.0    -8.131
 -263100.0    -8.260
 -263000.0    -8.383
 -262900.0    -8.416
 -262800.0    -8.339
 -262700.0    -8.235
 -262600.0    -8.192
 -262500.0    -8.225
 -262400.0    -8.299
 -262300.0    -8.380
 -262200.0    -8.427
 -262100.0    -8.402
 -262000.0    -8.303
 -261900.0    -8.191
 -261800.0    -8.127
 -261700.0    -8.131
 -261600.0    -8.192
 -261500.0    -8.292
 -261400.0    -8.390
 -261300.0    -8.440
 -261200.0    -8.435
 -261100.0    -8.425
 -261000.0    -8.460
 -260900.0    -8.514
 -260800.0    -8.520
 -260700.0    -8.435
 -260600.0    -8.316
 -260500.0    -8.244
 -260400.0    -8.250
 -260300.0    -8.296
 -260200.0    -8.340
 -260100.0    -8.348
 -260000.0    -8.292
 -259900.0    -8.165
 -259800.0    -8.034
 -259700.0    -7.971
 -259600.0    -7.991
 -259500.0    -8.046
 -259400.0    -8.089
 -259300.0    -8.102
 -259200.0    -8.076
 -259100.0    -8.021
 -259000.0    -7.982
 -258900.0    -7.995
 -258800.0    -8.023
 -258700.0    -7.995
 -258600.0    -7.878
 -258500.0    -7.717
 -258400.0    -7.567
 -258300.0    -7.484
 -258200.0    -7.523
 -258100.0    -7.679
 -258000.0    -7.829
 -257900.0    -7.854
 -257800.0    -7.773
 -257700.0    -7.679
 -257600.0    -7.624
 -257500.0    -7.588
 -257400.0    -7.544
 -257300.0    -7.478
 -257200.0    -7.385
 -257100.0    -7.265
 -257000.0    -7.137
 -256900.0    -7.021
 -256800.0    -6.944
 -256700.0    -6.931
 -256600.0    -6.953
 -256500.0    -6.940
 -256400.0    -6.850
 -256300.0    -6.700
 -256200.0    -6.522
 -256100.0    -6.384
 -256000.0    -6.353
 -255900.0    -6.401
 -255800.0    -6.441
 -255700.0    -6.430
 -255600.0    -6.377
 -255500.0    -6.290
 -255400.0    -6.161
 -255300.0    -5.988
 -255200.0    -5.801
 -255100.0    -5.629
 -255000.0    -5.461
 -254900.0    -5.274
 -254800.0    -5.146
 -254700.0    -5.204
 -254600.0    -5.457
 -254500.0    -5.843
 -254400.0    -6.257
 -254300.0    -6.572
 -254200.0    -6.728
 -254100.0    -6.742
 -254000.0    -6.668
 -253900.0    -6.629
 -253800.0    -6.720
 -253700.0    -6.853
 -253600.0    -6.904
 -253500.0    -6.905
 -253400.0    -6.973
 -253300.0    -7.100
 -253200.0    -7.121
 -253100.0    -6.927
 -253000.0    -6.600
 -252900.0    -6.255
 -252800.0    -6.032
 -252700.0    -6.062
 -252600.0    -6.322
 -252500.0    -6.692
 -252400.0    -7.029
 -252300.0    -7.174
 -252200.0    -7.060
 -252100.0    -6.784
 -252000.0    -6.465
 -251900.0    -6.261
 -251800.0    -6.299
 -251700.0    -6.458
 -251600.0    -6.532
 -251500.0    -6.502
 -251400.0    -6.469
 -251300.0    -6.429
 -251200.0    -6.272
 -251100.0    -5.973
 -251000.0    -5.660
 -250900.0    -5.427
 -250800.0    -5.265
 -250700.0    -5.199
 -250600.0    -5.363
 -250500.0    -5.787
 -250400.0    -6.216
 -250300.0    -6.445
 -250200.0    -6.520
 -250100.0    -6.510
 -250000.0    -6.414
 -249900.0    -6.236
 -249800.0    -6.110
 -249700.0    -6.201
 -249600.0    -6.414
 -249500.0    -6.524
 -249400.0    -6.515
 -249300.0    -6.526
 -249200.0    -6.632
 -249100.0    -6.820
 -249000.0    -7.052
 -248900.0    -7.251
 -248800.0    -7.361
 -248700.0    -7.405
 -248600.0    -7.420
 -248500.0    -7.395
 -248400.0    -7.301
 -248300.0    -7.169
 -248200.0    -7.085
 -248100.0    -7.088
 -248000.0    -7.133
 -247900.0    -7.168
 -247800.0    -7.142
 -247700.0    -7.019
 -247600.0    -6.840
 -247500.0    -6.678
 -247400.0    -6.595
 -247300.0    -6.644
 -247200.0    -6.804
 -247100.0    -6.975
 -247000.0    -7.077
 -246900.0    -7.055
 -246800.0    -6.911
 -246700.0    -6.780
 -246600.0    -6.773
 -246500.0    -6.824
 -246400.0    -6.843
 -246300.0    -6.850
 -246200.0    -6.904
 -246100.0    -7.010
 -246000.0    -7.139
 -245900.0    -7.218
 -245800.0    -7.140
 -245700.0    -6.903
 -245600.0    -6.678
 -245500.0    -6.583
 -245400.0    -6.582
 -245300.0    -6.629
 -245200.0    -6.716
 -245100.0    -6.835
 -245000.0    -6.953
 -244900.0    -7.032
 -244800.0    -7.067
 -244700.0    -7.065
 -244600.0    -7.038
 -244500.0    -6.999
 -244400.0    -6.960
 -244300.0    -6.931
 -244200.0    -6.894
 -244100.0    -6.784
 -244000.0    -6.578
 -243900.0    -6.344
 -243800.0    -6.125
 -243700.0    -5.896
 -243600.0    -5.643
 -243500.0    -5.424
 -243400.0    -5.274
 -243300.0    -5.137
 -243200.0    -4.993
 -243100.0    -4.899
 -243000.0    -4.940
 -242900.0    -5.208
 -242800.0    -5.570
 -242700.0    -5.742
 -242600.0    -5.743
 -242500.0    -5.754
 -242400.0    -5.794
 -242300.0    -5.816
 -242200.0    -5.851
 -242100.0    -5.951
 -242000.0    -6.088
 -241900.0    -6.200
 -241800.0    -6.215
 -241700.0    -6.075
 -241600.0    -5.812
 -241500.0    -5.496
 -241400.0    -5.216
 -241300.0    -5.012
 -241200.0    -4.739
 -241100.0    -4.348
 -241000.0    -4.052
 -240900.0    -3.888
 -240800.0    -3.700
 -240700.0    -3.538
 -240600.0    -3.474
 -240500.0    -3.357
 -240400.0    -3.125
 -240300.0    -2.835
 -240200.0    -2.465
 -240100.0    -2.143
 -240000.0    -2.182
 -239900.0    -2.168
 -239800.0    -1.817
 -239700.0    -1.511
 -239600.0    -1.058
 -239500.0    -0.517
 -239400.0    -0.265
 -239300.0     0.216
 -239200.0     0.553
 -239100.0     0.566
 -239000.0     0.697
 -238900.0     0.954
 -238800.0     1.089
 -238700.0     1.202
 -238600.0     1.407
 -238500.0     1.594
 -238400.0     1.673
 -238300.0     1.756
 -238200.0     1.890
 -238100.0     2.062
 -238000.0     2.199
 -237900.0     2.083
 -237800.0     1.804
 -237700.0     1.765
 -237600.0     1.542
 -237500.0     0.808
 -237400.0     0.350
 -237300.0     0.480
 -237200.0     0.244
 -237100.0     0.152
 -237000.0    -0.091
 -236900.0    -0.673
 -236800.0    -0.916
 -236700.0    -1.084
 -236600.0    -1.188
 -236500.0    -1.154
 -236400.0    -1.097
 -236300.0    -1.300
 -236200.0    -1.421
 -236100.0    -1.477
 -236000.0    -1.812
 -235900.0    -2.059
 -235800.0    -2.114
 -235700.0    -2.125
 -235600.0    -2.237
 -235500.0    -2.149
 -235400.0    -1.899
 -235300.0    -1.877
 -235200.0    -2.162
 -235100.0    -2.537
 -235000.0    -2.754
 -234900.0    -2.762
 -234800.0    -2.543
 -234700.0    -2.260
 -234600.0    -2.214
 -234500.0    -2.198
 -234400.0    -2.240
 -234300.0    -2.553
 -234200.0    -2.813
 -234100.0    -2.719
 -234000.0    -2.367
 -233900.0    -2.412
 -233800.0    -2.673
 -233700.0    -2.853
 -233600.0    -3.084
 -233500.0    -3.403
 -233400.0    -3.692
 -233300.0    -3.746
 -233200.0    -3.585
 -233100.0    -3.435
 -233000.0    -3.615
 -232900.0    -3.845
 -232800.0    -3.894
 -232700.0    -4.011
 -232600.0    -4.187
 -232500.0    -4.286
 -232400.0    -4.257
 -232300.0    -4.210
 -232200.0    -4.305
 -232100.0    -4.414
 -232000.0    -4.505
 -231900.0    -4.734
 -231800.0    -4.950
 -231700.0    -4.983
 -231600.0    -4.994
 -231500.0    -5.058
 -231400.0    -5.117
 -231300.0    -5.155
 -231200.0    -5.234
 -231100.0    -5.562
 -231000.0    -6.012
 -230900.0    -6.123
 -230800.0    -5.969
 -230700.0    -5.885
 -230600.0    -5.968
 -230500.0    -6.146
 -230400.0    -6.115
 -230300.0    -5.889
 -230200.0    -5.904
 -230100.0    -6.127
 -230000.0    -6.253
 -229900.0    -6.353
 -229800.0    -6.556
 -229700.0    -6.752
 -229600.0    -6.854
 -229500.0    -6.913
 -229400.0    -6.975
 -229300.0    -7.058
 -229200.0    -7.156
 -229100.0    -7.247
 -229000.0    -7.322
 -228900.0    -7.380
 -228800.0    -7.351
 -228700.0    -7.152
 -228600.0    -6.825
 -228500.0    -6.459
 -228400.0    -6.147
 -228300.0    -5.986
 -228200.0    -6.090
 -228100.0    -6.396
 -228000.0    -6.634
 -227900.0    -6.783
 -227800.0    -6.967
 -227700.0    -7.119
 -227600.0    -7.147
 -227500.0    -7.206
 -227400.0    -7.424
 -227300.0    -7.663
 -227200.0    -7.766
 -227100.0    -7.635
 -227000.0    -7.281
 -226900.0    -6.902
 -226800.0    -6.619
 -226700.0    -6.435
 -226600.0    -6.339
 -226500.0    -6.300
 -226400.0    -6.148
 -226300.0    -5.782
 -226200.0    -5.513
 -226100.0    -5.612
 -226000.0    -6.127
 -225900.0    -6.590
 -225800.0    -6.428
 -225700.0    -5.751
 -225600.0    -5.064
 -225500.0    -5.207
 -225400.0    -5.875
 -225300.0    -6.156
 -225200.0    -6.221
 -225100.0    -6.265
 -225000.0    -6.069
 -224900.0    -5.881
 -224800.0    -6.212
 -224700.0    -6.729
 -224600.0    -7.029
 -224500.0    -7.300
 -224400.0    -7.584
 -224300.0    -7.600
 -224200.0    -7.404
 -224100.0    -7.379
 -224000.0    -7.524
 -223900.0    -7.594
 -223800.0    -7.599
 -223700.0    -7.633
 -223600.0    -7.627
 -223500.0    -7.492
 -223400.0    -7.243
 -223300.0    -6.974
 -223200.0    -6.891
 -223100.0    -6.992
 -223000.0    -7.003
 -222900.0    -6.822
 -222800.0    -6.532
 -222700.0    -6.517
 -222600.0    -6.992
 -222500.0    -7.366
 -222400.0    -7.250
 -222300.0    -6.782
 -222200.0    -6.273
 -222100.0    -6.075
 -222000.0    -6.055
 -221900.0    -6.011
 -221800.0    -6.073
 -221700.0    -6.187
 -221600.0    -6.082
 -221500.0    -5.674
 -221400.0    -5.106
 -221300.0    -4.829
 -221200.0    -4.907
 -221100.0    -5.051
 -221000.0    -4.865
 -220900.0    -4.467
 -220800.0    -4.311
 -220700.0    -4.520
 -220600.0    -4.881
 -220500.0    -5.036
 -220400.0    -4.788
 -220300.0    -4.393
 -220200.0    -4.241
 -220100.0    -4.235
 -220000.0    -4.350
 -219900.0    -4.423
 -219800.0    -3.913
 -219700.0    -3.147
 -219600.0    -2.846
 -219500.0    -3.257
 -219400.0    -3.326
 -219300.0    -3.090
 -219200.0    -2.974
 -219100.0    -2.909
 -219000.0    -2.897
 -218900.0    -3.017
 -218800.0    -3.227
 -218700.0    -3.270
 -218600.0    -2.877
 -218500.0    -2.403
 -218400.0    -2.159
 -218300.0    -2.078
 -218200.0    -1.992
 -218100.0    -1.871
 -218000.0    -1.892
 -217900.0    -2.177
 -217800.0    -2.071
 -217700.0    -1.185
 -217600.0    -1.174
 -217500.0    -1.167
 -217400.0    -1.070
 -217300.0    -0.918
 -217200.0    -0.903
 -217100.0    -1.150
 -217000.0    -1.203
 -216900.0    -0.965
 -216800.0    -1.036
 -216700.0    -1.287
 -216600.0    -1.892
 -216500.0    -2.196
 -216400.0    -2.098
 -216300.0    -2.145
 -216200.0    -2.386
 -216100.0    -2.343
 -216000.0    -1.999
 -215900.0    -1.547
 -215800.0    -1.548
 -215700.0    -1.698
 -215600.0    -1.180
 -215500.0    -0.912
 -215400.0    -0.993
 -215300.0    -1.197
 -215200.0    -1.327
 -215100.0    -1.583
 -215000.0    -1.595
 -214900.0    -1.329
 -214800.0    -1.292
 -214700.0    -1.369
 -214600.0    -1.567
 -214500.0    -1.630
 -214400.0    -1.469
 -214300.0    -1.380
 -214200.0    -1.436
 -214100.0    -1.549
 -214000.0    -1.547
 -213900.0    -1.332
 -213800.0    -1.446
 -213700.0    -2.012
 -213600.0    -1.931
 -213500.0    -1.696
 -213400.0    -1.675
 -213300.0    -1.865
 -213200.0    -1.898
 -213100.0    -1.479
 -213000.0    -1.632
 -212900.0    -2.057
 -212800.0    -1.776
 -212700.0    -1.556
 -212600.0    -1.841
 -212500.0    -2.063
 -212400.0    -2.099
 -212300.0    -2.160
 -212200.0    -1.821
 -212100.0    -1.994
 -212000.0    -1.950
 -211900.0    -2.402
 -211800.0    -2.862
 -211700.0    -2.520
 -211600.0    -2.281
 -211500.0    -2.500
 -211400.0    -2.563
 -211300.0    -2.608
 -211200.0    -2.706
 -211100.0    -2.555
 -211000.0    -2.188
 -210900.0    -2.136
 -210800.0    -2.266
 -210700.0    -2.635
 -210600.0    -2.917
 -210500.0    -2.839
 -210400.0    -2.657
 -210300.0    -2.640
 -210200.0    -2.497
 -210100.0    -2.842
 -210000.0    -3.404
 -209900.0    -3.572
 -209800.0    -3.489
 -209700.0    -3.711
 -209600.0    -3.655
 -209500.0    -3.370
 -209400.0    -3.061
 -209300.0    -2.868
 -209200.0    -3.037
 -209100.0    -3.602
 -209000.0    -3.661
 -208900.0    -3.536
 -208800.0    -3.608
 -208700.0    -3.590
 -208600.0    -3.640
 -208500.0    -3.796
 -208400.0    -3.729
 -208300.0    -3.774
 -208200.0    -4.328
 -208100.0    -4.156
 -208000.0    -3.972
 -207900.0    -4.220
 -207800.0    -4.515
 -207700.0    -4.507
 -207600.0    -4.385
 -207500.0    -4.407
 -207400.0    -4.487
 -207300.0    -4.343
 -207200.0    -4.265
 -207100.0    -4.339
 -207000.0    -4.353
 -206900.0    -4.261
 -206800.0    -4.529
 -206700.0    -4.707
 -206600.0    -4.560
 -206500.0    -4.391
 -206400.0    -4.560
 -206300.0    -4.888
 -206200.0    -5.082
 -206100.0    -4.959
 -206000.0    -4.564
 -205900.0    -4.360
 -205800.0    -4.340
 -205700.0    -4.237
 -205600.0    -4.004
 -205500.0    -3.705
 -205400.0    -3.626
 -205300.0    -3.698
 -205200.0    -3.684
 -205100.0    -3.568
 -205000.0    -3.266
 -204900.0    -2.923
 -204800.0    -2.607
 -204700.0    -2.665
 -204600.0    -3.022
 -204500.0    -3.189
 -204400.0    -3.259
 -204300.0    -2.925
 -204200.0    -2.677
 -204100.0    -2.934
 -204000.0    -3.122
 -203900.0    -2.990
 -203800.0    -2.903
 -203700.0    -2.718
 -203600.0    -2.437
 -203500.0    -2.541
 -203400.0    -2.449
 -203300.0    -2.025
 -203200.0    -1.878
 -203100.0    -2.184
 -203000.0    -2.480
 -202900.0    -2.431
 -202800.0    -2.273
 -202700.0    -2.383
 -202600.0    -2.544
 -202500.0    -2.510
 -202400.0    -2.575
 -202300.0    -2.537
 -202200.0    -1.701
 -202100.0    -1.769
 -202000.0    -2.316
 -201900.0    -2.186
 -201800.0    -2.160
 -201700.0    -2.176
 -201600.0    -1.991
 -201500.0    -2.128
 -201400.0    -1.842
 -201300.0    -1.494
 -201200.0    -2.014
 -201100.0    -2.626
 -201000.0    -2.779
 -200900.0    -2.831
 -200800.0    -2.858
 -200700.0    -2.567
 -200600.0    -2.458
 -200500.0    -2.204
 -200400.0    -1.994
 -200300.0    -2.617
 -200200.0    -3.082
 -200100.0    -2.702
 -200000.0    -2.716
 -199900.0    -2.951
 -199800.0    -2.801
 -199700.0    -3.076
 -199600.0    -3.568
 -199500.0    -3.508
 -199400.0    -3.435
 -199300.0    -3.740
 -199200.0    -3.801
 -199100.0    -3.349
 -199000.0    -2.972
 -198900.0    -3.033
 -198800.0    -3.271
 -198700.0    -3.200
 -198600.0    -3.408
 -198500.0    -3.782
 -198400.0    -3.806
 -198300.0    -3.801
 -198200.0    -3.844
 -198100.0    -3.990
 -198000.0    -4.384
 -197900.0    -4.392
 -197800.0    -4.393
 -197700.0    -4.864
 -197600.0    -4.886
 -197500.0    -4.791
 -197400.0    -4.854
 -197300.0    -5.048
 -197200.0    -5.173
 -197100.0    -4.943
 -197000.0    -4.205
 -196900.0    -4.135
 -196800.0    -4.866
 -196700.0    -5.430
 -196600.0    -5.446
 -196500.0    -5.640
 -196400.0    -5.768
 -196300.0    -5.677
 -196200.0    -5.590
 -196100.0    -5.698
 -196000.0    -5.756
 -195900.0    -5.827
 -195800.0    -5.956
 -195700.0    -5.918
 -195600.0    -5.689
 -195500.0    -5.258
 -195400.0    -4.871
 -195300.0    -4.810
 -195200.0    -4.860
 -195100.0    -5.093
 -195000.0    -5.283
 -194900.0    -4.874
 -194800.0    -4.224
 -194700.0    -4.711
 -194600.0    -5.016
 -194500.0    -4.701
 -194400.0    -4.556
 -194300.0    -4.881
 -194200.0    -5.193
 -194100.0    -5.551
 -194000.0    -5.802
 -193900.0    -5.924
 -193800.0    -5.859
 -193700.0    -5.674
 -193600.0    -5.990
 -193500.0    -6.574
 -193400.0    -6.746
 -193300.0    -6.330
 -193200.0    -6.210
 -193100.0    -6.134
 -193000.0    -5.720
 -192900.0    -5.346
 -192800.0    -5.807
 -192700.0    -6.075
 -192600.0    -5.966
 -192500.0    -5.834
 -192400.0    -5.575
 -192300.0    -5.172
 -192200.0    -4.888
 -192100.0    -4.826
 -192000.0    -5.042
 -191900.0    -5.451
 -191800.0    -5.385
 -191700.0    -5.452
 -191600.0    -5.574
 -191500.0    -5.482
 -191400.0    -5.352
 -191300.0    -5.228
 -191200.0    -4.909
 -191100.0    -4.140
 -191000.0    -3.496
 -190900.0    -3.849
 -190800.0    -4.616
 -190700.0    -4.722
 -190600.0    -4.791
 -190500.0    -4.766
 -190400.0    -5.263
 -190300.0    -5.797
 -190200.0    -6.084
 -190100.0    -6.475
 -190000.0    -6.398
 -189900.0    -6.068
 -189800.0    -6.116
 -189700.0    -6.640
 -189600.0    -6.954
 -189500.0    -7.135
 -189400.0    -6.958
 -189300.0    -6.488
 -189200.0    -6.535
 -189100.0    -6.857
 -189000.0    -7.204
 -188900.0    -7.452
 -188800.0    -7.462
 -188700.0    -7.673
 -188600.0    -7.920
 -188500.0    -7.695
 -188400.0    -7.660
 -188300.0    -7.898
 -188200.0    -7.931
 -188100.0    -7.373
 -188000.0    -6.919
 -187900.0    -7.028
 -187800.0    -7.331
 -187700.0    -7.595
 -187600.0    -7.878
 -187500.0    -8.133
 -187400.0    -7.975
 -187300.0    -7.571
 -187200.0    -7.263
 -187100.0    -7.277
 -187000.0    -7.626
 -186900.0    -8.030
 -186800.0    -8.121
 -186700.0    -7.787
 -186600.0    -7.770
 -186500.0    -8.138
 -186400.0    -8.039
 -186300.0    -7.921
 -186200.0    -7.989
 -186100.0    -7.959
 -186000.0    -7.684
 -185900.0    -7.753
 -185800.0    -8.416
 -185700.0    -8.789
 -185600.0    -8.548
 -185500.0    -7.969
 -185400.0    -7.705
 -185300.0    -7.924
 -185200.0    -8.251
 -185100.0    -8.183
 -185000.0    -7.883
 -184900.0    -7.762
 -184800.0    -8.127
 -184700.0    -8.759
 -184600.0    -8.322
 -184500.0    -7.093
 -184400.0    -7.151
 -184300.0    -7.832
 -184200.0    -8.085
 -184100.0    -7.806
 -184000.0    -7.933
 -183900.0    -8.152
 -183800.0    -8.205
 -183700.0    -8.239
 -183600.0    -7.898
 -183500.0    -7.641
 -183400.0    -8.029
 -183300.0    -8.547
 -183200.0    -8.380
 -183100.0    -7.763
 -183000.0    -7.734
 -182900.0    -7.434
 -182800.0    -7.410
 -182700.0    -8.061
 -182600.0    -7.875
 -182500.0    -7.493
 -182400.0    -7.580
 -182300.0    -7.958
 -182200.0    -8.013
 -182100.0    -7.684
 -182000.0    -7.261
 -181900.0    -6.996
 -181800.0    -6.757
 -181700.0    -6.750
 -181600.0    -6.711
 -181500.0    -6.187
 -181400.0    -5.751
 -181300.0    -6.562
 -181200.0    -7.000
 -181100.0    -6.400
 -181000.0    -5.660
 -180900.0    -5.318
 -180800.0    -5.585
 -180700.0    -5.680
 -180600.0    -5.590
 -180500.0    -5.999
 -180400.0    -6.472
 -180300.0    -6.275
 -180200.0    -6.337
 -180100.0    -6.326
 -180000.0    -6.442
 -179900.0    -6.151
 -179800.0    -5.373
 -179700.0    -5.323
 -179600.0    -6.002
 -179500.0    -6.679
 -179400.0    -7.012
 -179300.0    -6.895
 -179200.0    -6.625
 -179100.0    -6.746
 -179000.0    -7.256
 -178900.0    -7.980
 -178800.0    -8.408
 -178700.0    -8.298
 -178600.0    -8.154
 -178500.0    -8.198
 -178400.0    -8.149
 -178300.0    -7.718
 -178200.0    -7.352
 -178100.0    -7.175
 -178000.0    -7.017
 -177900.0    -6.940
 -177800.0    -7.339
 -177700.0    -7.515
 -177600.0    -7.233
 -177500.0    -6.882
 -177400.0    -6.871
 -177300.0    -7.035
 -177200.0    -7.034
 -177100.0    -7.229
 -177000.0    -7.481
 -176900.0    -7.203
 -176800.0    -7.405
 -176700.0    -7.608
 -176600.0    -7.569
 -176500.0    -7.498
 -176400.0    -7.329
 -176300.0    -7.484
 -176200.0    -7.484
 -176100.0    -7.202
 -176000.0    -7.214
 -175900.0    -7.153
 -175800.0    -6.467
 -175700.0    -5.870
 -175600.0    -6.375
 -175500.0    -7.284
 -175400.0    -6.941
 -175300.0    -6.288
 -175200.0    -6.113
 -175100.0    -6.120
 -175000.0    -5.954
 -174900.0    -5.968
 -174800.0    -6.274
 -174700.0    -6.120
 -174600.0    -5.958
 -174500.0    -5.987
 -174400.0    -6.066
 -174300.0    -6.362
 -174200.0    -6.852
 -174100.0    -6.833
 -174000.0    -5.995
 -173900.0    -5.699
 -173800.0    -6.038
 -173700.0    -6.804
 -173600.0    -7.136
 -173500.0    -6.962
 -173400.0    -7.110
 -173300.0    -6.912
 -173200.0    -7.083
 -173100.0    -7.553
 -173000.0    -7.701
 -172900.0    -7.510
 -172800.0    -7.608
 -172700.0    -7.631
 -172600.0    -7.488
 -172500.0    -7.612
 -172400.0    -8.116
 -172300.0    -8.189
 -172200.0    -8.114
 -172100.0    -7.983
 -172000.0    -7.633
 -171900.0    -7.173
 -171800.0    -6.822
 -171700.0    -7.243
 -171600.0    -7.150
 -171500.0    -6.144
 -171400.0    -6.181
 -171300.0    -6.890
 -171200.0    -7.858
 -171100.0    -7.603
 -171000.0    -6.720
 -170900.0    -6.703
 -170800.0    -7.258
 -170700.0    -6.973
 -170600.0    -6.202
 -170500.0    -6.074
 -170400.0    -6.435
 -170300.0    -6.946
 -170200.0    -7.317
 -170100.0    -7.005
 -170000.0    -6.619
 -169900.0    -6.816
 -169800.0    -6.709
 -169700.0    -6.231
 -169600.0    -5.481
 -169500.0    -5.179
 -169400.0    -5.986
 -169300.0    -6.309
 -169200.0    -6.330
 -169100.0    -6.322
 -169000.0    -6.498
 -168900.0    -6.915
 -168800.0    -7.068
 -168700.0    -6.827
 -168600.0    -6.737
 -168500.0    -6.898
 -168400.0    -6.642
 -168300.0    -6.596
 -168200.0    -6.945
 -168100.0    -7.360
 -168000.0    -7.675
 -167900.0    -7.922
 -167800.0    -8.049
 -167700.0    -7.982
 -167600.0    -7.974
 -167500.0    -7.894
 -167400.0    -7.764
 -167300.0    -7.967
 -167200.0    -8.163
 -167100.0    -8.439
 -167000.0    -8.297
 -166900.0    -7.804
 -166800.0    -7.905
 -166700.0    -7.659
 -166600.0    -7.985
 -166500.0    -8.351
 -166400.0    -8.113
 -166300.0    -8.339
 -166200.0    -8.521
 -166100.0    -8.186
 -166000.0    -8.030
 -165900.0    -8.542
 -165800.0    -8.626
 -165700.0    -8.332
 -165600.0    -8.090
 -165500.0    -7.931
 -165400.0    -7.818
 -165300.0    -8.223
 -165200.0    -8.335
 -165100.0    -8.337
 -165000.0    -8.447
 -164900.0    -8.307
 -164800.0    -8.072
 -164700.0    -8.477
 -164600.0    -8.795
 -164500.0    -8.543
 -164400.0    -8.460
 -164300.0    -8.403
 -164200.0    -7.900
 -164100.0    -7.567
 -164000.0    -7.780
 -163900.0    -7.670
 -163800.0    -7.427
 -163700.0    -7.316
 -163600.0    -6.979
 -163500.0    -6.834
 -163400.0    -7.050
 -163300.0    -7.033
 -163200.0    -7.039
 -163100.0    -7.267
 -163000.0    -6.698
 -162900.0    -6.177
 -162800.0    -6.258
 -162700.0    -6.652
 -162600.0    -6.176
 -162500.0    -5.375
 -162400.0    -5.718
 -162300.0    -6.426
 -162200.0    -6.590
 -162100.0    -6.660
 -162000.0    -7.200
 -161900.0    -7.271
 -161800.0    -7.030
 -161700.0    -7.271
 -161600.0    -7.370
 -161500.0    -7.633
 -161400.0    -7.952
 -161300.0    -7.484
 -161200.0    -7.327
 -161100.0    -7.526
 -161000.0    -6.961
 -160900.0    -6.930
 -160800.0    -6.953
 -160700.0    -7.039
 -160600.0    -7.337
 -160500.0    -6.745
 -160400.0    -6.780
 -160300.0    -6.670
 -160200.0    -6.772
 -160100.0    -6.397
 -160000.0    -5.918
 -159900.0    -6.370
 -159800.0    -6.462
 -159700.0    -6.424
 -159600.0    -5.676
 -159500.0    -5.897
 -159400.0    -6.390
 -159300.0    -5.322
 -159200.0    -5.432
 -159100.0    -6.261
 -159000.0    -6.741
 -158900.0    -6.661
 -158800.0    -7.146
 -158700.0    -7.631
 -158600.0    -8.069
 -158500.0    -7.426
 -158400.0    -6.690
 -158300.0    -6.793
 -158200.0    -6.898
 -158100.0    -7.283
 -158000.0    -7.998
 -157900.0    -7.722
 -157800.0    -7.658
 -157700.0    -7.890
 -157600.0    -7.782
 -157500.0    -7.665
 -157400.0    -8.130
 -157300.0    -8.633
 -157200.0    -8.498
 -157100.0    -8.560
 -157000.0    -8.582
 -156900.0    -8.501
 -156800.0    -8.519
 -156700.0    -8.487
 -156600.0    -8.178
 -156500.0    -8.394
 -156400.0    -8.959
 -156300.0    -8.940
 -156200.0    -8.374
 -156100.0    -8.298
 -156000.0    -8.827
 -155900.0    -8.626
 -155800.0    -8.001
 -155700.0    -8.044
 -155600.0    -8.423
 -155500.0    -8.198
 -155400.0    -8.096
 -155300.0    -7.981
 -155200.0    -8.568
 -155100.0    -8.789
 -155000.0    -8.511
 -154900.0    -8.832
 -154800.0    -9.061
 -154700.0    -8.229
 -154600.0    -7.432
 -154500.0    -7.528
 -154400.0    -8.041
 -154300.0    -8.068
 -154200.0    -7.626
 -154100.0    -7.715
 -154000.0    -7.639
 -153900.0    -7.666
 -153800.0    -7.968
 -153700.0    -8.146
 -153600.0    -7.949
 -153500.0    -7.491
 -153400.0    -7.248
 -153300.0    -7.684
 -153200.0    -7.792
 -153100.0    -7.655
 -153000.0    -7.674
 -152900.0    -7.561
 -152800.0    -7.521
 -152700.0    -7.722
 -152600.0    -7.914
 -152500.0    -8.104
 -152400.0    -8.153
 -152300.0    -7.824
 -152200.0    -7.668
 -152100.0    -7.823
 -152000.0    -7.905
 -151900.0    -7.893
 -151800.0    -7.709
 -151700.0    -7.360
 -151600.0    -7.390
 -151500.0    -7.419
 -151400.0    -7.241
 -151300.0    -6.934
 -151200.0    -6.899
 -151100.0    -6.896
 -151000.0    -6.667
 -150900.0    -6.632
 -150800.0    -7.189
 -150700.0    -7.526
 -150600.0    -7.197
 -150500.0    -6.873
 -150400.0    -7.063
 -150300.0    -7.449
 -150200.0    -7.511
 -150100.0    -7.308
 -150000.0    -7.354
 -149900.0    -7.569
 -149800.0    -7.611
 -149700.0    -7.628
 -149600.0    -7.678
 -149500.0    -7.529
 -149400.0    -7.455
 -149300.0    -7.615
 -149200.0    -7.632
 -149100.0    -7.539
 -149000.0    -7.643
 -148900.0    -7.733
 -148800.0    -7.842
 -148700.0    -7.852
 -148600.0    -7.658
 -148500.0    -7.692
 -148400.0    -7.591
 -148300.0    -7.510
 -148200.0    -8.050
 -148100.0    -8.550
 -148000.0    -8.426
 -147900.0    -8.316
 -147800.0    -8.257
 -147700.0    -7.997
 -147600.0    -8.005
 -147500.0    -8.143
 -147400.0    -8.085
 -147300.0    -8.008
 -147200.0    -8.011
 -147100.0    -7.925
 -147000.0    -7.888
 -146900.0    -8.003
 -146800.0    -8.021
 -146700.0    -7.995
 -146600.0    -7.870
 -146500.0    -7.723
 -146400.0    -7.774
 -146300.0    -7.944
 -146200.0    -7.982
 -146100.0    -8.064
 -146000.0    -8.358
 -145900.0    -8.447
 -145800.0    -8.342
 -145700.0    -8.444
 -145600.0    -8.623
 -145500.0    -8.470
 -145400.0    -8.207
 -145300.0    -8.093
 -145200.0    -7.957
 -145100.0    -7.924
 -145000.0    -8.205
 -144900.0    -8.319
 -144800.0    -8.245
 -144700.0    -7.995
 -144600.0    -7.859
 -144500.0    -7.833
 -144400.0    -7.707
 -144300.0    -7.862
 -144200.0    -8.215
 -144100.0    -8.114
 -144000.0    -7.965
 -143900.0    -8.389
 -143800.0    -8.852
 -143700.0    -8.736
 -143600.0    -8.413
 -143500.0    -8.320
 -143400.0    -8.342
 -143300.0    -8.272
 -143200.0    -8.126
 -143100.0    -8.120
 -143000.0    -8.426
 -142900.0    -8.574
 -142800.0    -8.660
 -142700.0    -8.738
 -142600.0    -8.624
 -142500.0    -8.340
 -142400.0    -8.287
 -142300.0    -8.321
 -142200.0    -8.098
 -142100.0    -8.236
 -142000.0    -8.538
 -141900.0    -8.406
 -141800.0    -8.470
 -141700.0    -8.556
 -141600.0    -8.658
 -141500.0    -8.668
 -141400.0    -8.459
 -141300.0    -8.290
 -141200.0    -8.416
 -141100.0    -8.750
 -141000.0    -8.648
 -140900.0    -8.166
 -140800.0    -8.257
 -140700.0    -8.535
 -140600.0    -8.663
 -140500.0    -8.610
 -140400.0    -8.369
 -140300.0    -8.394
 -140200.0    -8.848
 -140100.0    -8.998
 -140000.0    -8.715
 -139900.0    -8.445
 -139800.0    -8.540
 -139700.0    -8.794
 -139600.0    -8.840
 -139500.0    -8.613
 -139400.0    -8.375
 -139300.0    -8.412
 -139200.0    -8.531
 -139100.0    -8.327
 -139000.0    -8.266
 -138900.0    -8.510
 -138800.0    -8.666
 -138700.0    -8.660
 -138600.0    -8.705
 -138500.0    -8.677
 -138400.0    -8.615
 -138300.0    -8.974
 -138200.0    -9.242
 -138100.0    -8.972
 -138000.0    -8.648
 -137900.0    -8.125
 -137800.0    -7.650
 -137700.0    -7.497
 -137600.0    -7.437
 -137500.0    -7.550
 -137400.0    -7.865
 -137300.0    -7.984
 -137200.0    -7.909
 -137100.0    -7.728
 -137000.0    -7.476
 -136900.0    -7.714
 -136800.0    -7.910
 -136700.0    -7.441
 -136600.0    -7.314
 -136500.0    -7.544
 -136400.0    -7.373
 -136300.0    -7.472
 -136200.0    -7.814
 -136100.0    -7.495
 -136000.0    -7.138
 -135900.0    -7.316
 -135800.0    -7.327
 -135700.0    -7.125
 -135600.0    -6.901
 -135500.0    -6.849
 -135400.0    -7.335
 -135300.0    -7.470
 -135200.0    -7.251
 -135100.0    -7.164
 -135000.0    -6.864
 -134900.0    -6.923
 -134800.0    -6.923
 -134700.0    -6.231
 -134600.0    -5.670
 -134500.0    -5.921
 -134400.0    -6.046
 -134300.0    -5.825
 -134200.0    -5.471
 -134100.0    -5.298
 -134000.0    -4.860
 -133900.0    -4.430
 -133800.0    -4.489
 -133700.0    -4.002
 -133600.0    -3.218
 -133500.0    -3.333
 -133400.0    -3.862
 -133300.0    -3.746
 -133200.0    -3.550
 -133100.0    -3.807
 -133000.0    -3.662
 -132900.0    -3.335
 -132800.0    -2.966
 -132700.0    -2.588
 -132600.0    -2.582
 -132500.0    -2.540
 -132400.0    -2.434
 -132300.0    -2.492
 -132200.0    -2.766
 -132100.0    -2.720
 -132000.0    -2.268
 -131900.0    -2.259
 -131800.0    -1.572
 -131700.0    -1.486
 -131600.0    -1.617
 -131500.0    -1.926
 -131400.0    -1.305
 -131300.0    -0.331
 -131200.0    -0.294
 -131100.0    -0.717
 -131000.0    -0.562
 -130900.0    -0.470
 -130800.0    -0.266
 -130700.0     0.137
 -130600.0     0.346
 -130500.0     0.560
 -130400.0     0.622
 -130300.0     0.891
 -130200.0     1.043
 -130100.0     1.860
 -130000.0     1.272
 -129900.0     1.406
 -129800.0     1.755
 -129700.0     2.145
 -129600.0     1.420
 -129500.0    -0.234
 -129400.0     1.506
 -129300.0     2.704
 -129200.0     2.082
 -129100.0     1.365
 -129000.0     1.474
 -128900.0     1.985
 -128800.0     2.448
 -128700.0     1.870
 -128600.0     2.365
 -128500.0     3.064
 -128400.0     3.178
 -128300.0     2.693
 -128200.0     2.700
 -128100.0     2.685
 -128000.0     2.203
 -127900.0     2.222
 -127800.0     2.566
 -127700.0     2.223
 -127600.0     2.514
 -127500.0     2.293
 -127400.0     2.461
 -127300.0     2.427
 -127200.0     2.202
 -127100.0     2.036
 -127000.0     2.066
 -126900.0     1.691
 -126800.0     2.052
 -126700.0     2.500
 -126600.0     1.621
 -126500.0     0.936
 -126400.0     0.966
 -126300.0     1.057
 -126200.0     0.373
 -126100.0     0.288
 -126000.0     0.453
 -125900.0     0.599
 -125800.0     0.499
 -125700.0     0.457
 -125600.0     1.104
 -125500.0     1.034
 -125400.0     0.643
 -125300.0     1.113
 -125200.0     0.854
 -125100.0     0.441
 -125000.0     0.070
 -124900.0     0.059
 -124800.0     0.661
 -124700.0     0.604
 -124600.0     0.650
 -124500.0     0.590
 -124400.0     0.427
 -124300.0     0.543
 -124200.0     0.575
 -124100.0     1.240
 -124000.0     0.469
 -123900.0     0.595
 -123800.0     0.743
 -123700.0     0.345
 -123600.0     0.255
 -123500.0     0.294
 -123400.0     0.410
 -123300.0     0.897
 -123200.0    -0.013
 -123100.0    -0.501
 -123000.0    -0.368
 -122900.0    -0.094
 -122800.0    -0.751
 -122700.0    -0.123
 -122600.0     0.306
 -122500.0     0.223
 -122400.0     0.134
 -122300.0     0.487
 -122200.0     0.366
 -122100.0    -0.202
 -122000.0     0.178
 -121900.0     0.594
 -121800.0     0.026
 -121700.0    -0.129
 -121600.0    -0.615
 -121500.0    -0.616
 -121400.0    -0.669
 -121300.0    -0.204
 -121200.0    -0.459
 -121100.0    -0.963
 -121000.0    -0.686
 -120900.0    -0.590
 -120800.0    -0.311
 -120700.0    -0.053
 -120600.0     0.100
 -120500.0    -0.402
 -120400.0    -0.797
 -120300.0    -0.847
 -120200.0    -1.085
 -120100.0    -1.200
 -120000.0    -0.896
 -119900.0    -1.450
 -119800.0    -1.306
 -119700.0    -0.688
 -119600.0    -1.296
 -119500.0    -1.035
 -119400.0    -1.283
 -119300.0    -1.375
 -119200.0    -1.293
 -119100.0    -0.509
 -119000.0    -1.104
 -118900.0    -1.219
 -118800.0    -1.780
 -118700.0    -0.505
 -118600.0    -0.660
 -118500.0    -1.114
 -118400.0    -1.499
 -118300.0    -1.114
 -118200.0    -0.930
 -118100.0    -1.122
 -118000.0    -1.696
 -117900.0    -1.862
 -117800.0    -1.792
 -117700.0    -1.548
 -117600.0    -1.031
 -117500.0    -1.660
 -117400.0    -1.765
 -117300.0    -1.407
 -117200.0    -1.830
 -117100.0    -1.491
 -117000.0    -1.475
 -116900.0    -1.798
 -116800.0    -2.248
 -116700.0    -2.525
 -116600.0    -2.684
 -116500.0    -2.669
 -116400.0    -2.731
 -116300.0    -2.825
 -116200.0    -2.867
 -116100.0    -2.958
 -116000.0    -3.152
 -115900.0    -3.571
 -115800.0    -2.971
 -115700.0    -2.568
 -115600.0    -2.461
 -115500.0    -2.472
 -115400.0    -2.481
 -115300.0    -2.427
 -115200.0    -3.783
 -115100.0    -4.112
 -115000.0    -3.451
 -114900.0    -3.919
 -114800.0    -4.292
 -114700.0    -4.638
 -114600.0    -4.906
 -114500.0    -4.679
 -114400.0    -4.229
 -114300.0    -4.366
 -114200.0    -4.369
 -114100.0    -4.342
 -114000.0    -4.539
 -113900.0    -4.549
 -113800.0    -5.238
 -113700.0    -5.536
 -113600.0    -5.000
 -113500.0    -4.890
 -113400.0    -4.838
 -113300.0    -4.949
 -113200.0    -4.970
 -113100.0    -5.500
 -113000.0    -5.871
 -112900.0    -6.039
 -112800.0    -5.893
 -112700.0    -5.664
 -112600.0    -5.737
 -112500.0    -5.893
 -112400.0    -5.942
 -112300.0    -5.940
 -112200.0    -5.942
 -112100.0    -5.924
 -112000.0    -6.074
 -111900.0    -6.350
 -111800.0    -6.358
 -111700.0    -5.911
 -111600.0    -5.655
 -111500.0    -5.683
 -111400.0    -5.680
 -111300.0    -5.682
 -111200.0    -5.665
 -111100.0    -5.815
 -111000.0    -6.072
 -110900.0    -6.290
 -110800.0    -6.331
 -110700.0    -5.708
 -110600.0    -5.559
 -110500.0    -5.569
 -110400.0    -5.574
 -110300.0    -5.581
 -110200.0    -5.580
 -110100.0    -5.579
 -110000.0    -5.478
 -109900.0    -5.697
 -109800.0    -6.276
 -109700.0    -6.185
 -109600.0    -6.088
 -109500.0    -6.065
 -109400.0    -6.325
 -109300.0    -6.789
 -109200.0    -6.797
 -109100.0    -6.449
 -109000.0    -6.249
 -108900.0    -6.280
 -108800.0    -6.282
 -108700.0    -6.286
 -108600.0    -6.474
 -108500.0    -6.604
 -108400.0    -6.692
 -108300.0    -6.705
 -108200.0    -6.826
 -108100.0    -6.957
 -108000.0    -6.936
 -107900.0    -6.886
 -107800.0    -6.754
 -107700.0    -6.504
 -107600.0    -6.480
 -107500.0    -6.496
 -107400.0    -6.319
 -107300.0    -5.556
 -107200.0    -4.923
 -107100.0    -4.364
 -107000.0    -4.384
 -106900.0    -4.742
 -106800.0    -5.034
 -106700.0    -4.666
 -106600.0    -4.290
 -106500.0    -4.097
 -106400.0    -4.479
 -106300.0    -4.196
 -106200.0    -3.622
 -106100.0    -2.731
 -106000.0    -3.612
 -105900.0    -3.833
 -105800.0    -3.943
 -105700.0    -3.935
 -105600.0    -4.544
 -105500.0    -4.574
 -105400.0    -4.270
 -105300.0    -4.120
 -105200.0    -4.280
 -105100.0    -4.541
 -105000.0    -4.839
 -104900.0    -4.470
 -104800.0    -4.139
 -104700.0    -4.244
 -104600.0    -4.338
 -104500.0    -4.318
 -104400.0    -4.379
 -104300.0    -4.326
 -104200.0    -4.054
 -104100.0    -4.131
 -104000.0    -4.223
 -103900.0    -4.321
 -103800.0    -4.502
 -103700.0    -4.413
 -103600.0    -4.417
 -103500.0    -4.543
 -103400.0    -3.949
 -103300.0    -3.571
 -103200.0    -3.761
 -103100.0    -2.762
 -103000.0    -3.180
 -102900.0    -3.242
 -102800.0    -2.351
 -102700.0    -3.265
 -102600.0    -3.007
 -102500.0    -2.559
 -102400.0    -2.134
 -102300.0    -2.429
 -102200.0    -2.831
 -102100.0    -2.285
 -102000.0    -2.068
 -101900.0    -2.286
 -101800.0    -2.491
 -101700.0    -2.240
 -101600.0    -2.930
 -101500.0    -2.621
 -101400.0    -2.716
 -101300.0    -2.986
 -101200.0    -3.185
 -101100.0    -3.294
 -101000.0    -3.459
 -100900.0    -3.637
 -100800.0    -3.447
 -100700.0    -3.610
 -100600.0    -3.709
 -100500.0    -3.400
 -100400.0    -3.056
 -100300.0    -3.599
 -100200.0    -4.015
 -100100.0    -3.663
 -100000.0    -3.445
  -99900.0    -3.496
  -99800.0    -3.628
  -99700.0    -4.082
  -99600.0    -3.906
  -99500.0    -4.001
  -99400.0    -4.037
  -99300.0    -4.090
  -99200.0    -4.374
  -99100.0    -4.441
  -99000.0    -3.814
  -98900.0    -4.237
  -98800.0    -4.404
  -98700.0    -4.724
  -98600.0    -3.688
  -98500.0    -3.511
  -98400.0    -3.649
  -98300.0    -4.840
  -98200.0    -4.376
  -98100.0    -4.733
  -98000.0    -5.363
  -97900.0    -4.453
  -97800.0    -4.146
  -97700.0    -3.504
  -97600.0    -4.818
  -97500.0    -5.081
  -97400.0    -5.066
  -97300.0    -4.330
  -97200.0    -5.104
  -97100.0    -4.681
  -97000.0    -4.520
  -96900.0    -4.520
  -96800.0    -4.260
  -96700.0    -3.994
  -96600.0    -4.318
  -96500.0    -4.356
  -96400.0    -3.996
  -96300.0    -3.789
  -96200.0    -3.435
  -96100.0    -3.973
  -96000.0    -4.210
  -95900.0    -3.710
  -95800.0    -3.696
  -95700.0    -3.830
  -95600.0    -4.012
  -95500.0    -3.997
  -95400.0    -3.765
  -95300.0    -3.451
  -95200.0    -4.995
  -95100.0    -4.547
  -95000.0    -3.960
  -94900.0    -3.819
  -94800.0    -4.025
  -94700.0    -4.456
  -94600.0    -4.239
  -94500.0    -3.470
  -94400.0    -3.965
  -94300.0    -4.894
  -94200.0    -5.063
  -94100.0    -3.997
  -94000.0    -3.305
  -93900.0    -3.285
  -93800.0    -3.802
  -93700.0    -4.590
  -93600.0    -5.597
  -93500.0    -4.533
  -93400.0    -4.687
  -93300.0    -4.480
  -93200.0    -5.103
  -93100.0    -4.556
  -93000.0    -4.029
  -92900.0    -4.444
  -92800.0    -3.803
  -92700.0    -4.339
  -92600.0    -5.343
  -92500.0    -4.886
  -92400.0    -4.141
  -92300.0    -4.215
  -92200.0    -4.671
  -92100.0    -5.104
  -92000.0    -4.633
  -91900.0    -4.839
  -91800.0    -4.327
  -91700.0    -4.037
  -91600.0    -3.966
  -91500.0    -3.434
  -91400.0    -4.944
  -91300.0    -5.901
  -91200.0    -5.294
  -91100.0    -5.178
  -91000.0    -5.014
  -90900.0    -4.787
  -90800.0    -4.876
  -90700.0    -4.619
  -90600.0    -5.170
  -90500.0    -5.826
  -90400.0    -5.666
  -90300.0    -5.344
  -90200.0    -6.058
  -90100.0    -6.470
  -90000.0    -4.879
  -89900.0    -5.060
  -89800.0    -5.431
  -89700.0    -5.444
  -89600.0    -5.122
  -89500.0    -4.772
  -89400.0    -5.670
  -89300.0    -5.371
  -89200.0    -4.850
  -89100.0    -4.251
  -89000.0    -4.090
  -88900.0    -4.491
  -88800.0    -4.932
  -88700.0    -5.077
  -88600.0    -5.044
  -88500.0    -5.099
  -88400.0    -5.114
  -88300.0    -5.113
  -88200.0    -5.137
  -88100.0    -4.654
  -88000.0    -4.433
  -87900.0    -4.191
  -87800.0    -4.156
  -87700.0    -4.572
  -87600.0    -3.846
  -87500.0    -4.814
  -87400.0    -4.012
  -87300.0    -3.622
  -87200.0    -4.403
  -87100.0    -4.472
  -87000.0    -4.197
  -86900.0    -4.103
  -86800.0    -4.356
  -86700.0    -4.037
  -86600.0    -4.764
  -86500.0    -3.934
  -86400.0    -3.719
  -86300.0    -3.740
  -86200.0    -3.555
  -86100.0    -3.372
  -86000.0    -3.402
  -85900.0    -3.551
  -85800.0    -3.451
  -85700.0    -3.172
  -85600.0    -2.618
  -85500.0    -2.424
  -85400.0    -2.625
  -85300.0    -3.210
  -85200.0    -3.051
  -85100.0    -2.480
  -85000.0    -2.790
  -84900.0    -3.313
  -84800.0    -3.509
  -84700.0    -3.019
  -84600.0    -1.919
  -84500.0    -2.864
  -84400.0    -4.013
  -84300.0    -3.915
  -84200.0    -3.885
  -84100.0    -4.250
  -84000.0    -4.621
  -83900.0    -3.735
  -83800.0    -3.180
  -83700.0    -3.480
  -83600.0    -4.317
  -83500.0    -3.356
  -83400.0    -3.701
  -83300.0    -3.966
  -83200.0    -3.932
  -83100.0    -3.116
  -83000.0    -2.960
  -82900.0    -2.543
  -82800.0    -3.720
  -82700.0    -4.439
  -82600.0    -4.663
  -82500.0    -4.310
  -82400.0    -4.783
  -82300.0    -4.084
  -82200.0    -2.528
  -82100.0    -3.479
  -82000.0    -3.516
  -81900.0    -3.804
  -81800.0    -3.743
  -81700.0    -3.792
  -81600.0    -3.823
  -81500.0    -3.402
  -81400.0    -4.399
  -81300.0    -3.758
  -81200.0    -3.569
  -81100.0    -5.172
  -81000.0    -4.836
  -80900.0    -4.535
  -80800.0    -4.730
  -80700.0    -4.673
  -80600.0    -4.276
  -80500.0    -4.435
  -80400.0    -5.763
  -80300.0    -6.275
  -80200.0    -6.389
  -80100.0    -5.051
  -80000.0    -3.861
  -79900.0    -5.376
  -79800.0    -5.317
  -79700.0    -4.940
  -79600.0    -5.366
  -79500.0    -5.586
  -79400.0    -4.319
  -79300.0    -4.927
  -79200.0    -4.894
  -79100.0    -4.784
  -79000.0    -6.109
  -78900.0    -6.093
  -78800.0    -5.762
  -78700.0    -6.012
  -78600.0    -6.307
  -78500.0    -6.266
  -78400.0    -6.652
  -78300.0    -4.063
  -78200.0    -6.060
  -78100.0    -7.236
  -78000.0    -6.511
  -77900.0    -6.560
  -77800.0    -6.026
  -77700.0    -5.755
  -77600.0    -5.841
  -77500.0    -6.797
  -77400.0    -7.048
  -77300.0    -6.491
  -77200.0    -6.052
  -77100.0    -5.439
  -77000.0    -5.497
  -76900.0    -5.376
  -76800.0    -4.739
  -76700.0    -4.920
  -76600.0    -5.231
  -76500.0    -5.111
  -76400.0    -4.892
  -76300.0    -4.009
  -76200.0    -4.896
  -76100.0    -4.931
  -76000.0    -5.061
  -75900.0    -5.085
  -75800.0    -4.290
  -75700.0    -4.531
  -75600.0    -4.790
  -75500.0    -5.342
  -75400.0    -5.354
  -75300.0    -5.126
  -75200.0    -5.585
  -75100.0    -5.532
  -75000.0    -5.565
  -74900.0    -5.686
  -74800.0    -5.812
  -74700.0    -6.353
  -74600.0    -6.643
  -74500.0    -4.830
  -74400.0    -5.672
  -74300.0    -5.944
  -74200.0    -6.764
  -74100.0    -6.917
  -74000.0    -6.397
  -73900.0    -6.771
  -73800.0    -7.124
  -73700.0    -6.556
  -73600.0    -6.187
  -73500.0    -7.392
  -73400.0    -7.636
  -73300.0    -6.673
  -73200.0    -6.351
  -73100.0    -6.041
  -73000.0    -5.752
  -72900.0    -5.362
  -72800.0    -6.400
  -72700.0    -6.458
  -72600.0    -6.793
  -72500.0    -6.587
  -72400.0    -6.267
  -72300.0    -5.782
  -72200.0    -5.799
  -72100.0    -5.477
  -72000.0    -5.477
  -71900.0    -6.122
  -71800.0    -5.120
  -71700.0    -4.961
  -71600.0    -5.379
  -71500.0    -4.598
  -71400.0    -5.282
  -71300.0    -5.767
  -71200.0    -5.986
  -71100.0    -5.755
  -71000.0    -5.694
  -70900.0    -5.656
  -70800.0    -5.662
  -70700.0    -5.685
  -70600.0    -5.670
  -70500.0    -6.693
  -70400.0    -7.279
  -70300.0    -6.989
  -70200.0    -7.335
  -70100.0    -7.888
  -70000.0    -7.581
  -69900.0    -6.924
  -69800.0    -6.535
  -69700.0    -6.923
  -69600.0    -7.326
  -69500.0    -7.517
  -69400.0    -6.877
  -69300.0    -6.468
  -69200.0    -5.543
  -69100.0    -6.009
  -69000.0    -5.842
  -68900.0    -6.385
  -68800.0    -7.715
  -68700.0    -8.185
  -68600.0    -7.944
  -68500.0    -7.926
  -68400.0    -7.399
  -68300.0    -7.887
  -68200.0    -8.203
  -68100.0    -7.621
  -68000.0    -7.671
  -67900.0    -7.981
  -67800.0    -8.123
  -67700.0    -8.029
  -67600.0    -7.728
  -67500.0    -7.794
  -67400.0    -7.604
  -67300.0    -7.590
  -67200.0    -7.538
  -67100.0    -7.235
  -67000.0    -7.407
  -66900.0    -7.730
  -66800.0    -7.539
  -66700.0    -7.781
  -66600.0    -7.659
  -66500.0    -6.966
  -66400.0    -6.964
  -66300.0    -7.642
  -66200.0    -8.222
  -66100.0    -8.355
  -66000.0    -7.817
  -65900.0    -7.390
  -65800.0    -8.484
  -65700.0    -8.590
  -65600.0    -7.824
  -65500.0    -7.593
  -65400.0    -7.259
  -65300.0    -7.628
  -65200.0    -7.947
  -65100.0    -7.958
  -65000.0    -8.171
  -64900.0    -7.934
  -64800.0    -7.981
  -64700.0    -7.500
  -64600.0    -7.455
  -64500.0    -7.893
  -64400.0    -7.362
  -64300.0    -7.627
  -64200.0    -7.611
  -64100.0    -7.120
  -64000.0    -6.847
  -63900.0    -6.786
  -63800.0    -6.878
  -63700.0    -6.443
  -63600.0    -6.660
  -63500.0    -6.784
  -63400.0    -6.210
  -63300.0    -6.712
  -63200.0    -7.384
  -63100.0    -7.530
  -63000.0    -7.506
  -62900.0    -7.509
  -62800.0    -7.531
  -62700.0    -7.642
  -62600.0    -7.999
  -62500.0    -8.099
  -62400.0    -7.638
  -62300.0    -7.719
  -62200.0    -7.373
  -62100.0    -7.033
  -62000.0    -7.109
  -61900.0    -6.820
  -61800.0    -6.483
  -61700.0    -6.734
  -61600.0    -7.239
  -61500.0    -7.015
  -61400.0    -6.865
  -61300.0    -6.816
  -61200.0    -6.573
  -61100.0    -6.881
  -61000.0    -7.275
  -60900.0    -7.475
  -60800.0    -6.736
  -60700.0    -6.571
  -60600.0    -6.517
  -60500.0    -6.253
  -60400.0    -6.383
  -60300.0    -6.328
  -60200.0    -6.120
  -60100.0    -6.132
  -60000.0    -6.554
  -59900.0    -6.347
  -59800.0    -5.623
  -59700.0    -5.529
  -59600.0    -5.518
  -59500.0    -5.904
  -59400.0    -5.990
  -59300.0    -5.795
  -59200.0    -6.193
  -59100.0    -6.425
  -59000.0    -6.008
  -58900.0    -5.850
  -58800.0    -6.024
  -58700.0    -5.926
  -58600.0    -5.685
  -58500.0    -5.163
  -58400.0    -4.591
  -58300.0    -4.181
  -58200.0    -5.007
  -58100.0    -4.766
  -58000.0    -4.587
  -57900.0    -4.968
  -57800.0    -4.853
  -57700.0    -5.867
  -57600.0    -4.952
  -57500.0    -4.895
  -57400.0    -4.479
  -57300.0    -3.938
  -57200.0    -4.769
  -57100.0    -4.362
  -57000.0    -3.718
  -56900.0    -3.901
  -56800.0    -4.849
  -56700.0    -4.433
  -56600.0    -4.563
  -56500.0    -5.201
  -56400.0    -4.759
  -56300.0    -5.127
  -56200.0    -4.764
  -56100.0    -4.894
  -56000.0    -5.062
  -55900.0    -4.885
  -55800.0    -5.708
  -55700.0    -5.562
  -55600.0    -5.390
  -55500.0    -5.251
  -55400.0    -5.642
  -55300.0    -5.347
  -55200.0    -5.717
  -55100.0    -6.233
  -55000.0    -6.597
  -54900.0    -6.454
  -54800.0    -6.286
  -54700.0    -6.311
  -54600.0    -6.361
  -54500.0    -6.761
  -54400.0    -6.354
  -54300.0    -6.873
  -54200.0    -7.065
  -54100.0    -6.516
  -54000.0    -6.215
  -53900.0    -6.431
  -53800.0    -6.013
  -53700.0    -6.509
  -53600.0    -6.654
  -53500.0    -6.555
  -53400.0    -5.775
  -53300.0    -5.544
  -53200.0    -6.289
  -53100.0    -7.100
  -53000.0    -7.170
  -52900.0    -6.630
  -52800.0    -5.988
  -52700.0    -6.648
  -52600.0    -6.261
  -52500.0    -6.098
  -52400.0    -5.298
  -52300.0    -5.337
  -52200.0    -5.834
  -52100.0    -5.775
  -52000.0    -5.487
  -51900.0    -5.926
  -51800.0    -5.634
  -51700.0    -5.604
  -51600.0    -6.619
  -51500.0    -6.427
  -51400.0    -5.683
  -51300.0    -5.330
  -51200.0    -3.927
  -51100.0    -4.652
  -51000.0    -5.777
  -50900.0    -5.962
  -50800.0    -5.947
  -50700.0    -5.216
  -50600.0    -5.613
  -50500.0    -5.597
  -50400.0    -5.561
  -50300.0    -5.365
  -50200.0    -5.710
  -50100.0    -5.203
  -50000.0    -5.109
  -49900.0    -5.623
  -49800.0    -5.443
  -49700.0    -5.566
  -49600.0    -6.064
  -49500.0    -5.963
  -49400.0    -5.759
  -49300.0    -5.440
  -49200.0    -5.871
  -49100.0    -5.738
  -49000.0    -5.949
  -48900.0    -6.364
  -48800.0    -6.479
  -48700.0    -6.356
  -48600.0    -6.157
  -48500.0    -5.745
  -48400.0    -6.016
  -48300.0    -6.020
  -48200.0    -6.578
  -48100.0    -6.545
  -48000.0    -6.680
  -47900.0    -6.824
  -47800.0    -6.288
  -47700.0    -6.477
  -47600.0    -7.006
  -47500.0    -6.586
  -47400.0    -6.729
  -47300.0    -6.207
  -47200.0    -5.953
  -47100.0    -6.454
  -47000.0    -6.859
  -46900.0    -6.790
  -46800.0    -6.475
  -46700.0    -6.950
  -46600.0    -6.830
  -46500.0    -6.920
  -46400.0    -7.425
  -46300.0    -7.500
  -46200.0    -7.379
  -46100.0    -7.379
  -46000.0    -6.982
  -45900.0    -7.038
  -45800.0    -6.640
  -45700.0    -7.099
  -45600.0    -7.930
  -45500.0    -7.645
  -45400.0    -7.948
  -45300.0    -8.096
  -45200.0    -7.134
  -45100.0    -6.662
  -45000.0    -6.683
  -44900.0    -6.951
  -44800.0    -7.440
  -44700.0    -6.383
  -44600.0    -6.473
  -44500.0    -7.510
  -44400.0    -7.114
  -44300.0    -6.913
  -44200.0    -7.272
  -44100.0    -6.896
  -44000.0    -6.751
  -43900.0    -6.986
  -43800.0    -6.546
  -43700.0    -6.610
  -43600.0    -6.446
  -43500.0    -5.225
  -43400.0    -6.321
  -43300.0    -6.002
  -43200.0    -5.455
  -43100.0    -5.706
  -43000.0    -5.929
  -42900.0    -5.874
  -42800.0    -6.077
  -42700.0    -5.831
  -42600.0    -5.430
  -42500.0    -5.444
  -42400.0    -5.621
  -42300.0    -5.320
  -42200.0    -4.647
  -42100.0    -5.555
  -42000.0    -5.260
  -41900.0    -4.647
  -41800.0    -5.092
  -41700.0    -4.497
  -41600.0    -5.230
  -41500.0    -5.159
  -41400.0    -5.044
  -41300.0    -5.111
  -41200.0    -5.788
  -41100.0    -6.621
  -41000.0    -6.110
  -40900.0    -5.637
  -40800.0    -6.429
  -40700.0    -6.654
  -40600.0    -6.581
  -40500.0    -6.885
  -40400.0    -6.600
  -40300.0    -6.337
  -40200.0    -7.207
  -40100.0    -7.051
  -40000.0    -6.975
  -39900.0    -6.378
  -39800.0    -5.483
  -39700.0    -6.072
  -39600.0    -6.123
  -39500.0    -6.239
  -39400.0    -6.232
  -39300.0    -6.036
  -39200.0    -5.905
  -39100.0    -6.244
  -39000.0    -6.600
  -38900.0    -6.615
  -38800.0    -6.683
  -38700.0    -6.733
  -38600.0    -7.004
  -38500.0    -7.206
  -38400.0    -7.130
  -38300.0    -6.989
  -38200.0    -6.798
  -38100.0    -6.610
  -38000.0    -6.333
  -37900.0    -6.408
  -37800.0    -6.596
  -37700.0    -6.839
  -37600.0    -6.064
  -37500.0    -6.548
  -37400.0    -7.201
  -37300.0    -6.940
  -37200.0    -6.909
  -37100.0    -6.826
  -37000.0    -6.651
  -36900.0    -6.291
  -36800.0    -6.162
  -36700.0    -6.952
  -36600.0    -6.681
  -36500.0    -7.319
  -36400.0    -7.647
  -36300.0    -7.118
  -36200.0    -6.858
  -36100.0    -6.436
  -36000.0    -6.185
  -35900.0    -5.710
  -35800.0    -5.675
  -35700.0    -5.416
  -35600.0    -5.654
  -35500.0    -5.412
  -35400.0    -5.238
  -35300.0    -5.610
  -35200.0    -5.888
  -35100.0    -5.956
  -35000.0    -5.289
  -34900.0    -4.824
  -34800.0    -5.287
  -34700.0    -5.812
  -34600.0    -6.136
  -34500.0    -5.978
  -34400.0    -6.384
  -34300.0    -6.303
  -34200.0    -6.774
  -34100.0    -6.762
  -34000.0    -6.797
  -33900.0    -7.375
  -33800.0    -7.185
  -33700.0    -7.133
  -33600.0    -7.400
  -33500.0    -7.550
  -33400.0    -7.135
  -33300.0    -7.306
  -33200.0    -7.608
  -33100.0    -7.614
  -33000.0    -7.440
  -32900.0    -7.369
  -32800.0    -7.533
  -32700.0    -6.678
  -32600.0    -6.702
  -32500.0    -7.330
  -32400.0    -7.241
  -32300.0    -6.610
  -32200.0    -7.321
  -32100.0    -6.919
  -32000.0    -6.747
  -31900.0    -6.760
  -31800.0    -7.192
  -31700.0    -7.589
  -31600.0    -8.139
  -31500.0    -8.110
  -31400.0    -7.806
  -31300.0    -7.651
  -31200.0    -7.900
  -31100.0    -8.049
  -31000.0    -7.989
  -30900.0    -7.767
  -30800.0    -7.322
  -30700.0    -7.420
  -30600.0    -7.549
  -30500.0    -7.690
  -30400.0    -7.813
  -30300.0    -7.710
  -30200.0    -7.015
  -30100.0    -7.313
  -30000.0    -8.166
  -29900.0    -8.365
  -29800.0    -8.570
  -29700.0    -8.374
  -29600.0    -8.363
  -29500.0    -8.339
  -29400.0    -7.989
  -29300.0    -7.690
  -29200.0    -7.359
  -29100.0    -7.034
  -29000.0    -6.697
  -28900.0    -6.810
  -28800.0    -7.283
  -28700.0    -7.697
  -28600.0    -8.109
  -28500.0    -8.526
  -28400.0    -8.755
  -28300.0    -7.841
  -28200.0    -7.541
  -28100.0    -7.858
  -28000.0    -8.075
  -27900.0    -8.287
  -27800.0    -8.575
  -27700.0    -8.588
  -27600.0    -8.013
  -27500.0    -7.971
  -27400.0    -8.543
  -27300.0    -8.807
  -27200.0    -9.023
  -27100.0    -9.001
  -27000.0    -8.487
  -26900.0    -7.698
  -26800.0    -7.618
  -26700.0    -8.035
  -26600.0    -8.093
  -26500.0    -8.033
  -26400.0    -7.742
  -26300.0    -7.385
  -26200.0    -7.134
  -26100.0    -7.477
  -26000.0    -7.428
  -25900.0    -7.286
  -25800.0    -7.064
  -25700.0    -7.035
  -25600.0    -7.805
  -25500.0    -8.231
  -25400.0    -8.099
  -25300.0    -7.695
  -25200.0    -7.816
  -25100.0    -8.007
  -25000.0    -8.046
  -24900.0    -7.202
  -24800.0    -7.156
  -24700.0    -7.500
  -24600.0    -7.479
  -24500.0    -7.841
  -24400.0    -9.158
  -24300.0    -9.016
  -24200.0    -7.937
  -24100.0    -8.038
  -24000.0    -8.294
  -23900.0    -8.519
  -23800.0    -8.638
  -23700.0    -8.655
  -23600.0    -8.337
  -23500.0    -7.754
  -23400.0    -8.653
  -23300.0    -9.008
  -23200.0    -8.850
  -23100.0    -8.700
  -23000.0    -8.087
  -22900.0    -7.907
  -22800.0    -8.601
  -22700.0    -8.493
  -22600.0    -8.431
  -22500.0    -8.321
  -22400.0    -8.363
  -22300.0    -8.764
  -22200.0    -8.832
  -22100.0    -8.375
  -22000.0    -8.115
  -21900.0    -8.212
  -21800.0    -8.340
  -21700.0    -7.763
  -21600.0    -7.366
  -21500.0    -7.876
  -21400.0    -8.079
  -21300.0    -7.924
  -21200.0    -7.910
  -21100.0    -7.945
  -21000.0    -8.133
  -20900.0    -8.034
  -20800.0    -7.870
  -20700.0    -7.952
  -20600.0    -8.042
  -20500.0    -8.037
  -20400.0    -8.120
  -20300.0    -7.930
  -20200.0    -7.517
  -20100.0    -7.829
  -20000.0    -7.681
  -19900.0    -8.444
  -19800.0    -8.536
  -19700.0    -8.708
  -19600.0    -8.413
  -19500.0    -8.019
  -19400.0    -7.552
  -19300.0    -7.742
  -19200.0    -8.027
  -19100.0    -8.270
  -19000.0    -7.931
  -18900.0    -7.484
  -18800.0    -8.326
  -18700.0    -8.727
  -18600.0    -8.433
  -18500.0    -8.359
  -18400.0    -7.775
  -18300.0    -7.849
  -18200.0    -8.166
  -18100.0    -8.614
  -18000.0    -7.980
  -17900.0    -7.696
  -17800.0    -7.808
  -17700.0    -7.840
  -17600.0    -7.707
  -17500.0    -7.991
  -17400.0    -8.230
  -17300.0    -7.457
  -17200.0    -7.550
  -17100.0    -7.768
  -17000.0    -8.405
  -16900.0    -8.410
  -16800.0    -7.429
  -16700.0    -7.093
  -16600.0    -6.821
  -16500.0    -6.743
  -16400.0    -6.898
  -16300.0    -6.819
  -16200.0    -6.335
  -16100.0    -5.927
  -16000.0    -5.909
  -15900.0    -6.055
  -15800.0    -5.214
  -15700.0    -5.570
  -15600.0    -5.490
  -15500.0    -5.706
  -15400.0    -4.892
  -15300.0    -4.810
  -15200.0    -5.211
  -15100.0    -5.327
  -15000.0    -4.466
  -14900.0    -4.686
  -14800.0    -4.284
  -14700.0    -3.897
  -14600.0    -4.326
  -14500.0    -3.637
  -14400.0    -4.118
  -14300.0    -3.666
  -14200.0    -3.244
  -14100.0    -2.807
  -14000.0    -2.365
  -13900.0    -2.196
  -13800.0    -2.031
  -13700.0    -3.069
  -13600.0    -3.570
  -13500.0    -4.271
  -13400.0    -3.513
  -13300.0    -3.158
  -13200.0    -3.644
  -13100.0    -3.778
  -13000.0    -3.694
  -12900.0    -3.456
  -12800.0    -3.283
  -12700.0    -3.877
  -12600.0    -4.322
  -12500.0    -3.713
  -12400.0    -3.863
  -12300.0    -4.167
  -12200.0    -2.877
  -12100.0    -3.037
  -12000.0    -2.443
  -11900.0    -2.724
  -11800.0    -2.340
  -11700.0    -1.865
  -11600.0    -1.583
  -11500.0    -1.358
  -11400.0    -0.938
  -11300.0    -0.407
  -11200.0     0.659
  -11100.0     0.090
  -11000.0    -0.238
  -10900.0    -0.240
  -10800.0    -0.354
  -10700.0    -0.822
  -10600.0    -0.866
  -10500.0    -0.796
  -10400.0    -0.509
  -10300.0    -1.060
  -10200.0     0.556
  -10100.0    -0.641
  -10000.0    -0.504
   -9900.0    -0.296
   -9800.0    -0.843
   -9700.0    -0.681
   -9600.0     0.548
   -9500.0    -0.144
   -9400.0    -0.837
   -9300.0     0.013
   -9200.0    -0.170
   -9100.0    -0.582
   -9000.0    -0.561
   -8900.0    -0.479
   -8800.0    -0.669
   -8700.0     0.073
   -8600.0    -0.705
   -8500.0    -0.616
   -8400.0    -0.186
   -8300.0    -0.667
   -8200.0    -0.291
   -8100.0     0.731
   -8000.0    -0.552
   -7900.0    -0.908
   -7800.0    -0.577
   -7700.0    -0.076
   -7600.0    -0.001
   -7500.0    -0.059
   -7400.0    -0.727
   -7300.0    -0.186
   -7200.0     0.035
   -7100.0    -0.975
   -7000.0    -0.829
   -6900.0    -0.833
   -6800.0    -1.108
   -6700.0     0.024
   -6600.0    -0.315
   -6500.0    -0.315
   -6400.0    -1.596
   -6300.0     0.148
   -6200.0    -0.292
   -6100.0     0.319
   -6000.0    -0.721
   -5900.0     0.451
   -5800.0    -0.263
   -5700.0    -0.108
   -5600.0     0.076
   -5500.0     0.129
   -5400.0     0.518
   -5300.0     0.131
   -5200.0    -0.337
   -5100.0     0.291
   -5000.0    -0.567
   -4900.0    -1.100
   -4800.0     0.325
   -4700.0    -0.907
   -4600.0     0.145
   -4500.0     1.138
   -4400.0     1.122
   -4300.0     0.655
   -4200.0    -1.008
   -4100.0    -0.892
   -4000.0    -0.734
   -3900.0    -0.092
   -3800.0    -0.650
   -3700.0     0.484
   -3600.0     0.235
   -3500.0    -0.661
   -3400.0     0.029
   -3300.0    -0.552
   -3200.0     0.156
   -3100.0    -0.465
   -3000.0    -1.167
   -2900.0    -0.693
   -2800.0    -0.817
   -2700.0    -0.785
   -2600.0    -1.096
   -2500.0     0.288
   -2400.0    -0.966
   -2300.0     0.874
   -2200.0    -0.849
   -2100.0    -0.546
   -2000.0    -0.456
   -1900.0    -0.386
   -1800.0    -1.258
   -1700.0    -0.848
   -1600.0    -1.180
   -1500.0    -0.513
   -1400.0    -0.133
   -1300.0    -1.209
   -1200.0    -0.451
   -1100.0    -0.633
   -1000.0    -0.740
    -900.0    -0.369
    -800.0    -0.028
    -700.0    -1.362
    -600.0    -0.697
    -500.0    -1.193
    -400.0     1.297
    -300.0    -0.278
    -200.0    -0.152
    -100.0    -0.023
       0.0     0.000
