#  -405000  100  0
 -405000.0     0.027
 -404900.0     0.030
 -404800.0     0.032
 -404700.0     0.034
 -404600.0     0.036
 -404500.0     0.037
 -404400.0     0.039
 -404300.0     0.041
 -404200.0     0.044
 -404100.0     0.048
 -404000.0     0.052
 -403900.0     0.058
 -403800.0     0.064
 -403700.0     0.073
 -403600.0     0.082
 -403500.0     0.091
 -403400.0     0.100
 -403300.0     0.108
 -403200.0     0.115
 -403100.0     0.121
 -403000.0     0.126
 -402900.0     0.129
 -402800.0     0.132
 -402700.0     0.135
 -402600.0     0.137
 -402500.0     0.139
 -402400.0     0.139
 -402300.0     0.139
 -402200.0     0.138
 -402100.0     0.136
 -402000.0     0.132
 -401900.0     0.128
 -401800.0     0.124
 -401700.0     0.121
 -401600.0     0.118
 -401500.0     0.117
 -401400.0     0.117
 -401300.0     0.119
 -401200.0     0.122
 -401100.0     0.128
 -401000.0     0.135
 -400900.0     0.144
 -400800.0     0.153
 -400700.0     0.162
 -400600.0     0.170
 -400500.0     0.175
 -400400.0     0.178
 -400300.0     0.180
 -400200.0     0.180
 -400100.0     0.180
 -400000.0     0.179
 -399900.0     0.179
 -399800.0     0.179
 -399700.0     0.179
 -399600.0     0.180
 -399500.0     0.180
 -399400.0     0.180
 -399300.0     0.180
 -399200.0     0.180
 -399100.0     0.180
 -399000.0     0.182
 -398900.0     0.184
 -398800.0     0.187
 -398700.0     0.191
 -398600.0     0.196
 -398500.0     0.202
 -398400.0     0.207
 -398300.0     0.213
 -398200.0     0.218
 -398100.0     0.223
 -398000.0     0.227
 -397900.0     0.231
 -397800.0     0.233
 -397700.0     0.234
 -397600.0     0.234
 -397500.0     0.235
 -397400.0     0.236
 -397300.0     0.239
 -397200.0     0.243
 -397100.0     0.249
 -397000.0     0.256
 -396900.0     0.263
 -396800.0     0.270
 -396700.0     0.277
 -396600.0     0.282
 -396500.0     0.287
 -396400.0     0.291
 -396300.0     0.295
 -396200.0     0.301
 -396100.0     0.308
 -396000.0     0.317
 -395900.0     0.328
 -395800.0     0.340
 -395700.0     0.353
 -395600.0     0.367
 -395500.0     0.381
 -395400.0     0.395
 -395300.0     0.409
 -395200.0     0.423
 -395100.0     0.438
 -395000.0     0.452
 -394900.0     0.467
 -394800.0     0.482
 -394700.0     0.496
 -394600.0     0.510
 -394500.0     0.524
 -394400.0     0.536
 -394300.0     0.548
 -394200.0     0.558
 -394100.0     0.567
 -394000.0     0.574
 -393900.0     0.580
 -393800.0     0.585
 -393700.0     0.588
 -393600.0     0.590
 -393500.0     0.591
 -393400.0     0.591
 -393300.0     0.590
 -393200.0     0.588
 -393100.0     0.585
 -393000.0     0.581
 -392900.0     0.577
 -392800.0     0.572
 -392700.0     0.567
 -392600.0     0.564
 -392500.0     0.562
 -392400.0     0.562
 -392300.0     0.565
 -392200.0     0.571
 -392100.0     0.579
 -392000.0     0.588
 -391900.0     0.597
 -391800.0     0.605
 -391700.0     0.610
 -391600.0     0.612
 -391500.0     0.611
 -391400.0     0.608
 -391300.0     0.603
 -391200.0     0.597
 -391100.0     0.591
 -391000.0     0.585
 -390900.0     0.582
 -390800.0     0.579
 -390700.0     0.578
 -390600.0     0.578
 -390500.0     0.580
 -390400.0     0.582
 -390300.0     0.585
 -390200.0     0.588
 -390100.0     0.591
 -390000.0     0.594
 -389900.0     0.595
 -389800.0     0.596
 -389700.0     0.594
 -389600.0     0.590
 -389500.0     0.585
 -389400.0     0.578
 -389300.0     0.570
 -389200.0     0.563
 -389100.0     0.556
 -389000.0     0.550
 -388900.0     0.546
 -388800.0     0.543
 -388700.0     0.542
 -388600.0     0.543
 -388500.0     0.546
 -388400.0     0.550
 -388300.0     0.556
 -388200.0     0.563
 -388100.0     0.571
 -388000.0     0.578
 -387900.0     0.585
 -387800.0     0.590
 -387700.0     0.593
 -387600.0     0.594
 -387500.0     0.595
 -387400.0     0.595
 -387300.0     0.595
 -387200.0     0.596
 -387100.0     0.598
 -387000.0     0.601
 -386900.0     0.605
 -386800.0     0.609
 -386700.0     0.613
 -386600.0     0.616
 -386500.0     0.617
 -386400.0     0.617
 -386300.0     0.615
 -386200.0     0.611
 -386100.0     0.605
 -386000.0     0.597
 -385900.0     0.586
 -385800.0     0.573
 -385700.0     0.557
 -385600.0     0.541
 -385500.0     0.525
 -385400.0     0.510
 -385300.0     0.497
 -385200.0     0.487
 -385100.0     0.479
 -385000.0     0.472
 -384900.0     0.465
 -384800.0     0.457
 -384700.0     0.447
 -384600.0     0.434
 -384500.0     0.418
 -384400.0     0.401
 -384300.0     0.382
 -384200.0     0.362
 -384100.0     0.342
 -384000.0     0.321
 -383900.0     0.303
 -383800.0     0.287
 -383700.0     0.277
 -383600.0     0.272
 -383500.0     0.273
 -383400.0     0.278
 -383300.0     0.286
 -383200.0     0.293
 -383100.0     0.299
 -383000.0     0.302
 -382900.0     0.304
 -382800.0     0.307
 -382700.0     0.312
 -382600.0     0.321
 -382500.0     0.336
 -382400.0     0.353
 -382300.0     0.372
 -382200.0     0.390
 -382100.0     0.406
 -382000.0     0.418
 -381900.0     0.426
 -381800.0     0.432
 -381700.0     0.437
 -381600.0     0.440
 -381500.0     0.444
 -381400.0     0.449
 -381300.0     0.454
 -381200.0     0.459
 -381100.0     0.465
 -381000.0     0.472
 -380900.0     0.478
 -380800.0     0.485
 -380700.0     0.492
 -380600.0     0.500
 -380500.0     0.507
 -380400.0     0.513
 -380300.0     0.520
 -380200.0     0.525
 -380100.0     0.529
 -380000.0     0.532
 -379900.0     0.533
 -379800.0     0.532
 -379700.0     0.529
 -379600.0     0.524
 -379500.0     0.519
 -379400.0     0.512
 -379300.0     0.506
 -379200.0     0.499
 -379100.0     0.493
 -379000.0     0.487
 -378900.0     0.480
 -378800.0     0.473
 -378700.0     0.465
 -378600.0     0.456
 -378500.0     0.446
 -378400.0     0.434
 -378300.0     0.420
 -378200.0     0.405
 -378100.0     0.386
 -378000.0     0.368
 -377900.0     0.350
 -377800.0     0.336
 -377700.0     0.326
 -377600.0     0.323
 -377500.0     0.325
 -377400.0     0.332
 -377300.0     0.343
 -377200.0     0.358
 -377100.0     0.374
 -377000.0     0.392
 -376900.0     0.410
 -376800.0     0.428
 -376700.0     0.443
 -376600.0     0.456
 -376500.0     0.466
 -376400.0     0.475
 -376300.0     0.484
 -376200.0     0.493
 -376100.0     0.502
 -376000.0     0.513
 -375900.0     0.525
 -375800.0     0.536
 -375700.0     0.546
 -375600.0     0.555
 -375500.0     0.562
 -375400.0     0.567
 -375300.0     0.570
 -375200.0     0.573
 -375100.0     0.574
 -375000.0     0.575
 -374900.0     0.575
 -374800.0     0.576
 -374700.0     0.576
 -374600.0     0.578
 -374500.0     0.581
 -374400.0     0.586
 -374300.0     0.591
 -374200.0     0.598
 -374100.0     0.605
 -374000.0     0.612
 -373900.0     0.619
 -373800.0     0.624
 -373700.0     0.629
 -373600.0     0.634
 -373500.0     0.638
 -373400.0     0.642
 -373300.0     0.645
 -373200.0     0.649
 -373100.0     0.653
 -373000.0     0.658
 -372900.0     0.663
 -372800.0     0.668
 -372700.0     0.675
 -372600.0     0.682
 -372500.0     0.690
 -372400.0     0.698
 -372300.0     0.706
 -372200.0     0.714
 -372100.0     0.722
 -372000.0     0.730
 -371900.0     0.735
 -371800.0     0.738
 -371700.0     0.738
 -371600.0     0.733
 -371500.0     0.723
 -371400.0     0.708
 -371300.0     0.690
 -371200.0     0.670
 -371100.0     0.651
 -371000.0     0.633
 -370900.0     0.619
 -370800.0     0.608
 -370700.0     0.601
 -370600.0     0.597
 -370500.0     0.594
 -370400.0     0.592
 -370300.0     0.590
 -370200.0     0.588
 -370100.0     0.586
 -370000.0     0.581
 -369900.0     0.575
 -369800.0     0.565
 -369700.0     0.553
 -369600.0     0.539
 -369500.0     0.524
 -369400.0     0.507
 -369300.0     0.491
 -369200.0     0.475
 -369100.0     0.460
 -369000.0     0.449
 -368900.0     0.442
 -368800.0     0.440
 -368700.0     0.444
 -368600.0     0.452
 -368500.0     0.463
 -368400.0     0.477
 -368300.0     0.491
 -368200.0     0.505
 -368100.0     0.518
 -368000.0     0.530
 -367900.0     0.538
 -367800.0     0.543
 -367700.0     0.545
 -367600.0     0.543
 -367500.0     0.540
 -367400.0     0.535
 -367300.0     0.531
 -367200.0     0.527
 -367100.0     0.525
 -367000.0     0.525
 -366900.0     0.525
 -366800.0     0.528
 -366700.0     0.532
 -366600.0     0.538
 -366500.0     0.545
 -366400.0     0.551
 -366300.0     0.558
 -366200.0     0.564
 -366100.0     0.569
 -366000.0     0.574
 -365900.0     0.580
 -365800.0     0.586
 -365700.0     0.593
 -365600.0     0.602
 -365500.0     0.611
 -365400.0     0.621
 -365300.0     0.632
 -365200.0     0.643
 -365100.0     0.653
 -365000.0     0.663
 -364900.0     0.671
 -364800.0     0.676
 -364700.0     0.678
 -364600.0     0.677
 -364500.0     0.672
 -364400.0     0.664
 -364300.0     0.655
 -364200.0     0.646
 -364100.0     0.636
 -364000.0     0.629
 -363900.0     0.623
 -363800.0     0.620
 -363700.0     0.620
 -363600.0     0.623
 -363500.0     0.631
 -363400.0     0.642
 -363300.0     0.655
 -363200.0     0.666
 -363100.0     0.674
 -363000.0     0.678
 -362900.0     0.676
 -362800.0     0.671
 -362700.0     0.663
 -362600.0     0.653
 -362500.0     0.644
 -362400.0     0.636
 -362300.0     0.631
 -362200.0     0.627
 -362100.0     0.627
 -362000.0     0.631
 -361900.0     0.638
 -361800.0     0.648
 -361700.0     0.659
 -361600.0     0.670
 -361500.0     0.678
 -361400.0     0.682
 -361300.0     0.682
 -361200.0     0.679
 -361100.0     0.673
 -361000.0     0.666
 -360900.0     0.660
 -360800.0     0.656
 -360700.0     0.653
 -360600.0     0.650
 -360500.0     0.647
 -360400.0     0.644
 -360300.0     0.640
 -360200.0     0.635
 -360100.0     0.631
 -360000.0     0.630
 -359900.0     0.631
 -359800.0     0.637
 -359700.0     0.648
 -359600.0     0.661
 -359500.0     0.676
 -359400.0     0.690
 -359300.0     0.703
 -359200.0     0.713
 -359100.0     0.720
 -359000.0     0.725
 -358900.0     0.727
 -358800.0     0.725
 -358700.0     0.722
 -358600.0     0.716
 -358500.0     0.710
 -358400.0     0.704
 -358300.0     0.699
 -358200.0     0.697
 -358100.0     0.698
 -358000.0     0.701
 -357900.0     0.706
 -357800.0     0.712
 -357700.0     0.719
 -357600.0     0.728
 -357500.0     0.736
 -357400.0     0.745
 -357300.0     0.754
 -357200.0     0.763
 -357100.0     0.771
 -357000.0     0.779
 -356900.0     0.785
 -356800.0     0.790
 -356700.0     0.791
 -356600.0     0.790
 -356500.0     0.786
 -356400.0     0.779
 -356300.0     0.772
 -356200.0     0.765
 -356100.0     0.759
 -356000.0     0.757
 -355900.0     0.758
 -355800.0     0.761
 -355700.0     0.766
 -355600.0     0.772
 -355500.0     0.779
 -355400.0     0.786
 -355300.0     0.793
 -355200.0     0.799
 -355100.0     0.804
 -355000.0     0.808
 -354900.0     0.810
 -354800.0     0.811
 -354700.0     0.811
 -354600.0     0.812
 -354500.0     0.812
 -354400.0     0.815
 -354300.0     0.819
 -354200.0     0.824
 -354100.0     0.830
 -354000.0     0.835
 -353900.0     0.840
 -353800.0     0.843
 -353700.0     0.844
 -353600.0     0.844
 -353500.0     0.843
 -353400.0     0.842
 -353300.0     0.842
 -353200.0     0.842
 -353100.0     0.844
 -353000.0     0.845
 -352900.0     0.847
 -352800.0     0.848
 -352700.0     0.848
 -352600.0     0.847
 -352500.0     0.845
 -352400.0     0.842
 -352300.0     0.839
 -352200.0     0.836
 -352100.0     0.833
 -352000.0     0.830
 -351900.0     0.828
 -351800.0     0.827
 -351700.0     0.826
 -351600.0     0.827
 -351500.0     0.827
 -351400.0     0.829
 -351300.0     0.831
 -351200.0     0.832
 -351100.0     0.834
 -351000.0     0.835
 -350900.0     0.835
 -350800.0     0.835
 -350700.0     0.835
 -350600.0     0.834
 -350500.0     0.834
 -350400.0     0.834
 -350300.0     0.835
 -350200.0     0.835
 -350100.0     0.834
 -350000.0     0.832
 -349900.0     0.830
 -349800.0     0.825
 -349700.0     0.820
 -349600.0     0.814
 -349500.0     0.807
 -349400.0     0.799
 -349300.0     0.791
 -349200.0     0.783
 -349100.0     0.777
 -349000.0     0.771
 -348900.0     0.767
 -348800.0     0.766
 -348700.0     0.766
 -348600.0     0.767
 -348500.0     0.769
 -348400.0     0.770
 -348300.0     0.769
 -348200.0     0.768
 -348100.0     0.765
 -348000.0     0.761
 -347900.0     0.758
 -347800.0     0.754
 -347700.0     0.751
 -347600.0     0.749
 -347500.0     0.747
 -347400.0     0.746
 -347300.0     0.746
 -347200.0     0.746
 -347100.0     0.746
 -347000.0     0.747
 -346900.0     0.747
 -346800.0     0.747
 -346700.0     0.746
 -346600.0     0.745
 -346500.0     0.743
 -346400.0     0.740
 -346300.0     0.738
 -346200.0     0.735
 -346100.0     0.732
 -346000.0     0.729
 -345900.0     0.727
 -345800.0     0.726
 -345700.0     0.725
 -345600.0     0.725
 -345500.0     0.723
 -345400.0     0.721
 -345300.0     0.717
 -345200.0     0.712
 -345100.0     0.706
 -345000.0     0.702
 -344900.0     0.701
 -344800.0     0.704
 -344700.0     0.712
 -344600.0     0.723
 -344500.0     0.734
 -344400.0     0.743
 -344300.0     0.749
 -344200.0     0.751
 -344100.0     0.749
 -344000.0     0.745
 -343900.0     0.740
 -343800.0     0.736
 -343700.0     0.732
 -343600.0     0.729
 -343500.0     0.727
 -343400.0     0.725
 -343300.0     0.725
 -343200.0     0.725
 -343100.0     0.724
 -343000.0     0.723
 -342900.0     0.720
 -342800.0     0.716
 -342700.0     0.709
 -342600.0     0.702
 -342500.0     0.695
 -342400.0     0.690
 -342300.0     0.687
 -342200.0     0.685
 -342100.0     0.684
 -342000.0     0.684
 -341900.0     0.683
 -341800.0     0.682
 -341700.0     0.682
 -341600.0     0.683
 -341500.0     0.687
 -341400.0     0.694
 -341300.0     0.704
 -341200.0     0.717
 -341100.0     0.732
 -341000.0     0.749
 -340900.0     0.765
 -340800.0     0.782
 -340700.0     0.796
 -340600.0     0.806
 -340500.0     0.812
 -340400.0     0.812
 -340300.0     0.807
 -340200.0     0.799
 -340100.0     0.789
 -340000.0     0.779
 -339900.0     0.770
 -339800.0     0.764
 -339700.0     0.760
 -339600.0     0.759
 -339500.0     0.762
 -339400.0     0.770
 -339300.0     0.781
 -339200.0     0.792
 -339100.0     0.802
 -339000.0     0.809
 -338900.0     0.812
 -338800.0     0.811
 -338700.0     0.807
 -338600.0     0.802
 -338500.0     0.796
 -338400.0     0.790
 -338300.0     0.785
 -338200.0     0.781
 -338100.0     0.781
 -338000.0     0.783
 -337900.0     0.789
 -337800.0     0.796
 -337700.0     0.803
 -337600.0     0.809
 -337500.0     0.811
 -337400.0     0.809
 -337300.0     0.805
 -337200.0     0.800
 -337100.0     0.798
 -337000.0     0.798
 -336900.0     0.801
 -336800.0     0.805
 -336700.0     0.809
 -336600.0     0.811
 -336500.0     0.810
 -336400.0     0.806
 -336300.0     0.801
 -336200.0     0.797
 -336100.0     0.795
 -336000.0     0.797
 -335900.0     0.802
 -335800.0     0.809
 -335700.0     0.818
 -335600.0     0.827
 -335500.0     0.836
 -335400.0     0.843
 -335300.0     0.850
 -335200.0     0.855
 -335100.0     0.859
 -335000.0     0.862
 -334900.0     0.864
 -334800.0     0.865
 -334700.0     0.866
 -334600.0     0.866
 -334500.0     0.866
 -334400.0     0.865
 -334300.0     0.865
 -334200.0     0.866
 -334100.0     0.867
 -334000.0     0.869
 -333900.0     0.872
 -333800.0     0.875
 -333700.0     0.877
 -333600.0     0.878
 -333500.0     0.878
 -333400.0     0.875
 -333300.0     0.871
 -333200.0     0.866
 -333100.0     0.858
 -333000.0     0.848
 -332900.0     0.836
 -332800.0     0.823
 -332700.0     0.809
 -332600.0     0.793
 -332500.0     0.778
 -332400.0     0.762
 -332300.0     0.746
 -332200.0     0.730
 -332100.0     0.714
 -332000.0     0.699
 -331900.0     0.684
 -331800.0     0.671
 -331700.0     0.659
 -331600.0     0.648
 -331500.0     0.639
 -331400.0     0.633
 -331300.0     0.629
 -331200.0     0.628
 -331100.0     0.628
 -331000.0     0.626
 -330900.0     0.621
 -330800.0     0.609
 -330700.0     0.593
 -330600.0     0.576
 -330500.0     0.561
 -330400.0     0.551
 -330300.0     0.545
 -330200.0     0.541
 -330100.0     0.536
 -330000.0     0.529
 -329900.0     0.519
 -329800.0     0.509
 -329700.0     0.499
 -329600.0     0.489
 -329500.0     0.480
 -329400.0     0.470
 -329300.0     0.457
 -329200.0     0.441
 -329100.0     0.424
 -329000.0     0.408
 -328900.0     0.396
 -328800.0     0.387
 -328700.0     0.380
 -328600.0     0.372
 -328500.0     0.362
 -328400.0     0.351
 -328300.0     0.337
 -328200.0     0.322
 -328100.0     0.308
 -328000.0     0.295
 -327900.0     0.287
 -327800.0     0.283
 -327700.0     0.281
 -327600.0     0.279
 -327500.0     0.273
 -327400.0     0.267
 -327300.0     0.263
 -327200.0     0.264
 -327100.0     0.266
 -327000.0     0.265
 -326900.0     0.254
 -326800.0     0.233
 -326700.0     0.206
 -326600.0     0.178
 -326500.0     0.150
 -326400.0     0.122
 -326300.0     0.092
 -326200.0     0.061
 -326100.0     0.035
 -326000.0     0.018
 -325900.0     0.007
 -325800.0    -0.004
 -325700.0    -0.021
 -325600.0    -0.048
 -325500.0    -0.086
 -325400.0    -0.130
 -325300.0    -0.168
 -325200.0    -0.185
 -325100.0    -0.189
 -325000.0    -0.192
 -324900.0    -0.204
 -324800.0    -0.219
 -324700.0    -0.235
 -324600.0    -0.251
 -324500.0    -0.267
 -324400.0    -0.282
 -324300.0    -0.296
 -324200.0    -0.308
 -324100.0    -0.313
 -324000.0    -0.311
 -323900.0    -0.310
 -323800.0    -0.316
 -323700.0    -0.326
 -323600.0    -0.336
 -323500.0    -0.342
 -323400.0    -0.342
 -323300.0    -0.338
 -323200.0    -0.335
 -323100.0    -0.335
 -323000.0    -0.338
 -322900.0    -0.344
 -322800.0    -0.350
 -322700.0    -0.353
 -322600.0    -0.342
 -322500.0    -0.320
 -322400.0    -0.306
 -322300.0    -0.308
 -322200.0    -0.311
 -322100.0    -0.305
 -322000.0    -0.289
 -321900.0    -0.268
 -321800.0    -0.242
 -321700.0    -0.217
 -321600.0    -0.192
 -321500.0    -0.167
 -321400.0    -0.146
 -321300.0    -0.136
 -321200.0    -0.134
 -321100.0    -0.125
 -321000.0    -0.097
 -320900.0    -0.058
 -320800.0    -0.024
 -320700.0    -0.002
 -320600.0     0.010
 -320500.0     0.017
 -320400.0     0.019
 -320300.0     0.020
 -320200.0     0.019
 -320100.0     0.013
 -320000.0     0.002
 -319900.0    -0.011
 -319800.0    -0.021
 -319700.0    -0.025
 -319600.0    -0.026
 -319500.0    -0.024
 -319400.0    -0.019
 -319300.0    -0.014
 -319200.0    -0.007
 -319100.0    -0.001
 -319000.0     0.002
 -318900.0     0.001
 -318800.0    -0.008
 -318700.0    -0.018
 -318600.0    -0.021
 -318500.0    -0.014
 -318400.0    -0.003
 -318300.0     0.002
 -318200.0     0.003
 -318100.0     0.004
 -318000.0     0.007
 -317900.0     0.015
 -317800.0     0.028
 -317700.0     0.041
 -317600.0     0.049
 -317500.0     0.049
 -317400.0     0.042
 -317300.0     0.032
 -317200.0     0.023
 -317100.0     0.024
 -317000.0     0.031
 -316900.0     0.036
 -316800.0     0.032
 -316700.0     0.023
 -316600.0     0.015
 -316500.0     0.014
 -316400.0     0.023
 -316300.0     0.039
 -316200.0     0.054
 -316100.0     0.058
 -316000.0     0.054
 -315900.0     0.049
 -315800.0     0.049
 -315700.0     0.052
 -315600.0     0.056
 -315500.0     0.063
 -315400.0     0.076
 -315300.0     0.092
 -315200.0     0.105
 -315100.0     0.110
 -315000.0     0.109
 -314900.0     0.108
 -314800.0     0.112
 -314700.0     0.119
 -314600.0     0.130
 -314500.0     0.140
 -314400.0     0.146
 -314300.0     0.148
 -314200.0     0.148
 -314100.0     0.150
 -314000.0     0.151
 -313900.0     0.150
 -313800.0     0.146
 -313700.0     0.145
 -313600.0     0.152
 -313500.0     0.165
 -313400.0     0.178
 -313300.0     0.188
 -313200.0     0.194
 -313100.0     0.197
 -313000.0     0.201
 -312900.0     0.210
 -312800.0     0.225
 -312700.0     0.242
 -312600.0     0.253
 -312500.0     0.255
 -312400.0     0.256
 -312300.0     0.260
 -312200.0     0.266
 -312100.0     0.268
 -312000.0     0.259
 -311900.0     0.247
 -311800.0     0.242
 -311700.0     0.245
 -311600.0     0.252
 -311500.0     0.257
 -311400.0     0.259
 -311300.0     0.261
 -311200.0     0.265
 -311100.0     0.272
 -311000.0     0.280
 -310900.0     0.290
 -310800.0     0.300
 -310700.0     0.311
 -310600.0     0.322
 -310500.0     0.333
 -310400.0     0.346
 -310300.0     0.356
 -310200.0     0.363
 -310100.0     0.365
 -310000.0     0.367
 -309900.0     0.373
 -309800.0     0.384
 -309700.0     0.397
 -309600.0     0.408
 -309500.0     0.414
 -309400.0     0.418
 -309300.0     0.419
 -309200.0     0.420
 -309100.0     0.421
 -309000.0     0.423
 -308900.0     0.427
 -308800.0     0.431
 -308700.0     0.435
 -308600.0     0.440
 -308500.0     0.447
 -308400.0     0.456
 -308300.0     0.469
 -308200.0     0.482
 -308100.0     0.496
 -308000.0     0.507
 -307900.0     0.512
 -307800.0     0.510
 -307700.0     0.504
 -307600.0     0.500
 -307500.0     0.500
 -307400.0     0.506
 -307300.0     0.517
 -307200.0     0.532
 -307100.0     0.546
 -307000.0     0.556
 -306900.0     0.558
 -306800.0     0.557
 -306700.0     0.561
 -306600.0     0.574
 -306500.0     0.590
 -306400.0     0.604
 -306300.0     0.608
 -306200.0     0.604
 -306100.0     0.595
 -306000.0     0.584
 -305900.0     0.574
 -305800.0     0.565
 -305700.0     0.555
 -305600.0     0.545
 -305500.0     0.532
 -305400.0     0.515
 -305300.0     0.494
 -305200.0     0.476
 -305100.0     0.464
 -305000.0     0.457
 -304900.0     0.452
 -304800.0     0.445
 -304700.0     0.435
 -304600.0     0.423
 -304500.0     0.408
 -304400.0     0.391
 -304300.0     0.371
 -304200.0     0.351
 -304100.0     0.335
 -304000.0     0.326
 -303900.0     0.321
 -303800.0     0.313
 -303700.0     0.296
 -303600.0     0.269
 -303500.0     0.235
 -303400.0     0.203
 -303300.0     0.190
 -303200.0     0.200
 -303100.0     0.219
 -303000.0     0.230
 -302900.0     0.238
 -302800.0     0.258
 -302700.0     0.297
 -302600.0     0.341
 -302500.0     0.379
 -302400.0     0.399
 -302300.0     0.394
 -302200.0     0.361
 -302100.0     0.317
 -302000.0     0.281
 -301900.0     0.266
 -301800.0     0.279
 -301700.0     0.318
 -301600.0     0.355
 -301500.0     0.360
 -301400.0     0.338
 -301300.0     0.318
 -301200.0     0.325
 -301100.0     0.341
 -301000.0     0.346
 -300900.0     0.335
 -300800.0     0.324
 -300700.0     0.326
 -300600.0     0.335
 -300500.0     0.347
 -300400.0     0.355
 -300300.0     0.356
 -300200.0     0.350
 -300100.0     0.340
 -300000.0     0.335
 -299900.0     0.339
 -299800.0     0.347
 -299700.0     0.358
 -299600.0     0.370
 -299500.0     0.380
 -299400.0     0.388
 -299300.0     0.399
 -299200.0     0.417
 -299100.0     0.434
 -299000.0     0.441
 -298900.0     0.431
 -298800.0     0.418
 -298700.0     0.419
 -298600.0     0.434
 -298500.0     0.456
 -298400.0     0.472
 -298300.0     0.483
 -298200.0     0.490
 -298100.0     0.494
 -298000.0     0.497
 -297900.0     0.500
 -297800.0     0.504
 -297700.0     0.511
 -297600.0     0.520
 -297500.0     0.529
 -297400.0     0.535
 -297300.0     0.534
 -297200.0     0.529
 -297100.0     0.525
 -297000.0     0.526
 -296900.0     0.532
 -296800.0     0.541
 -296700.0     0.551
 -296600.0     0.553
 -296500.0     0.541
 -296400.0     0.518
 -296300.0     0.496
 -296200.0     0.487
 -296100.0     0.490
 -296000.0     0.502
 -295900.0     0.519
 -295800.0     0.534
 -295700.0     0.542
 -295600.0     0.543
 -295500.0     0.541
 -295400.0     0.544
 -295300.0     0.551
 -295200.0     0.560
 -295100.0     0.569
 -295000.0     0.578
 -294900.0     0.584
 -294800.0     0.589
 -294700.0     0.598
 -294600.0     0.615
 -294500.0     0.639
 -294400.0     0.658
 -294300.0     0.660
 -294200.0     0.643
 -294100.0     0.620
 -294000.0     0.601
 -293900.0     0.590
 -293800.0     0.584
 -293700.0     0.580
 -293600.0     0.575
 -293500.0     0.570
 -293400.0     0.561
 -293300.0     0.542
 -293200.0     0.506
 -293100.0     0.455
 -293000.0     0.409
 -292900.0     0.384
 -292800.0     0.378
 -292700.0     0.377
 -292600.0     0.376
 -292500.0     0.383
 -292400.0     0.404
 -292300.0     0.434
 -292200.0     0.462
 -292100.0     0.482
 -292000.0     0.502
 -291900.0     0.523
 -291800.0     0.543
 -291700.0     0.555
 -291600.0     0.555
 -291500.0     0.545
 -291400.0     0.528
 -291300.0     0.512
 -291200.0     0.507
 -291100.0     0.522
 -291000.0     0.547
 -290900.0     0.567
 -290800.0     0.575
 -290700.0     0.583
 -290600.0     0.601
 -290500.0     0.627
 -290400.0     0.652
 -290300.0     0.665
 -290200.0     0.666
 -290100.0     0.655
 -290000.0     0.637
 -289900.0     0.617
 -289800.0     0.605
 -289700.0     0.605
 -289600.0     0.613
 -289500.0     0.625
 -289400.0     0.640
 -289300.0     0.656
 -289200.0     0.676
 -289100.0     0.695
 -289000.0     0.708
 -288900.0     0.713
 -288800.0     0.708
 -288700.0     0.693
 -288600.0     0.670
 -288500.0     0.646
 -288400.0     0.632
 -288300.0     0.629
 -288200.0     0.626
 -288100.0     0.611
 -288000.0     0.583
 -287900.0     0.559
 -287800.0     0.553
 -287700.0     0.563
 -287600.0     0.579
 -287500.0     0.594
 -287400.0     0.607
 -287300.0     0.621
 -287200.0     0.635
 -287100.0     0.648
 -287000.0     0.660
 -286900.0     0.668
 -286800.0     0.672
 -286700.0     0.670
 -286600.0     0.667
 -286500.0     0.667
 -286400.0     0.672
 -286300.0     0.681
 -286200.0     0.688
 -286100.0     0.693
 -286000.0     0.698
 -285900.0     0.702
 -285800.0     0.708
 -285700.0     0.716
 -285600.0     0.728
 -285500.0     0.744
 -285400.0     0.763
 -285300.0     0.784
 -285200.0     0.803
 -285100.0     0.814
 -285000.0     0.812
 -284900.0     0.804
 -284800.0     0.797
 -284700.0     0.795
 -284600.0     0.796
 -284500.0     0.793
 -284400.0     0.784
 -284300.0     0.767
 -284200.0     0.740
 -284100.0     0.705
 -284000.0     0.669
 -283900.0     0.638
 -283800.0     0.617
 -283700.0     0.606
 -283600.0     0.604
 -283500.0     0.607
 -283400.0     0.605
 -283300.0     0.595
 -283200.0     0.578
 -283100.0     0.557
 -283000.0     0.538
 -282900.0     0.529
 -282800.0     0.536
 -282700.0     0.554
 -282600.0     0.577
 -282500.0     0.600
 -282400.0     0.620
 -282300.0     0.633
 -282200.0     0.644
 -282100.0     0.658
 -282000.0     0.676
 -281900.0     0.694
 -281800.0     0.707
 -281700.0     0.713
 -281600.0     0.710
 -281500.0     0.698
 -281400.0     0.680
 -281300.0     0.661
 -281200.0     0.643
 -281100.0     0.624
 -281000.0     0.603
 -280900.0     0.585
 -280800.0     0.579
 -280700.0     0.591
 -280600.0     0.612
 -280500.0     0.637
 -280400.0     0.658
 -280300.0     0.675
 -280200.0     0.684
 -280100.0     0.682
 -280000.0     0.665
 -279900.0     0.636
 -279800.0     0.605
 -279700.0     0.583
 -279600.0     0.567
 -279500.0     0.551
 -279400.0     0.531
 -279300.0     0.511
 -279200.0     0.496
 -279100.0     0.487
 -279000.0     0.483
 -278900.0     0.483
 -278800.0     0.484
 -278700.0     0.485
 -278600.0     0.485
 -278500.0     0.485
 -278400.0     0.486
 -278300.0     0.490
 -278200.0     0.491
 -278100.0     0.480
 -278000.0     0.456
 -277900.0     0.436
 -277800.0     0.433
 -277700.0     0.432
 -277600.0     0.421
 -277500.0     0.402
 -277400.0     0.385
 -277300.0     0.371
 -277200.0     0.357
 -277100.0     0.340
 -277000.0     0.323
 -276900.0     0.312
 -276800.0     0.319
 -276700.0     0.344
 -276600.0     0.371
 -276500.0     0.389
 -276400.0     0.395
 -276300.0     0.390
 -276200.0     0.380
 -276100.0     0.372
 -276000.0     0.369
 -275900.0     0.373
 -275800.0     0.382
 -275700.0     0.394
 -275600.0     0.404
 -275500.0     0.404
 -275400.0     0.403
 -275300.0     0.415
 -275200.0     0.440
 -275100.0     0.452
 -275000.0     0.443
 -274900.0     0.431
 -274800.0     0.430
 -274700.0     0.431
 -274600.0     0.425
 -274500.0     0.416
 -274400.0     0.413
 -274300.0     0.417
 -274200.0     0.424
 -274100.0     0.437
 -274000.0     0.460
 -273900.0     0.486
 -273800.0     0.497
 -273700.0     0.487
 -273600.0     0.472
 -273500.0     0.469
 -273400.0     0.472
 -273300.0     0.474
 -273200.0     0.475
 -273100.0     0.476
 -273000.0     0.480
 -272900.0     0.487
 -272800.0     0.497
 -272700.0     0.512
 -272600.0     0.529
 -272500.0     0.535
 -272400.0     0.523
 -272300.0     0.505
 -272200.0     0.499
 -272100.0     0.511
 -272000.0     0.545
 -271900.0     0.589
 -271800.0     0.622
 -271700.0     0.631
 -271600.0     0.627
 -271500.0     0.625
 -271400.0     0.622
 -271300.0     0.610
 -271200.0     0.591
 -271100.0     0.578
 -271000.0     0.579
 -270900.0     0.591
 -270800.0     0.608
 -270700.0     0.625
 -270600.0     0.641
 -270500.0     0.652
 -270400.0     0.655
 -270300.0     0.649
 -270200.0     0.647
 -270100.0     0.662
 -270000.0     0.689
 -269900.0     0.711
 -269800.0     0.719
 -269700.0     0.720
 -269600.0     0.720
 -269500.0     0.722
 -269400.0     0.729
 -269300.0     0.739
 -269200.0     0.746
 -269100.0     0.746
 -269000.0     0.742
 -268900.0     0.739
 -268800.0     0.738
 -268700.0     0.727
 -268600.0     0.695
 -268500.0     0.660
 -268400.0     0.653
 -268300.0     0.682
 -268200.0     0.718
 -268100.0     0.737
 -268000.0     0.745
 -267900.0     0.755
 -267800.0     0.772
 -267700.0     0.793
 -267600.0     0.813
 -267500.0     0.828
 -267400.0     0.838
 -267300.0     0.841
 -267200.0     0.838
 -267100.0     0.832
 -267000.0     0.825
 -266900.0     0.823
 -266800.0     0.831
 -266700.0     0.841
 -266600.0     0.848
 -266500.0     0.847
 -266400.0     0.835
 -266300.0     0.813
 -266200.0     0.791
 -266100.0     0.785
 -266000.0     0.802
 -265900.0     0.835
 -265800.0     0.877
 -265700.0     0.915
 -265600.0     0.935
 -265500.0     0.930
 -265400.0     0.908
 -265300.0     0.883
 -265200.0     0.866
 -265100.0     0.858
 -265000.0     0.858
 -264900.0     0.862
 -264800.0     0.859
 -264700.0     0.844
 -264600.0     0.827
 -264500.0     0.821
 -264400.0     0.833
 -264300.0     0.858
 -264200.0     0.888
 -264100.0     0.916
 -264000.0     0.932
 -263900.0     0.930
 -263800.0     0.917
 -263700.0     0.902
 -263600.0     0.891
 -263500.0     0.884
 -263400.0     0.880
 -263300.0     0.881
 -263200.0     0.888
 -263100.0     0.902
 -263000.0     0.915
 -262900.0     0.919
 -262800.0     0.911
 -262700.0     0.899
 -262600.0     0.895
 -262500.0     0.898
 -262400.0     0.906
 -262300.0     0.915
 -262200.0     0.920
 -262100.0     0.918
 -262000.0     0.907
 -261900.0     0.894
 -261800.0     0.887
 -261700.0     0.888
 -261600.0     0.894
 -261500.0     0.905
 -261400.0     0.916
 -261300.0     0.922
 -261200.0     0.921
 -261100.0     0.920
 -261000.0     0.924
 -260900.0     0.930
 -260800.0     0.930
 -260700.0     0.921
 -260600.0     0.908
 -260500.0     0.900
 -260400.0     0.901
 -260300.0     0.906
 -260200.0     0.911
 -260100.0     0.912
 -260000.0     0.905
 -259900.0     0.892
 -259800.0     0.877
 -259700.0     0.870
 -259600.0     0.873
 -259500.0     0.879
 -259400.0     0.883
 -259300.0     0.885
 -259200.0     0.882
 -259100.0     0.876
 -259000.0     0.872
 -258900.0     0.873
 -258800.0     0.876
 -258700.0     0.873
 -258600.0     0.860
 -258500.0     0.843
 -258400.0     0.826
 -258300.0     0.817
 -258200.0     0.821
 -258100.0     0.838
 -258000.0     0.855
 -257900.0     0.858
 -257800.0     0.849
 -257700.0     0.839
 -257600.0     0.833
 -257500.0     0.829
 -257400.0     0.824
 -257300.0     0.817
 -257200.0     0.806
 -257100.0     0.793
 -257000.0     0.779
 -256900.0     0.767
 -256800.0     0.758
 -256700.0     0.757
 -256600.0     0.759
 -256500.0     0.758
 -256400.0     0.748
 -256300.0     0.732
 -256200.0     0.712
 -256100.0     0.697
 -256000.0     0.694
 -255900.0     0.699
 -255800.0     0.703
 -255700.0     0.702
 -255600.0     0.696
 -255500.0     0.687
 -255400.0     0.673
 -255300.0     0.654
 -255200.0     0.633
 -255100.0     0.615
 -255000.0     0.596
 -254900.0     0.576
 -254800.0     0.562
 -254700.0     0.568
 -254600.0     0.596
 -254500.0     0.638
 -254400.0     0.683
 -254300.0     0.718
 -254200.0     0.735
 -254100.0     0.736
 -254000.0     0.728
 -253900.0     0.724
 -253800.0     0.734
 -253700.0     0.748
 -253600.0     0.754
 -253500.0     0.754
 -253400.0     0.761
 -253300.0     0.775
 -253200.0     0.778
 -253100.0     0.756
 -253000.0     0.721
 -252900.0     0.683
 -252800.0     0.659
 -252700.0     0.662
 -252600.0     0.690
 -252500.0     0.731
 -252400.0     0.767
 -252300.0     0.783
 -252200.0     0.771
 -252100.0     0.741
 -252000.0     0.706
 -251900.0     0.684
 -251800.0     0.688
 -251700.0     0.705
 -251600.0     0.713
 -251500.0     0.710
 -251400.0     0.706
 -251300.0     0.702
 -251200.0     0.685
 -251100.0     0.652
 -251000.0     0.618
 -250900.0     0.593
 -250800.0     0.575
 -250700.0     0.568
 -250600.0     0.586
 -250500.0     0.632
 -250400.0     0.679
 -250300.0     0.704
 -250200.0     0.712
 -250100.0     0.711
 -250000.0     0.700
 -249900.0     0.681
 -249800.0     0.667
 -249700.0     0.677
 -249600.0     0.700
 -249500.0     0.712
 -249400.0     0.711
 -249300.0     0.713
 -249200.0     0.724
 -249100.0     0.745
 -249000.0     0.770
 -248900.0     0.792
 -248800.0     0.804
 -248700.0     0.809
 -248600.0     0.810
 -248500.0     0.807
 -248400.0     0.797
 -248300.0     0.783
 -248200.0     0.774
 -248100.0     0.774
 -248000.0     0.779
 -247900.0     0.783
 -247800.0     0.780
 -247700.0     0.766
 -247600.0     0.747
 -247500.0     0.729
 -247400.0     0.720
 -247300.0     0.726
 -247200.0     0.743
 -247100.0     0.762
 -247000.0     0.773
 -246900.0     0.770
 -246800.0     0.755
 -246700.0     0.740
 -246600.0     0.740
 -246500.0     0.745
 -246400.0     0.747
 -246300.0     0.748
 -246200.0     0.754
 -246100.0     0.765
 -246000.0     0.780
 -245900.0     0.788
 -245800.0     0.780
 -245700.0     0.754
 -245600.0     0.729
 -245500.0     0.719
 -245400.0     0.719
 -245300.0     0.724
 -245200.0     0.733
 -245100.0     0.746
 -245000.0     0.759
 -244900.0     0.768
 -244800.0     0.772
 -244700.0     0.772
 -244600.0     0.769
 -244500.0     0.764
 -244400.0     0.760
 -244300.0     0.757
 -244200.0     0.753
 -244100.0     0.741
 -244000.0     0.718
 -243900.0     0.693
 -243800.0     0.669
 -243700.0     0.644
 -243600.0     0.616
 -243500.0     0.592
 -243400.0     0.576
 -243300.0     0.561
 -243200.0     0.545
 -243100.0     0.535
 -243000.0     0.539
 -242900.0     0.569
 -242800.0     0.608
 -242700.0     0.627
 -242600.0     0.627
 -242500.0     0.628
 -242400.0     0.633
 -242300.0     0.635
 -242200.0     0.639
 -242100.0     0.650
 -242000.0     0.665
 -241900.0     0.677
 -241800.0     0.679
 -241700.0     0.663
 -241600.0     0.635
 -241500.0     0.600
 -241400.0     0.570
 -241300.0     0.547
 -241200.0     0.517
 -241100.0     0.475
 -241000.0     0.443
 -240900.0     0.425
 -240800.0     0.404
 -240700.0     0.386
 -240600.0     0.379
 -240500.0     0.367
 -240400.0     0.341
 -240300.0     0.310
 -240200.0     0.269
 -240100.0     0.234
 -240000.0     0.238
 -239900.0     0.237
 -239800.0     0.198
 -239700.0     0.165
 -239600.0     0.116
 -239500.0     0.056
 -239400.0     0.029
 -239300.0    -0.024
 -239200.0    -0.060
 -239100.0    -0.062
 -239000.0    -0.076
 -238900.0    -0.104
 -238800.0    -0.119
 -238700.0    -0.131
 -238600.0    -0.154
 -238500.0    -0.174
 -238400.0    -0.183
 -238300.0    -0.192
 -238200.0    -0.206
 -238100.0    -0.225
 -238000.0    -0.240
 -237900.0    -0.227
 -237800.0    -0.197
 -237700.0    -0.193
 -237600.0    -0.168
 -237500.0    -0.088
 -237400.0    -0.038
 -237300.0    -0.052
 -237200.0    -0.027
 -237100.0    -0.017
 -237000.0     0.010
 -236900.0     0.073
 -236800.0     0.100
 -236700.0     0.118
 -236600.0     0.130
 -236500.0     0.126
 -236400.0     0.120
 -236300.0     0.142
 -236200.0     0.155
 -236100.0     0.161
 -236000.0     0.198
 -235900.0     0.225
 -235800.0     0.231
 -235700.0     0.232
 -235600.0     0.244
 -235500.0     0.235
 -235400.0     0.207
 -235300.0     0.205
 -235200.0     0.236
 -235100.0     0.277
 -235000.0     0.301
 -234900.0     0.302
 -234800.0     0.278
 -234700.0     0.247
 -234600.0     0.242
 -234500.0     0.240
 -234400.0     0.245
 -234300.0     0.279
 -234200.0     0.307
 -234100.0     0.297
 -234000.0     0.258
 -233900.0     0.263
 -233800.0     0.292
 -233700.0     0.312
 -233600.0     0.337
 -233500.0     0.372
 -233400.0     0.403
 -233300.0     0.409
 -233200.0     0.391
 -233100.0     0.375
 -233000.0     0.395
 -232900.0     0.420
 -232800.0     0.425
 -232700.0     0.438
 -232600.0     0.457
 -232500.0     0.468
 -232400.0     0.465
 -232300.0     0.460
 -232200.0     0.470
 -232100.0     0.482
 -232000.0     0.492
 -231900.0     0.517
 -231800.0     0.541
 -231700.0     0.544
 -231600.0     0.545
 -231500.0     0.552
 -231400.0     0.559
 -231300.0     0.563
 -231200.0     0.572
 -231100.0     0.607
 -231000.0     0.656
 -230900.0     0.669
 -230800.0     0.652
 -230700.0     0.643
 -230600.0     0.652
 -230500.0     0.671
 -230400.0     0.668
 -230300.0     0.643
 -230200.0     0.645
 -230100.0     0.669
 -230000.0     0.683
 -229900.0     0.694
 -229800.0     0.716
 -229700.0     0.737
 -229600.0     0.748
 -229500.0     0.755
 -229400.0     0.762
 -229300.0     0.771
 -229200.0     0.781
 -229100.0     0.791
 -229000.0     0.800
 -228900.0     0.806
 -228800.0     0.803
 -228700.0     0.781
 -228600.0     0.745
 -228500.0     0.705
 -228400.0     0.671
 -228300.0     0.654
 -228200.0     0.665
 -228100.0     0.698
 -228000.0     0.724
 -227900.0     0.741
 -227800.0     0.761
 -227700.0     0.777
 -227600.0     0.780
 -227500.0     0.787
 -227400.0     0.811
 -227300.0     0.837
 -227200.0     0.848
 -227100.0     0.834
 -227000.0     0.795
 -226900.0     0.754
 -226800.0     0.723
 -226700.0     0.703
 -226600.0     0.692
 -226500.0     0.688
 -226400.0     0.671
 -226300.0     0.631
 -226200.0     0.602
 -226100.0     0.613
 -226000.0     0.669
 -225900.0     0.720
 -225800.0     0.702
 -225700.0     0.628
 -225600.0     0.553
 -225500.0     0.569
 -225400.0     0.641
 -225300.0     0.672
 -225200.0     0.679
 -225100.0     0.684
 -225000.0     0.663
 -224900.0     0.642
 -224800.0     0.678
 -224700.0     0.735
 -224600.0     0.768
 -224500.0     0.797
 -224400.0     0.828
 -224300.0     0.830
 -224200.0     0.808
 -224100.0     0.806
 -224000.0     0.822
 -223900.0     0.829
 -223800.0     0.830
 -223700.0     0.833
 -223600.0     0.833
 -223500.0     0.818
 -223400.0     0.791
 -223300.0     0.762
 -223200.0     0.752
 -223100.0     0.763
 -223000.0     0.765
 -222900.0     0.745
 -222800.0     0.713
 -222700.0     0.712
 -222600.0     0.764
 -222500.0     0.804
 -222400.0     0.792
 -222300.0     0.741
 -222200.0     0.685
 -222100.0     0.663
 -222000.0     0.661
 -221900.0     0.656
 -221800.0     0.663
 -221700.0     0.676
 -221600.0     0.664
 -221500.0     0.620
 -221400.0     0.558
 -221300.0     0.527
 -221200.0     0.536
 -221100.0     0.552
 -221000.0     0.531
 -220900.0     0.488
 -220800.0     0.471
 -220700.0     0.494
 -220600.0     0.533
 -220500.0     0.550
 -220400.0     0.523
 -220300.0     0.480
 -220200.0     0.463
 -220100.0     0.462
 -220000.0     0.475
 -219900.0     0.483
 -219800.0     0.427
 -219700.0     0.344
 -219600.0     0.311
 -219500.0     0.356
 -219400.0     0.363
 -219300.0     0.337
 -219200.0     0.325
 -219100.0     0.318
 -219000.0     0.316
 -218900.0     0.329
 -218800.0     0.352
 -218700.0     0.357
 -218600.0     0.314
 -218500.0     0.262
 -218400.0     0.236
 -218300.0     0.227
 -218200.0     0.218
 -218100.0     0.204
 -218000.0     0.207
 -217900.0     0.238
 -217800.0     0.226
 -217700.0     0.129
 -217600.0     0.128
 -217500.0     0.127
 -217400.0     0.117
 -217300.0     0.100
 -217200.0     0.099
 -217100.0     0.126
 -217000.0     0.131
 -216900.0     0.105
 -216800.0     0.113
 -216700.0     0.140
 -216600.0     0.207
 -216500.0     0.240
 -216400.0     0.229
 -216300.0     0.234
 -216200.0     0.260
 -216100.0     0.256
 -216000.0     0.218
 -215900.0     0.169
 -215800.0     0.169
 -215700.0     0.185
 -215600.0     0.129
 -215500.0     0.100
 -215400.0     0.108
 -215300.0     0.131
 -215200.0     0.145
 -215100.0     0.173
 -215000.0     0.174
 -214900.0     0.145
 -214800.0     0.141
 -214700.0     0.150
 -214600.0     0.171
 -214500.0     0.178
 -214400.0     0.160
 -214300.0     0.151
 -214200.0     0.157
 -214100.0     0.169
 -214000.0     0.169
 -213900.0     0.146
 -213800.0     0.158
 -213700.0     0.220
 -213600.0     0.211
 -213500.0     0.185
 -213400.0     0.183
 -213300.0     0.204
 -213200.0     0.207
 -213100.0     0.161
 -213000.0     0.178
 -212900.0     0.225
 -212800.0     0.194
 -212700.0     0.170
 -212600.0     0.201
 -212500.0     0.225
 -212400.0     0.229
 -212300.0     0.236
 -212200.0     0.199
 -212100.0     0.218
 -212000.0     0.213
 -211900.0     0.262
 -211800.0     0.313
 -211700.0     0.275
 -211600.0     0.249
 -211500.0     0.273
 -211400.0     0.280
 -211300.0     0.285
 -211200.0     0.296
 -211100.0     0.279
 -211000.0     0.239
 -210900.0     0.233
 -210800.0     0.247
 -210700.0     0.288
 -210600.0     0.318
 -210500.0     0.310
 -210400.0     0.290
 -210300.0     0.288
 -210200.0     0.273
 -210100.0     0.310
 -210000.0     0.372
 -209900.0     0.390
 -209800.0     0.381
 -209700.0     0.405
 -209600.0     0.399
 -209500.0     0.368
 -209400.0     0.334
 -209300.0     0.313
 -209200.0     0.332
 -209100.0     0.393
 -209000.0     0.400
 -208900.0     0.386
 -208800.0     0.394
 -208700.0     0.392
 -208600.0     0.398
 -208500.0     0.415
 -208400.0     0.407
 -208300.0     0.412
 -208200.0     0.473
 -208100.0     0.454
 -208000.0     0.434
 -207900.0     0.461
 -207800.0     0.493
 -207700.0     0.492
 -207600.0     0.479
 -207500.0     0.481
 -207400.0     0.490
 -207300.0     0.474
 -207200.0     0.466
 -207100.0     0.474
 -207000.0     0.475
 -206900.0     0.465
 -206800.0     0.495
 -206700.0     0.514
 -206600.0     0.498
 -206500.0     0.479
 -206400.0     0.498
 -206300.0     0.534
 -206200.0     0.555
 -206100.0     0.542
 -206000.0     0.498
 -205900.0     0.476
 -205800.0     0.474
 -205700.0     0.463
 -205600.0     0.437
 -205500.0     0.405
 -205400.0     0.396
 -205300.0     0.404
 -205200.0     0.402
 -205100.0     0.390
 -205000.0     0.357
 -204900.0     0.319
 -204800.0     0.285
 -204700.0     0.291
 -204600.0     0.330
 -204500.0     0.348
 -204400.0     0.356
 -204300.0     0.319
 -204200.0     0.292
 -204100.0     0.320
 -204000.0     0.341
 -203900.0     0.326
 -203800.0     0.317
 -203700.0     0.297
 -203600.0     0.266
 -203500.0     0.277
 -203400.0     0.267
 -203300.0     0.221
 -203200.0     0.205
 -203100.0     0.238
 -203000.0     0.271
 -202900.0     0.265
 -202800.0     0.248
 -202700.0     0.260
 -202600.0     0.278
 -202500.0     0.274
 -202400.0     0.281
 -202300.0     0.277
 -202200.0     0.186
 -202100.0     0.193
 -202000.0     0.253
 -201900.0     0.239
 -201800.0     0.236
 -201700.0     0.238
 -201600.0     0.217
 -201500.0     0.232
 -201400.0     0.201
 -201300.0     0.163
 -201200.0     0.220
 -201100.0     0.287
 -201000.0     0.303
 -200900.0     0.309
 -200800.0     0.312
 -200700.0     0.280
 -200600.0     0.268
 -200500.0     0.241
 -200400.0     0.218
 -200300.0     0.286
 -200200.0     0.336
 -200100.0     0.295
 -200000.0     0.297
 -199900.0     0.322
 -199800.0     0.306
 -199700.0     0.336
 -199600.0     0.390
 -199500.0     0.383
 -199400.0     0.375
 -199300.0     0.408
 -199200.0     0.415
 -199100.0     0.366
 -199000.0     0.325
 -198900.0     0.331
 -198800.0     0.357
 -198700.0     0.349
 -198600.0     0.372
 -198500.0     0.413
 -198400.0     0.416
 -198300.0     0.415
 -198200.0     0.420
 -198100.0     0.436
 -198000.0     0.479
 -197900.0     0.480
 -197800.0     0.480
 -197700.0     0.531
 -197600.0     0.534
 -197500.0     0.523
 -197400.0     0.530
 -197300.0     0.551
 -197200.0     0.565
 -197100.0     0.540
 -197000.0     0.459
 -196900.0     0.452
 -196800.0     0.531
 -196700.0     0.593
 -196600.0     0.595
 -196500.0     0.616
 -196400.0     0.630
 -196300.0     0.620
 -196200.0     0.610
 -196100.0     0.622
 -196000.0     0.629
 -195900.0     0.636
 -195800.0     0.650
 -195700.0     0.646
 -195600.0     0.621
 -195500.0     0.574
 -195400.0     0.532
 -195300.0     0.525
 -195200.0     0.531
 -195100.0     0.556
 -195000.0     0.577
 -194900.0     0.532
 -194800.0     0.461
 -194700.0     0.514
 -194600.0     0.548
 -194500.0     0.513
 -194400.0     0.497
 -194300.0     0.533
 -194200.0     0.567
 -194100.0     0.606
 -194000.0     0.634
 -193900.0     0.647
 -193800.0     0.640
 -193700.0     0.620
 -193600.0     0.654
 -193500.0     0.718
 -193400.0     0.737
 -193300.0     0.691
 -193200.0     0.678
 -193100.0     0.670
 -193000.0     0.625
 -192900.0     0.584
 -192800.0     0.634
 -192700.0     0.663
 -192600.0     0.651
 -192500.0     0.637
 -192400.0     0.609
 -192300.0     0.565
 -192200.0     0.534
 -192100.0     0.527
 -192000.0     0.551
 -191900.0     0.595
 -191800.0     0.588
 -191700.0     0.595
 -191600.0     0.609
 -191500.0     0.599
 -191400.0     0.584
 -191300.0     0.571
 -191200.0     0.536
 -191100.0     0.452
 -191000.0     0.382
 -190900.0     0.420
 -190800.0     0.504
 -190700.0     0.516
 -190600.0     0.523
 -190500.0     0.520
 -190400.0     0.575
 -190300.0     0.633
 -190200.0     0.664
 -190100.0     0.707
 -190000.0     0.699
 -189900.0     0.663
 -189800.0     0.668
 -189700.0     0.725
 -189600.0     0.759
 -189500.0     0.779
 -189400.0     0.760
 -189300.0     0.708
 -189200.0     0.714
 -189100.0     0.749
 -189000.0     0.787
 -188900.0     0.814
 -188800.0     0.815
 -188700.0     0.838
 -188600.0     0.865
 -188500.0     0.840
 -188400.0     0.836
 -188300.0     0.862
 -188200.0     0.866
 -188100.0     0.805
 -188000.0     0.756
 -187900.0     0.767
 -187800.0     0.801
 -187700.0     0.829
 -187600.0     0.860
 -187500.0     0.888
 -187400.0     0.871
 -187300.0     0.827
 -187200.0     0.793
 -187100.0     0.795
 -187000.0     0.833
 -186900.0     0.877
 -186800.0     0.887
 -186700.0     0.850
 -186600.0     0.848
 -186500.0     0.889
 -186400.0     0.878
 -186300.0     0.865
 -186200.0     0.872
 -186100.0     0.869
 -186000.0     0.839
 -185900.0     0.847
 -185800.0     0.919
 -185700.0     0.960
 -185600.0     0.933
 -185500.0     0.870
 -185400.0     0.841
 -185300.0     0.865
 -185200.0     0.901
 -185100.0     0.894
 -185000.0     0.861
 -184900.0     0.848
 -184800.0     0.887
 -184700.0     0.956
 -184600.0     0.909
 -184500.0     0.775
 -184400.0     0.781
 -184300.0     0.855
 -184200.0     0.883
 -184100.0     0.852
 -184000.0     0.866
 -183900.0     0.890
 -183800.0     0.896
 -183700.0     0.900
 -183600.0     0.862
 -183500.0     0.834
 -183400.0     0.877
 -183300.0     0.933
 -183200.0     0.915
 -183100.0     0.848
 -183000.0     0.844
 -182900.0     0.812
 -182800.0     0.809
 -182700.0     0.880
 -182600.0     0.860
 -182500.0     0.818
 -182400.0     0.828
 -182300.0     0.869
 -182200.0     0.875
 -182100.0     0.839
 -182000.0     0.793
 -181900.0     0.764
 -181800.0     0.738
 -181700.0     0.737
 -181600.0     0.733
 -181500.0     0.676
 -181400.0     0.628
 -181300.0     0.717
 -181200.0     0.764
 -181100.0     0.699
 -181000.0     0.618
 -180900.0     0.581
 -180800.0     0.610
 -180700.0     0.620
 -180600.0     0.610
 -180500.0     0.655
 -180400.0     0.707
 -180300.0     0.685
 -180200.0     0.692
 -180100.0     0.691
 -180000.0     0.703
 -179900.0     0.672
 -179800.0     0.587
 -179700.0     0.581
 -179600.0     0.655
 -179500.0     0.729
 -179400.0     0.766
 -179300.0     0.753
 -179200.0     0.723
 -179100.0     0.737
 -179000.0     0.792
 -178900.0     0.871
 -178800.0     0.918
 -178700.0     0.906
 -178600.0     0.890
 -178500.0     0.895
 -178400.0     0.890
 -178300.0     0.843
 -178200.0     0.803
 -178100.0     0.783
 -178000.0     0.766
 -177900.0     0.758
 -177800.0     0.801
 -177700.0     0.821
 -177600.0     0.790
 -177500.0     0.751
 -177400.0     0.750
 -177300.0     0.768
 -177200.0     0.768
 -177100.0     0.789
 -177000.0     0.817
 -176900.0     0.787
 -176800.0     0.809
 -176700.0     0.831
 -176600.0     0.826
 -176500.0     0.819
 -176400.0     0.800
 -176300.0     0.817
 -176200.0     0.817
 -176100.0     0.786
 -176000.0     0.788
 -175900.0     0.781
 -175800.0     0.706
 -175700.0     0.641
 -175600.0     0.696
 -175500.0     0.795
 -175400.0     0.758
 -175300.0     0.687
 -175200.0     0.667
 -175100.0     0.668
 -175000.0     0.650
 -174900.0     0.652
 -174800.0     0.685
 -174700.0     0.668
 -174600.0     0.651
 -174500.0     0.654
 -174400.0     0.662
 -174300.0     0.695
 -174200.0     0.748
 -174100.0     0.746
 -174000.0     0.655
 -173900.0     0.622
 -173800.0     0.659
 -173700.0     0.743
 -173600.0     0.779
 -173500.0     0.760
 -173400.0     0.776
 -173300.0     0.755
 -173200.0     0.773
 -173100.0     0.825
 -173000.0     0.841
 -172900.0     0.820
 -172800.0     0.831
 -172700.0     0.833
 -172600.0     0.818
 -172500.0     0.831
 -172400.0     0.886
 -172300.0     0.894
 -172200.0     0.886
 -172100.0     0.872
 -172000.0     0.833
 -171900.0     0.783
 -171800.0     0.745
 -171700.0     0.791
 -171600.0     0.781
 -171500.0     0.671
 -171400.0     0.675
 -171300.0     0.752
 -171200.0     0.858
 -171100.0     0.830
 -171000.0     0.734
 -170900.0     0.732
 -170800.0     0.792
 -170700.0     0.761
 -170600.0     0.677
 -170500.0     0.663
 -170400.0     0.703
 -170300.0     0.758
 -170200.0     0.799
 -170100.0     0.765
 -170000.0     0.723
 -169900.0     0.744
 -169800.0     0.733
 -169700.0     0.680
 -169600.0     0.598
 -169500.0     0.566
 -169400.0     0.654
 -169300.0     0.689
 -169200.0     0.691
 -169100.0     0.690
 -169000.0     0.710
 -168900.0     0.755
 -168800.0     0.772
 -168700.0     0.746
 -168600.0     0.736
 -168500.0     0.753
 -168400.0     0.725
 -168300.0     0.720
 -168200.0     0.758
 -168100.0     0.804
 -168000.0     0.838
 -167900.0     0.865
 -167800.0     0.879
 -167700.0     0.872
 -167600.0     0.871
 -167500.0     0.862
 -167400.0     0.848
 -167300.0     0.870
 -167200.0     0.891
 -167100.0     0.921
 -167000.0     0.906
 -166900.0     0.852
 -166800.0     0.863
 -166700.0     0.836
 -166600.0     0.872
 -166500.0     0.912
 -166400.0     0.886
 -166300.0     0.911
 -166200.0     0.930
 -166100.0     0.894
 -166000.0     0.877
 -165900.0     0.933
 -165800.0     0.942
 -165700.0     0.910
 -165600.0     0.883
 -165500.0     0.866
 -165400.0     0.854
 -165300.0     0.898
 -165200.0     0.910
 -165100.0     0.910
 -165000.0     0.922
 -164900.0     0.907
 -164800.0     0.881
 -164700.0     0.926
 -164600.0     0.960
 -164500.0     0.933
 -164400.0     0.924
 -164300.0     0.918
 -164200.0     0.863
 -164100.0     0.826
 -164000.0     0.849
 -163900.0     0.837
 -163800.0     0.811
 -163700.0     0.799
 -163600.0     0.762
 -163500.0     0.746
 -163400.0     0.770
 -163300.0     0.768
 -163200.0     0.769
 -163100.0     0.793
 -163000.0     0.731
 -162900.0     0.674
 -162800.0     0.683
 -162700.0     0.726
 -162600.0     0.674
 -162500.0     0.587
 -162400.0     0.624
 -162300.0     0.702
 -162200.0     0.720
 -162100.0     0.727
 -162000.0     0.786
 -161900.0     0.794
 -161800.0     0.768
 -161700.0     0.794
 -161600.0     0.805
 -161500.0     0.833
 -161400.0     0.868
 -161300.0     0.817
 -161200.0     0.800
 -161100.0     0.822
 -161000.0     0.760
 -160900.0     0.757
 -160800.0     0.759
 -160700.0     0.769
 -160600.0     0.801
 -160500.0     0.736
 -160400.0     0.740
 -160300.0     0.728
 -160200.0     0.739
 -160100.0     0.699
 -160000.0     0.646
 -159900.0     0.696
 -159800.0     0.706
 -159700.0     0.701
 -159600.0     0.620
 -159500.0     0.644
 -159400.0     0.698
 -159300.0     0.581
 -159200.0     0.593
 -159100.0     0.684
 -159000.0     0.736
 -158900.0     0.727
 -158800.0     0.780
 -158700.0     0.833
 -158600.0     0.881
 -158500.0     0.811
 -158400.0     0.731
 -158300.0     0.742
 -158200.0     0.753
 -158100.0     0.795
 -158000.0     0.873
 -157900.0     0.843
 -157800.0     0.836
 -157700.0     0.862
 -157600.0     0.850
 -157500.0     0.837
 -157400.0     0.888
 -157300.0     0.943
 -157200.0     0.928
 -157100.0     0.935
 -157000.0     0.937
 -156900.0     0.928
 -156800.0     0.930
 -156700.0     0.927
 -156600.0     0.893
 -156500.0     0.917
 -156400.0     0.978
 -156300.0     0.976
 -156200.0     0.914
 -156100.0     0.906
 -156000.0     0.964
 -155900.0     0.942
 -155800.0     0.874
 -155700.0     0.878
 -155600.0     0.920
 -155500.0     0.895
 -155400.0     0.884
 -155300.0     0.872
 -155200.0     0.936
 -155100.0     0.960
 -155000.0     0.929
 -154900.0     0.964
 -154800.0     0.989
 -154700.0     0.899
 -154600.0     0.812
 -154500.0     0.822
 -154400.0     0.878
 -154300.0     0.881
 -154200.0     0.833
 -154100.0     0.842
 -154000.0     0.834
 -153900.0     0.837
 -153800.0     0.870
 -153700.0     0.890
 -153600.0     0.868
 -153500.0     0.818
 -153400.0     0.791
 -153300.0     0.839
 -153200.0     0.851
 -153100.0     0.836
 -153000.0     0.838
 -152900.0     0.826
 -152800.0     0.821
 -152700.0     0.843
 -152600.0     0.864
 -152500.0     0.885
 -152400.0     0.890
 -152300.0     0.854
 -152200.0     0.837
 -152100.0     0.854
 -152000.0     0.863
 -151900.0     0.862
 -151800.0     0.842
 -151700.0     0.804
 -151600.0     0.807
 -151500.0     0.810
 -151400.0     0.791
 -151300.0     0.757
 -151200.0     0.753
 -151100.0     0.753
 -151000.0     0.728
 -150900.0     0.724
 -150800.0     0.785
 -150700.0     0.822
 -150600.0     0.786
 -150500.0     0.751
 -150400.0     0.771
 -150300.0     0.813
 -150200.0     0.820
 -150100.0     0.798
 -150000.0     0.803
 -149900.0     0.826
 -149800.0     0.831
 -149700.0     0.833
 -149600.0     0.838
 -149500.0     0.822
 -149400.0     0.814
 -149300.0     0.831
 -149200.0     0.833
 -149100.0     0.823
 -149000.0     0.835
 -148900.0     0.844
 -148800.0     0.856
 -148700.0     0.857
 -148600.0     0.836
 -148500.0     0.840
 -148400.0     0.829
 -148300.0     0.820
 -148200.0     0.879
 -148100.0     0.934
 -148000.0     0.920
 -147900.0     0.908
 -147800.0     0.902
 -147700.0     0.873
 -147600.0     0.874
 -147500.0     0.889
 -147400.0     0.883
 -147300.0     0.874
 -147200.0     0.875
 -147100.0     0.865
 -147000.0     0.861
 -146900.0     0.874
 -146800.0     0.876
 -146700.0     0.873
 -146600.0     0.859
 -146500.0     0.843
 -146400.0     0.849
 -146300.0     0.867
 -146200.0     0.872
 -146100.0     0.881
 -146000.0     0.913
 -145900.0     0.922
 -145800.0     0.911
 -145700.0     0.922
 -145600.0     0.942
 -145500.0     0.925
 -145400.0     0.896
 -145300.0     0.884
 -145200.0     0.869
 -145100.0     0.865
 -145000.0     0.896
 -144900.0     0.908
 -144800.0     0.900
 -144700.0     0.873
 -144600.0     0.858
 -144500.0     0.855
 -144400.0     0.842
 -144300.0     0.859
 -144200.0     0.897
 -144100.0     0.886
 -144000.0     0.870
 -143900.0     0.916
 -143800.0     0.967
 -143700.0     0.954
 -143600.0     0.919
 -143500.0     0.908
 -143400.0     0.911
 -143300.0     0.903
 -143200.0     0.887
 -143100.0     0.887
 -143000.0     0.920
 -142900.0     0.936
 -142800.0     0.946
 -142700.0     0.954
 -142600.0     0.942
 -142500.0     0.911
 -142400.0     0.905
 -142300.0     0.909
 -142200.0     0.884
 -142100.0     0.899
 -142000.0     0.932
 -141900.0     0.918
 -141800.0     0.925
 -141700.0     0.934
 -141600.0     0.945
 -141500.0     0.946
 -141400.0     0.924
 -141300.0     0.905
 -141200.0     0.919
 -141100.0     0.955
 -141000.0     0.944
 -140900.0     0.892
 -140800.0     0.902
 -140700.0     0.932
 -140600.0     0.946
 -140500.0     0.940
 -140400.0     0.914
 -140300.0     0.917
 -140200.0     0.966
 -140100.0     0.983
 -140000.0     0.952
 -139900.0     0.922
 -139800.0     0.933
 -139700.0     0.960
 -139600.0     0.965
 -139500.0     0.941
 -139400.0     0.915
 -139300.0     0.919
 -139200.0     0.932
 -139100.0     0.909
 -139000.0     0.903
 -138900.0     0.929
 -138800.0     0.946
 -138700.0     0.946
 -138600.0     0.951
 -138500.0     0.947
 -138400.0     0.941
 -138300.0     0.980
 -138200.0     1.009
 -138100.0     0.980
 -138000.0     0.944
 -137900.0     0.887
 -137800.0     0.835
 -137700.0     0.819
 -137600.0     0.812
 -137500.0     0.824
 -137400.0     0.859
 -137300.0     0.872
 -137200.0     0.864
 -137100.0     0.844
 -137000.0     0.816
 -136900.0     0.842
 -136800.0     0.864
 -136700.0     0.813
 -136600.0     0.799
 -136500.0     0.824
 -136400.0     0.805
 -136300.0     0.816
 -136200.0     0.853
 -136100.0     0.818
 -136000.0     0.779
 -135900.0     0.799
 -135800.0     0.800
 -135700.0     0.778
 -135600.0     0.754
 -135500.0     0.748
 -135400.0     0.801
 -135300.0     0.816
 -135200.0     0.792
 -135100.0     0.782
 -135000.0     0.749
 -134900.0     0.756
 -134800.0     0.756
 -134700.0     0.680
 -134600.0     0.619
 -134500.0     0.647
 -134400.0     0.660
 -134300.0     0.636
 -134200.0     0.597
 -134100.0     0.579
 -134000.0     0.531
 -133900.0     0.484
 -133800.0     0.490
 -133700.0     0.437
 -133600.0     0.351
 -133500.0     0.364
 -133400.0     0.422
 -133300.0     0.409
 -133200.0     0.388
 -133100.0     0.416
 -133000.0     0.400
 -132900.0     0.364
 -132800.0     0.324
 -132700.0     0.283
 -132600.0     0.282
 -132500.0     0.277
 -132400.0     0.266
 -132300.0     0.272
 -132200.0     0.302
 -132100.0     0.297
 -132000.0     0.248
 -131900.0     0.247
 -131800.0     0.172
 -131700.0     0.162
 -131600.0     0.177
 -131500.0     0.210
 -131400.0     0.143
 -131300.0     0.036
 -131200.0     0.032
 -131100.0     0.078
 -131000.0     0.061
 -130900.0     0.051
 -130800.0     0.029
 -130700.0    -0.015
 -130600.0    -0.038
 -130500.0    -0.061
 -130400.0    -0.068
 -130300.0    -0.097
 -130200.0    -0.114
 -130100.0    -0.203
 -130000.0    -0.139
 -129900.0    -0.154
 -129800.0    -0.192
 -129700.0    -0.234
 -129600.0    -0.155
 -129500.0     0.026
 -129400.0    -0.164
 -129300.0    -0.295
 -129200.0    -0.227
 -129100.0    -0.149
 -129000.0    -0.161
 -128900.0    -0.217
 -128800.0    -0.267
 -128700.0    -0.204
 -128600.0    -0.258
 -128500.0    -0.335
 -128400.0    -0.347
 -128300.0    -0.294
 -128200.0    -0.295
 -128100.0    -0.293
 -128000.0    -0.241
 -127900.0    -0.243
 -127800.0    -0.280
 -127700.0    -0.243
 -127600.0    -0.275
 -127500.0    -0.250
 -127400.0    -0.269
 -127300.0    -0.265
 -127200.0    -0.240
 -127100.0    -0.222
 -127000.0    -0.226
 -126900.0    -0.185
 -126800.0    -0.224
 -126700.0    -0.273
 -126600.0    -0.177
 -126500.0    -0.102
 -126400.0    -0.105
 -126300.0    -0.115
 -126200.0    -0.041
 -126100.0    -0.031
 -126000.0    -0.049
 -125900.0    -0.065
 -125800.0    -0.054
 -125700.0    -0.050
 -125600.0    -0.121
 -125500.0    -0.113
 -125400.0    -0.070
 -125300.0    -0.122
 -125200.0    -0.093
 -125100.0    -0.048
 -125000.0    -0.008
 -124900.0    -0.006
 -124800.0    -0.072
 -124700.0    -0.066
 -124600.0    -0.071
 -124500.0    -0.064
 -124400.0    -0.047
 -124300.0    -0.059
 -124200.0    -0.063
 -124100.0    -0.135
 -124000.0    -0.051
 -123900.0    -0.065
 -123800.0    -0.081
 -123700.0    -0.038
 -123600.0    -0.028
 -123500.0    -0.032
 -123400.0    -0.045
 -123300.0    -0.098
 -123200.0     0.001
 -123100.0     0.055
 -123000.0     0.040
 -122900.0     0.010
 -122800.0     0.082
 -122700.0     0.013
 -122600.0    -0.033
 -122500.0    -0.024
 -122400.0    -0.015
 -122300.0    -0.053
 -122200.0    -0.040
 -122100.0     0.022
 -122000.0    -0.019
 -121900.0    -0.065
 -121800.0    -0.003
 -121700.0     0.014
 -121600.0     0.067
 -121500.0     0.067
 -121400.0     0.073
 -121300.0     0.022
 -121200.0     0.050
 -121100.0     0.105
 -121000.0     0.075
 -120900.0     0.064
 -120800.0     0.034
 -120700.0     0.006
 -120600.0    -0.011
 -120500.0     0.044
 -120400.0     0.087
 -120300.0     0.092
 -120200.0     0.119
 -120100.0     0.131
 -120000.0     0.098
 -119900.0     0.158
 -119800.0     0.143
 -119700.0     0.075
 -119600.0     0.142
 -119500.0     0.113
 -119400.0     0.140
 -119300.0     0.150
 -119200.0     0.141
 -119100.0     0.056
 -119000.0     0.121
 -118900.0     0.133
 -118800.0     0.194
 -118700.0     0.055
 -118600.0     0.072
 -118500.0     0.122
 -118400.0     0.164
 -118300.0     0.122
 -118200.0     0.102
 -118100.0     0.123
 -118000.0     0.185
 -117900.0     0.203
 -117800.0     0.196
 -117700.0     0.169
 -117600.0     0.113
 -117500.0     0.181
 -117400.0     0.193
 -117300.0     0.154
 -117200.0     0.200
 -117100.0     0.163
 -117000.0     0.161
 -116900.0     0.196
 -116800.0     0.246
 -116700.0     0.276
 -116600.0     0.293
 -116500.0     0.291
 -116400.0     0.298
 -116300.0     0.309
 -116200.0     0.313
 -116100.0     0.323
 -116000.0     0.344
 -115900.0     0.390
 -115800.0     0.324
 -115700.0     0.280
 -115600.0     0.269
 -115500.0     0.270
 -115400.0     0.271
 -115300.0     0.265
 -115200.0     0.413
 -115100.0     0.449
 -115000.0     0.377
 -114900.0     0.428
 -114800.0     0.469
 -114700.0     0.506
 -114600.0     0.536
 -114500.0     0.511
 -114400.0     0.462
 -114300.0     0.477
 -114200.0     0.477
 -114100.0     0.474
 -114000.0     0.496
 -113900.0     0.497
 -113800.0     0.572
 -113700.0     0.605
 -113600.0     0.546
 -113500.0     0.534
 -113400.0     0.528
 -113300.0     0.540
 -113200.0     0.543
 -113100.0     0.601
 -113000.0     0.641
 -112900.0     0.659
 -112800.0     0.644
 -112700.0     0.618
 -112600.0     0.626
 -112500.0     0.643
 -112400.0     0.649
 -112300.0     0.649
 -112200.0     0.649
 -112100.0     0.647
 -112000.0     0.663
 -111900.0     0.693
 -111800.0     0.694
 -111700.0     0.645
 -111600.0     0.618
 -111500.0     0.621
 -111400.0     0.620
 -111300.0     0.620
 -111200.0     0.619
 -111100.0     0.635
 -111000.0     0.663
 -110900.0     0.687
 -110800.0     0.691
 -110700.0     0.623
 -110600.0     0.607
 -110500.0     0.608
 -110400.0     0.609
 -110300.0     0.609
 -110200.0     0.609
 -110100.0     0.609
 -110000.0     0.598
 -109900.0     0.622
 -109800.0     0.685
 -109700.0     0.675
 -109600.0     0.665
 -109500.0     0.662
 -109400.0     0.691
 -109300.0     0.741
 -109200.0     0.742
 -109100.0     0.704
 -109000.0     0.682
 -108900.0     0.686
 -108800.0     0.686
 -108700.0     0.686
 -108600.0     0.707
 -108500.0     0.721
 -108400.0     0.731
 -108300.0     0.732
 -108200.0     0.745
 -108100.0     0.760
 -108000.0     0.757
 -107900.0     0.752
 -107800.0     0.738
 -107700.0     0.710
 -107600.0     0.708
 -107500.0     0.709
 -107400.0     0.690
 -107300.0     0.607
 -107200.0     0.538
 -107100.0     0.477
 -107000.0     0.479
 -106900.0     0.518
 -106800.0     0.550
 -106700.0     0.509
 -106600.0     0.468
 -106500.0     0.447
 -106400.0     0.489
 -106300.0     0.458
 -106200.0     0.396
 -106100.0     0.298
 -106000.0     0.394
 -105900.0     0.419
 -105800.0     0.431
 -105700.0     0.430
 -105600.0     0.496
 -105500.0     0.499
 -105400.0     0.466
 -105300.0     0.450
 -105200.0     0.467
 -105100.0     0.496
 -105000.0     0.528
 -104900.0     0.488
 -104800.0     0.452
 -104700.0     0.463
 -104600.0     0.474
 -104500.0     0.472
 -104400.0     0.478
 -104300.0     0.472
 -104200.0     0.443
 -104100.0     0.451
 -104000.0     0.461
 -103900.0     0.472
 -103800.0     0.492
 -103700.0     0.482
 -103600.0     0.482
 -103500.0     0.496
 -103400.0     0.431
 -103300.0     0.390
 -103200.0     0.411
 -103100.0     0.302
 -103000.0     0.347
 -102900.0     0.354
 -102800.0     0.257
 -102700.0     0.357
 -102600.0     0.328
 -102500.0     0.279
 -102400.0     0.233
 -102300.0     0.265
 -102200.0     0.309
 -102100.0     0.249
 -102000.0     0.226
 -101900.0     0.250
 -101800.0     0.272
 -101700.0     0.245
 -101600.0     0.320
 -101500.0     0.286
 -101400.0     0.297
 -101300.0     0.326
 -101200.0     0.348
 -101100.0     0.360
 -101000.0     0.378
 -100900.0     0.397
 -100800.0     0.376
 -100700.0     0.394
 -100600.0     0.405
 -100500.0     0.371
 -100400.0     0.334
 -100300.0     0.393
 -100200.0     0.438
 -100100.0     0.400
 -100000.0     0.376
  -99900.0     0.382
  -99800.0     0.396
  -99700.0     0.446
  -99600.0     0.426
  -99500.0     0.437
  -99400.0     0.441
  -99300.0     0.447
  -99200.0     0.478
  -99100.0     0.485
  -99000.0     0.417
  -98900.0     0.463
  -98800.0     0.481
  -98700.0     0.516
  -98600.0     0.403
  -98500.0     0.383
  -98400.0     0.398
  -98300.0     0.529
  -98200.0     0.478
  -98100.0     0.517
  -98000.0     0.586
  -97900.0     0.486
  -97800.0     0.453
  -97700.0     0.383
  -97600.0     0.526
  -97500.0     0.555
  -97400.0     0.553
  -97300.0     0.473
  -97200.0     0.557
  -97100.0     0.511
  -97000.0     0.494
  -96900.0     0.494
  -96800.0     0.465
  -96700.0     0.436
  -96600.0     0.472
  -96500.0     0.476
  -96400.0     0.436
  -96300.0     0.414
  -96200.0     0.375
  -96100.0     0.434
  -96000.0     0.460
  -95900.0     0.405
  -95800.0     0.404
  -95700.0     0.418
  -95600.0     0.438
  -95500.0     0.436
  -95400.0     0.411
  -95300.0     0.377
  -95200.0     0.545
  -95100.0     0.497
  -95000.0     0.432
  -94900.0     0.417
  -94800.0     0.440
  -94700.0     0.487
  -94600.0     0.463
  -94500.0     0.379
  -94400.0     0.433
  -94300.0     0.534
  -94200.0     0.553
  -94100.0     0.436
  -94000.0     0.361
  -93900.0     0.359
  -93800.0     0.415
  -93700.0     0.501
  -93600.0     0.611
  -93500.0     0.495
  -93400.0     0.512
  -93300.0     0.489
  -93200.0     0.557
  -93100.0     0.498
  -93000.0     0.440
  -92900.0     0.485
  -92800.0     0.415
  -92700.0     0.474
  -92600.0     0.583
  -92500.0     0.533
  -92400.0     0.452
  -92300.0     0.460
  -92200.0     0.510
  -92100.0     0.557
  -92000.0     0.506
  -91900.0     0.528
  -91800.0     0.473
  -91700.0     0.441
  -91600.0     0.433
  -91500.0     0.375
  -91400.0     0.540
  -91300.0     0.644
  -91200.0     0.578
  -91100.0     0.565
  -91000.0     0.547
  -90900.0     0.523
  -90800.0     0.532
  -90700.0     0.504
  -90600.0     0.565
  -90500.0     0.636
  -90400.0     0.619
  -90300.0     0.583
  -90200.0     0.662
  -90100.0     0.707
  -90000.0     0.533
  -89900.0     0.553
  -89800.0     0.593
  -89700.0     0.594
  -89600.0     0.559
  -89500.0     0.521
  -89400.0     0.619
  -89300.0     0.586
  -89200.0     0.530
  -89100.0     0.464
  -89000.0     0.447
  -88900.0     0.490
  -88800.0     0.539
  -88700.0     0.554
  -88600.0     0.551
  -88500.0     0.557
  -88400.0     0.558
  -88300.0     0.558
  -88200.0     0.561
  -88100.0     0.508
  -88000.0     0.484
  -87900.0     0.458
  -87800.0     0.454
  -87700.0     0.499
  -87600.0     0.420
  -87500.0     0.526
  -87400.0     0.438
  -87300.0     0.396
  -87200.0     0.481
  -87100.0     0.488
  -87000.0     0.458
  -86900.0     0.448
  -86800.0     0.476
  -86700.0     0.441
  -86600.0     0.520
  -86500.0     0.430
  -86400.0     0.406
  -86300.0     0.408
  -86200.0     0.388
  -86100.0     0.368
  -86000.0     0.371
  -85900.0     0.388
  -85800.0     0.377
  -85700.0     0.346
  -85600.0     0.286
  -85500.0     0.265
  -85400.0     0.287
  -85300.0     0.350
  -85200.0     0.333
  -85100.0     0.271
  -85000.0     0.305
  -84900.0     0.362
  -84800.0     0.383
  -84700.0     0.330
  -84600.0     0.210
  -84500.0     0.313
  -84400.0     0.438
  -84300.0     0.428
  -84200.0     0.424
  -84100.0     0.464
  -84000.0     0.505
  -83900.0     0.408
  -83800.0     0.347
  -83700.0     0.380
  -83600.0     0.471
  -83500.0     0.366
  -83400.0     0.404
  -83300.0     0.433
  -83200.0     0.429
  -83100.0     0.340
  -83000.0     0.323
  -82900.0     0.278
  -82800.0     0.406
  -82700.0     0.485
  -82600.0     0.509
  -82500.0     0.471
  -82400.0     0.522
  -82300.0     0.446
  -82200.0     0.276
  -82100.0     0.380
  -82000.0     0.384
  -81900.0     0.415
  -81800.0     0.409
  -81700.0     0.414
  -81600.0     0.417
  -81500.0     0.372
  -81400.0     0.480
  -81300.0     0.410
  -81200.0     0.390
  -81100.0     0.565
  -81000.0     0.528
  -80900.0     0.495
  -80800.0     0.516
  -80700.0     0.510
  -80600.0     0.467
  -80500.0     0.484
  -80400.0     0.629
  -80300.0     0.685
  -80200.0     0.698
  -80100.0     0.552
  -80000.0     0.422
  -79900.0     0.587
  -79800.0     0.581
  -79700.0     0.539
  -79600.0     0.586
  -79500.0     0.610
  -79400.0     0.472
  -79300.0     0.538
  -79200.0     0.534
  -79100.0     0.522
  -79000.0     0.667
  -78900.0     0.665
  -78800.0     0.629
  -78700.0     0.657
  -78600.0     0.689
  -78500.0     0.684
  -78400.0     0.726
  -78300.0     0.444
  -78200.0     0.662
  -78100.0     0.790
  -78000.0     0.711
  -77900.0     0.716
  -77800.0     0.658
  -77700.0     0.628
  -77600.0     0.638
  -77500.0     0.742
  -77400.0     0.770
  -77300.0     0.709
  -77200.0     0.661
  -77100.0     0.594
  -77000.0     0.600
  -76900.0     0.587
  -76800.0     0.518
  -76700.0     0.537
  -76600.0     0.571
  -76500.0     0.558
  -76400.0     0.534
  -76300.0     0.438
  -76200.0     0.535
  -76100.0     0.538
  -76000.0     0.553
  -75900.0     0.555
  -75800.0     0.468
  -75700.0     0.495
  -75600.0     0.523
  -75500.0     0.583
  -75400.0     0.585
  -75300.0     0.560
  -75200.0     0.610
  -75100.0     0.604
  -75000.0     0.608
  -74900.0     0.621
  -74800.0     0.635
  -74700.0     0.694
  -74600.0     0.725
  -74500.0     0.527
  -74400.0     0.619
  -74300.0     0.649
  -74200.0     0.739
  -74100.0     0.755
  -74000.0     0.699
  -73900.0     0.739
  -73800.0     0.778
  -73700.0     0.716
  -73600.0     0.676
  -73500.0     0.807
  -73400.0     0.834
  -73300.0     0.729
  -73200.0     0.693
  -73100.0     0.660
  -73000.0     0.628
  -72900.0     0.586
  -72800.0     0.699
  -72700.0     0.705
  -72600.0     0.742
  -72500.0     0.719
  -72400.0     0.684
  -72300.0     0.631
  -72200.0     0.633
  -72100.0     0.598
  -72000.0     0.598
  -71900.0     0.669
  -71800.0     0.559
  -71700.0     0.542
  -71600.0     0.587
  -71500.0     0.502
  -71400.0     0.577
  -71300.0     0.630
  -71200.0     0.654
  -71100.0     0.628
  -71000.0     0.622
  -70900.0     0.618
  -70800.0     0.618
  -70700.0     0.621
  -70600.0     0.619
  -70500.0     0.731
  -70400.0     0.795
  -70300.0     0.763
  -70200.0     0.801
  -70100.0     0.861
  -70000.0     0.828
  -69900.0     0.756
  -69800.0     0.714
  -69700.0     0.756
  -69600.0     0.800
  -69500.0     0.821
  -69400.0     0.751
  -69300.0     0.706
  -69200.0     0.605
  -69100.0     0.656
  -69000.0     0.638
  -68900.0     0.697
  -68800.0     0.842
  -68700.0     0.894
  -68600.0     0.867
  -68500.0     0.865
  -68400.0     0.808
  -68300.0     0.861
  -68200.0     0.896
  -68100.0     0.832
  -68000.0     0.838
  -67900.0     0.871
  -67800.0     0.887
  -67700.0     0.877
  -67600.0     0.844
  -67500.0     0.851
  -67400.0     0.830
  -67300.0     0.829
  -67200.0     0.823
  -67100.0     0.790
  -67000.0     0.809
  -66900.0     0.844
  -66800.0     0.823
  -66700.0     0.850
  -66600.0     0.836
  -66500.0     0.761
  -66400.0     0.760
  -66300.0     0.834
  -66200.0     0.898
  -66100.0     0.912
  -66000.0     0.854
  -65900.0     0.807
  -65800.0     0.926
  -65700.0     0.938
  -65600.0     0.854
  -65500.0     0.829
  -65400.0     0.793
  -65300.0     0.833
  -65200.0     0.868
  -65100.0     0.869
  -65000.0     0.892
  -64900.0     0.866
  -64800.0     0.871
  -64700.0     0.819
  -64600.0     0.814
  -64500.0     0.862
  -64400.0     0.804
  -64300.0     0.833
  -64200.0     0.831
  -64100.0     0.777
  -64000.0     0.748
  -63900.0     0.741
  -63800.0     0.751
  -63700.0     0.704
  -63600.0     0.727
  -63500.0     0.741
  -63400.0     0.678
  -63300.0     0.733
  -63200.0     0.806
  -63100.0     0.822
  -63000.0     0.820
  -62900.0     0.820
  -62800.0     0.822
  -62700.0     0.834
  -62600.0     0.873
  -62500.0     0.884
  -62400.0     0.834
  -62300.0     0.843
  -62200.0     0.805
  -62100.0     0.768
  -62000.0     0.776
  -61900.0     0.745
  -61800.0     0.708
  -61700.0     0.735
  -61600.0     0.790
  -61500.0     0.766
  -61400.0     0.750
  -61300.0     0.744
  -61200.0     0.718
  -61100.0     0.751
  -61000.0     0.794
  -60900.0     0.816
  -60800.0     0.736
  -60700.0     0.718
  -60600.0     0.712
  -60500.0     0.683
  -60400.0     0.697
  -60300.0     0.691
  -60200.0     0.668
  -60100.0     0.670
  -60000.0     0.716
  -59900.0     0.693
  -59800.0     0.614
  -59700.0     0.604
  -59600.0     0.603
  -59500.0     0.645
  -59400.0     0.654
  -59300.0     0.633
  -59200.0     0.676
  -59100.0     0.702
  -59000.0     0.656
  -58900.0     0.639
  -58800.0     0.658
  -58700.0     0.647
  -58600.0     0.621
  -58500.0     0.564
  -58400.0     0.501
  -58300.0     0.457
  -58200.0     0.547
  -58100.0     0.520
  -58000.0     0.501
  -57900.0     0.542
  -57800.0     0.530
  -57700.0     0.641
  -57600.0     0.541
  -57500.0     0.534
  -57400.0     0.489
  -57300.0     0.430
  -57200.0     0.521
  -57100.0     0.476
  -57000.0     0.406
  -56900.0     0.426
  -56800.0     0.529
  -56700.0     0.484
  -56600.0     0.498
  -56500.0     0.568
  -56400.0     0.520
  -56300.0     0.560
  -56200.0     0.520
  -56100.0     0.534
  -56000.0     0.553
  -55900.0     0.533
  -55800.0     0.623
  -55700.0     0.607
  -55600.0     0.589
  -55500.0     0.573
  -55400.0     0.616
  -55300.0     0.584
  -55200.0     0.624
  -55100.0     0.681
  -55000.0     0.720
  -54900.0     0.705
  -54800.0     0.686
  -54700.0     0.689
  -54600.0     0.695
  -54500.0     0.738
  -54400.0     0.694
  -54300.0     0.751
  -54200.0     0.771
  -54100.0     0.711
  -54000.0     0.679
  -53900.0     0.702
  -53800.0     0.657
  -53700.0     0.711
  -53600.0     0.727
  -53500.0     0.716
  -53400.0     0.631
  -53300.0     0.605
  -53200.0     0.687
  -53100.0     0.775
  -53000.0     0.783
  -52900.0     0.724
  -52800.0     0.654
  -52700.0     0.726
  -52600.0     0.684
  -52500.0     0.666
  -52400.0     0.578
  -52300.0     0.583
  -52200.0     0.637
  -52100.0     0.631
  -52000.0     0.599
  -51900.0     0.647
  -51800.0     0.615
  -51700.0     0.612
  -51600.0     0.723
  -51500.0     0.702
  -51400.0     0.621
  -51300.0     0.582
  -51200.0     0.429
  -51100.0     0.508
  -51000.0     0.631
  -50900.0     0.651
  -50800.0     0.649
  -50700.0     0.570
  -50600.0     0.613
  -50500.0     0.611
  -50400.0     0.607
  -50300.0     0.586
  -50200.0     0.624
  -50100.0     0.568
  -50000.0     0.558
  -49900.0     0.614
  -49800.0     0.594
  -49700.0     0.608
  -49600.0     0.662
  -49500.0     0.651
  -49400.0     0.629
  -49300.0     0.594
  -49200.0     0.641
  -49100.0     0.627
  -49000.0     0.650
  -48900.0     0.695
  -48800.0     0.707
  -48700.0     0.694
  -48600.0     0.672
  -48500.0     0.627
  -48400.0     0.657
  -48300.0     0.657
  -48200.0     0.718
  -48100.0     0.715
  -48000.0     0.729
  -47900.0     0.745
  -47800.0     0.687
  -47700.0     0.707
  -47600.0     0.765
  -47500.0     0.719
  -47400.0     0.735
  -47300.0     0.678
  -47200.0     0.650
  -47100.0     0.705
  -47000.0     0.749
  -46900.0     0.741
  -46800.0     0.707
  -46700.0     0.759
  -46600.0     0.746
  -46500.0     0.756
  -46400.0     0.811
  -46300.0     0.819
  -46200.0     0.806
  -46100.0     0.806
  -46000.0     0.762
  -45900.0     0.768
  -45800.0     0.725
  -45700.0     0.775
  -45600.0     0.866
  -45500.0     0.835
  -45400.0     0.868
  -45300.0     0.884
  -45200.0     0.779
  -45100.0     0.727
  -45000.0     0.730
  -44900.0     0.759
  -44800.0     0.812
  -44700.0     0.697
  -44600.0     0.707
  -44500.0     0.820
  -44400.0     0.777
  -44300.0     0.755
  -44200.0     0.794
  -44100.0     0.753
  -44000.0     0.737
  -43900.0     0.763
  -43800.0     0.715
  -43700.0     0.722
  -43600.0     0.704
  -43500.0     0.571
  -43400.0     0.690
  -43300.0     0.655
  -43200.0     0.596
  -43100.0     0.623
  -43000.0     0.647
  -42900.0     0.641
  -42800.0     0.664
  -42700.0     0.637
  -42600.0     0.593
  -42500.0     0.594
  -42400.0     0.614
  -42300.0     0.581
  -42200.0     0.507
  -42100.0     0.607
  -42000.0     0.574
  -41900.0     0.507
  -41800.0     0.556
  -41700.0     0.491
  -41600.0     0.571
  -41500.0     0.563
  -41400.0     0.551
  -41300.0     0.558
  -41200.0     0.632
  -41100.0     0.723
  -41000.0     0.667
  -40900.0     0.616
  -40800.0     0.702
  -40700.0     0.727
  -40600.0     0.719
  -40500.0     0.752
  -40400.0     0.721
  -40300.0     0.692
  -40200.0     0.787
  -40100.0     0.770
  -40000.0     0.762
  -39900.0     0.696
  -39800.0     0.599
  -39700.0     0.663
  -39600.0     0.669
  -39500.0     0.681
  -39400.0     0.680
  -39300.0     0.659
  -39200.0     0.645
  -39100.0     0.682
  -39000.0     0.721
  -38900.0     0.722
  -38800.0     0.730
  -38700.0     0.735
  -38600.0     0.765
  -38500.0     0.787
  -38400.0     0.779
  -38300.0     0.763
  -38200.0     0.742
  -38100.0     0.722
  -38000.0     0.692
  -37900.0     0.700
  -37800.0     0.720
  -37700.0     0.747
  -37600.0     0.662
  -37500.0     0.715
  -37400.0     0.786
  -37300.0     0.758
  -37200.0     0.754
  -37100.0     0.745
  -37000.0     0.726
  -36900.0     0.687
  -36800.0     0.673
  -36700.0     0.759
  -36600.0     0.730
  -36500.0     0.799
  -36400.0     0.835
  -36300.0     0.777
  -36200.0     0.749
  -36100.0     0.703
  -36000.0     0.675
  -35900.0     0.623
  -35800.0     0.620
  -35700.0     0.591
  -35600.0     0.617
  -35500.0     0.591
  -35400.0     0.572
  -35300.0     0.613
  -35200.0     0.643
  -35100.0     0.650
  -35000.0     0.578
  -34900.0     0.527
  -34800.0     0.577
  -34700.0     0.635
  -34600.0     0.670
  -34500.0     0.653
  -34400.0     0.697
  -34300.0     0.688
  -34200.0     0.740
  -34100.0     0.738
  -34000.0     0.742
  -33900.0     0.805
  -33800.0     0.785
  -33700.0     0.779
  -33600.0     0.808
  -33500.0     0.824
  -33400.0     0.779
  -33300.0     0.798
  -33200.0     0.831
  -33100.0     0.831
  -33000.0     0.812
  -32900.0     0.805
  -32800.0     0.823
  -32700.0     0.729
  -32600.0     0.732
  -32500.0     0.800
  -32400.0     0.791
  -32300.0     0.722
  -32200.0     0.799
  -32100.0     0.756
  -32000.0     0.737
  -31900.0     0.738
  -31800.0     0.785
  -31700.0     0.829
  -31600.0     0.889
  -31500.0     0.886
  -31400.0     0.852
  -31300.0     0.835
  -31200.0     0.863
  -31100.0     0.879
  -31000.0     0.872
  -30900.0     0.848
  -30800.0     0.800
  -30700.0     0.810
  -30600.0     0.824
  -30500.0     0.840
  -30400.0     0.853
  -30300.0     0.842
  -30200.0     0.766
  -30100.0     0.799
  -30000.0     0.892
  -29900.0     0.913
  -29800.0     0.936
  -29700.0     0.914
  -29600.0     0.913
  -29500.0     0.911
  -29400.0     0.872
  -29300.0     0.840
  -29200.0     0.804
  -29100.0     0.768
  -29000.0     0.731
  -28900.0     0.744
  -28800.0     0.795
  -28700.0     0.840
  -28600.0     0.885
  -28500.0     0.931
  -28400.0     0.956
  -28300.0     0.856
  -28200.0     0.823
  -28100.0     0.858
  -28000.0     0.882
  -27900.0     0.905
  -27800.0     0.936
  -27700.0     0.938
  -27600.0     0.875
  -27500.0     0.870
  -27400.0     0.933
  -27300.0     0.962
  -27200.0     0.985
  -27100.0     0.983
  -27000.0     0.927
  -26900.0     0.841
  -26800.0     0.832
  -26700.0     0.877
  -26600.0     0.884
  -26500.0     0.877
  -26400.0     0.845
  -26300.0     0.806
  -26200.0     0.779
  -26100.0     0.816
  -26000.0     0.811
  -25900.0     0.796
  -25800.0     0.771
  -25700.0     0.768
  -25600.0     0.852
  -25500.0     0.899
  -25400.0     0.884
  -25300.0     0.840
  -25200.0     0.853
  -25100.0     0.874
  -25000.0     0.879
  -24900.0     0.786
  -24800.0     0.781
  -24700.0     0.819
  -24600.0     0.817
  -24500.0     0.856
  -24400.0     1.000
  -24300.0     0.984
  -24200.0     0.867
  -24100.0     0.878
  -24000.0     0.906
  -23900.0     0.930
  -23800.0     0.943
  -23700.0     0.945
  -23600.0     0.910
  -23500.0     0.847
  -23400.0     0.945
  -23300.0     0.984
  -23200.0     0.966
  -23100.0     0.950
  -23000.0     0.883
  -22900.0     0.863
  -22800.0     0.939
  -22700.0     0.927
  -22600.0     0.921
  -22500.0     0.909
  -22400.0     0.913
  -22300.0     0.957
  -22200.0     0.964
  -22100.0     0.915
  -22000.0     0.886
  -21900.0     0.897
  -21800.0     0.911
  -21700.0     0.848
  -21600.0     0.804
  -21500.0     0.860
  -21400.0     0.882
  -21300.0     0.865
  -21200.0     0.864
  -21100.0     0.868
  -21000.0     0.888
  -20900.0     0.877
  -20800.0     0.859
  -20700.0     0.868
  -20600.0     0.878
  -20500.0     0.878
  -20400.0     0.887
  -20300.0     0.866
  -20200.0     0.821
  -20100.0     0.855
  -20000.0     0.839
  -19900.0     0.922
  -19800.0     0.932
  -19700.0     0.951
  -19600.0     0.919
  -19500.0     0.876
  -19400.0     0.825
  -19300.0     0.845
  -19200.0     0.877
  -19100.0     0.903
  -19000.0     0.866
  -18900.0     0.817
  -18800.0     0.909
  -18700.0     0.953
  -18600.0     0.921
  -18500.0     0.913
  -18400.0     0.849
  -18300.0     0.857
  -18200.0     0.892
  -18100.0     0.941
  -18000.0     0.871
  -17900.0     0.840
  -17800.0     0.853
  -17700.0     0.856
  -17600.0     0.842
  -17500.0     0.873
  -17400.0     0.899
  -17300.0     0.814
  -17200.0     0.824
  -17100.0     0.848
  -17000.0     0.918
  -16900.0     0.918
  -16800.0     0.811
  -16700.0     0.774
  -16600.0     0.745
  -16500.0     0.736
  -16400.0     0.753
  -16300.0     0.745
  -16200.0     0.692
  -16100.0     0.647
  -16000.0     0.645
  -15900.0     0.661
  -15800.0     0.569
  -15700.0     0.608
  -15600.0     0.600
  -15500.0     0.623
  -15400.0     0.534
  -15300.0     0.525
  -15200.0     0.569
  -15100.0     0.582
  -15000.0     0.488
  -14900.0     0.512
  -14800.0     0.468
  -14700.0     0.426
  -14600.0     0.472
  -14500.0     0.397
  -14400.0     0.450
  -14300.0     0.400
  -14200.0     0.354
  -14100.0     0.307
  -14000.0     0.258
  -13900.0     0.240
  -13800.0     0.222
  -13700.0     0.335
  -13600.0     0.390
  -13500.0     0.466
  -13400.0     0.384
  -13300.0     0.345
  -13200.0     0.398
  -13100.0     0.413
  -13000.0     0.403
  -12900.0     0.377
  -12800.0     0.359
  -12700.0     0.423
  -12600.0     0.472
  -12500.0     0.405
  -12400.0     0.422
  -12300.0     0.455
  -12200.0     0.314
  -12100.0     0.332
  -12000.0     0.267
  -11900.0     0.297
  -11800.0     0.255
  -11700.0     0.204
  -11600.0     0.173
  -11500.0     0.148
  -11400.0     0.102
  -11300.0     0.044
  -11200.0    -0.072
  -11100.0    -0.010
  -11000.0     0.026
  -10900.0     0.026
  -10800.0     0.039
  -10700.0     0.090
  -10600.0     0.095
  -10500.0     0.087
  -10400.0     0.056
  -10300.0     0.116
  -10200.0    -0.061
  -10100.0     0.070
  -10000.0     0.055
   -9900.0     0.032
   -9800.0     0.092
   -9700.0     0.074
   -9600.0    -0.060
   -9500.0     0.016
   -9400.0     0.091
   -9300.0    -0.001
   -9200.0     0.019
   -9100.0     0.064
   -9000.0     0.061
   -8900.0     0.052
   -8800.0     0.073
   -8700.0    -0.008
   -8600.0     0.077
   -8500.0     0.067
   -8400.0     0.020
   -8300.0     0.073
   -8200.0     0.032
   -8100.0    -0.080
   -8000.0     0.060
   -7900.0     0.099
   -7800.0     0.063
   -7700.0     0.008
   -7600.0     0.000
   -7500.0     0.006
   -7400.0     0.079
   -7300.0     0.020
   -7200.0    -0.004
   -7100.0     0.107
   -7000.0     0.090
   -6900.0     0.091
   -6800.0     0.121
   -6700.0    -0.003
   -6600.0     0.034
   -6500.0     0.034
   -6400.0     0.174
   -6300.0    -0.016
   -6200.0     0.032
   -6100.0    -0.035
   -6000.0     0.079
   -5900.0    -0.049
   -5800.0     0.029
   -5700.0     0.012
   -5600.0    -0.008
   -5500.0    -0.014
   -5400.0    -0.057
   -5300.0    -0.014
   -5200.0     0.037
   -5100.0    -0.032
   -5000.0     0.062
   -4900.0     0.120
   -4800.0    -0.035
   -4700.0     0.099
   -4600.0    -0.016
   -4500.0    -0.124
   -4400.0    -0.123
   -4300.0    -0.071
   -4200.0     0.110
   -4100.0     0.097
   -4000.0     0.080
   -3900.0     0.010
   -3800.0     0.071
   -3700.0    -0.053
   -3600.0    -0.026
   -3500.0     0.072
   -3400.0    -0.003
   -3300.0     0.060
   -3200.0    -0.017
   -3100.0     0.051
   -3000.0     0.127
   -2900.0     0.076
   -2800.0     0.089
   -2700.0     0.086
   -2600.0     0.120
   -2500.0    -0.031
   -2400.0     0.105
   -2300.0    -0.095
   -2200.0     0.093
   -2100.0     0.060
   -2000.0     0.050
   -1900.0     0.042
   -1800.0     0.137
   -1700.0     0.093
   -1600.0     0.129
   -1500.0     0.056
   -1400.0     0.015
   -1300.0     0.132
   -1200.0     0.049
   -1100.0     0.069
   -1000.0     0.081
    -900.0     0.040
    -800.0     0.003
    -700.0     0.149
    -600.0     0.076
    -500.0     0.130
    -400.0    -0.142
    -300.0     0.030
    -200.0     0.017
    -100.0     0.003
       0.0     0.000
